********************************************************************************
Obsolete PIO Core v6.1.11 is used (previous was 6.1.14)
Please remove multiple PIO Cores from a system:
https://docs.platformio.org/en/latest/core/installation/troubleshooting.html
********************************************************************************
--- Terminal on /dev/cu.usbmodem14303 | 230400 8-N-1
--- Available filters and text transformations: colorize, debug, default, direct, hexlify, log2file, nocontrol, printable, send_on_enter, time
--- More details at https://bit.ly/pio-monitor-filters
--- Quit: Ctrl+C | Menu: Ctrl+T | Help: Ctrl+T followed by Ctrl+H
start
pain
Waiting for ODrive...
pin
found ODrive
DC voltage: 24.00
Enabling closed loop control...
ODrive running!
end time:5000000
0, 32, -1703936, 131071, 250.62, 11.38, 14.78, 7.36, 100.00
0, 9786, 1796, 101, 250.75, 11.38, 14.78, 8.90, 99.81
0, 15663, 3878, 300, 251.19, 11.38, 15.01, 10.61, 99.52
0, 21361, 5977, 501, 251.19, 11.38, 5.60, 10.61, 99.10
0, 27236, 8162, 722, 251.62, 9.69, 5.60, 11.65, 98.54
0, 36075, 11390, 1016, 268.12, 6.31, 3.01, 11.08, 97.44
0, 45723, 14575, 1376, 289.00, 3.12, 13.33, 6.82, 95.90
0, 54710, 17747, 1699, 309.00, 3.12, 19.90, 12.38, 94.15
0, 62596, 20658, 1996, 309.00, 0.00, 15.15, 12.38, 92.36
0, 68286, 22760, 2206, 328.25, -3.25, 15.15, 9.53, 90.94
0, 74170, 24900, 2413, 346.94, -3.25, 15.93, 9.53, 89.34
0, 80697, 27291, 2651, 346.94, -6.69, 14.53, 10.61, 87.42
0, 89909, 30618, 2977, 364.87, -9.81, 11.94, 10.34, 84.46
0, 99562, 33920, 3315, 382.50, -13.06, 9.25, 10.72, 81.06
0, 109698, 37421, 3634, 400.06, -16.25, 9.25, 9.84, 77.17
0, 115639, 39356, 3821, 417.75, -16.25, 5.33, 9.21, 74.74
0, 121466, 41118, 3984, 417.75, -19.37, 3.75, 9.21, 72.26
0, 127386, 42824, 4157, 435.94, -22.12, 3.75, 8.40, 69.64
0, 135915, 45251, 4402, 454.56, -24.75, 5.28, 8.88, 65.70
0, 144781, 47728, 4631, 474.06, -24.75, 8.47, 9.23, 61.40
0, 153780, 49743, 4864, 494.19, -27.37, 11.01, 9.26, 56.84
0, 162121, 51292, 5026, 494.19, -29.94, 13.32, 9.26, 52.45
0, 168002, 52342, 5126, 515.00, -29.94, 13.32, 11.35, 49.27
0, 173704, 53261, 5213, 515.00, -32.38, 12.84, 11.35, 46.12
0, 179819, 54162, 5319, 536.06, -34.13, 11.80, 10.12, 42.68
0, 189400, 55526, 5462, 554.81, -35.63, 11.18, 8.82, 37.16
0, 198849, 56803, 5583, 571.62, -37.19, 10.53, 9.99, 31.59
0, 207621, 57811, 5677, 586.12, -38.50, 10.53, 10.08, 26.31
0, 214394, 58412, 5739, 599.75, -38.50, 10.55, 10.08, 22.19
0, 220097, 58763, 5773, 599.75, -39.56, 10.55, 9.61, 18.68
0, 226035, 58991, 5795, 612.25, -39.56, 10.11, 9.79, 15.00
0, 232789, 59112, 5807, 612.25, -40.44, 9.81, 9.86, 10.79
0, 242296, 59122, 5813, 622.06, -41.06, 9.31, 9.49, 4.84
0, 252008, 59079, 5831, 628.19, -41.31, 9.41, 9.49, -1.26
0, 260765, 59007, 5858, 630.69, -41.38, 9.41, 9.37, -6.76
0, 266473, 58931, 5872, 631.00, -41.38, 9.52, 9.37, -10.33
0, 272174, 58810, 5875, 631.00, -41.56, 9.06, 9.42, -13.89
0, 278128, 58651, 5877, 630.62, -41.81, 9.06, 9.85, -17.58
0, 286692, 58355, 5870, 629.87, -41.94, 9.22, 9.54, -22.85
0, 296074, 57927, 5826, 628.19, -41.94, 9.10, 9.44, -28.55
0, 305131, 57340, 5771, 625.56, -41.94, 9.47, 9.76, -33.95
0, 312972, 56657, 5710, 625.56, -41.69, 9.56, 9.76, -38.54
0, 318676, 56073, 5660, 621.81, -41.69, 9.56, 9.53, -41.82
0, 324383, 55401, 5598, 616.56, -41.25, 10.13, 9.53, -45.05
0, 330091, 54662, 5531, 616.56, -40.56, 10.01, 9.57, -48.23
0, 338967, 53538, 5425, 608.94, -39.75, 10.71, 9.78, -53.03
0, 347925, 52268, 5292, 598.87, -38.75, 10.68, 9.54, -57.72
0, 357600, 50416, 5129, 586.75, -37.63, 10.68, 9.97, -62.57
0, 364536, 48798, 4965, 574.19, -37.63, 12.21, 9.97, -65.91
0, 370247, 47342, 4821, 574.19, -36.25, 12.21, 9.93, -68.57
0, 376228, 45760, 4657, 558.94, -36.25, 13.27, 9.82, -71.25
0, 383558, 43895, 4478, 558.94, -34.44, 13.03, 9.82, -74.41
0, 392517, 41646, 4194, 538.94, -32.13, 9.79, 8.45, -78.05
0, 402148, 39038, 3909, 517.75, -29.81, 8.01, 9.00, -81.69
0, 410942, 36277, 3634, 496.94, -27.06, 8.01, 9.92, -84.75
0, 416649, 34551, 3513, 476.81, -27.06, 8.06, 9.92, -86.60
0, 422535, 32808, 3335, 476.81, -24.25, 6.03, 8.15, -88.39
0, 428254, 30999, 3185, 457.25, -21.50, 6.03, 11.08, -90.01
0, 437082, 27919, 2888, 438.37, -19.12, 5.66, 8.33, -92.29
0, 445914, 24673, 2567, 420.06, -19.12, 5.29, 10.43, -94.28
0, 455494, 21164, 2183, 402.12, -16.56, 11.83, 9.30, -96.12
0, 463365, 18312, 1932, 402.12, -13.38, 12.26, 9.30, -97.36
0, 469326, 16106, 1707, 384.69, -13.38, 12.26, 8.80, -98.15
0, 475037, 13986, 1515, 367.19, -9.94, 15.08, 8.80, -98.77
0, 481697, 11541, 1276, 367.19, -6.75, 16.36, 9.91, -99.34
0, 489651, 8695, 997, 349.31, -3.69, 16.47, 10.70, -99.79
0, 498588, 5482, 620, 330.87, -0.50, 13.04, 8.45, -100.00
0, 508235, 1964, 237, 311.75, 2.69, 13.04, 7.79, -99.87
0, 515242, -585, 15, 291.69, 2.69, 13.68, 7.79, -99.54
0, 520951, -2574, -160, 291.69, 6.37, 13.68, 9.98, -99.13
0, 526758, -4670, -356, 270.69, 6.37, 7.29, 8.65, -98.59
0, 533939, -7292, -599, 270.69, 9.94, 2.74, 8.65, -97.73
0, 542957, -10626, -942, 248.75, 12.75, 3.71, 8.06, -96.38
0, 552573, -14152, -1311, 226.31, 15.75, 7.11, 10.37, -94.59
0, 561642, -17456, -1634, 203.56, 19.19, 11.44, 8.77, -92.59
0, 567591, -19586, -1834, 180.87, 19.19, 11.44, 8.77, -91.12
0, 573486, -21748, -2034, 180.87, 22.56, 14.38, 9.81, -89.53
0, 579448, -23900, -2249, 158.81, 25.81, 15.57, 11.05, -87.80
0, 588123, -26943, -2562, 137.50, 28.81, 17.50, 10.86, -85.06
0, 596661, -29653, -2848, 117.12, 28.81, 17.50, 9.27, -82.12
0, 606301, -32527, -3205, 97.62, 31.94, 15.56, 8.08, -78.51
0, 614167, -34804, -3441, 78.81, 35.00, 12.72, 8.08, -75.36
0, 620072, -36449, -3588, 78.81, 38.38, 12.72, 10.35, -72.87
0, 625985, -38004, -3708, 60.44, 38.38, 10.74, 10.35, -70.27
0, 632740, -39693, -3879, 60.44, 41.31, 6.95, 10.31, -67.19
0, 642221, -41935, -4063, 42.31, 43.75, 7.43, 9.91, -62.66
0, 650084, -43692, -4207, 24.31, 45.88, 7.51, 9.50, -58.74
0, 659157, -45549, -4424, 6.06, 47.88, 7.51, 9.28, -54.03
0, 666211, -46940, -4573, -12.44, 47.88, 7.49, 9.28, -50.25
0, 671924, -48002, -4674, -12.44, 49.56, 8.14, 9.99, -47.11
0, 677956, -49004, -4780, -31.19, 49.56, 8.14, 11.45, -43.74
0, 686201, -50201, -4914, -49.06, 51.69, 8.69, 8.80, -39.02
0, 696078, -51456, -5043, -66.12, 53.38, 10.16, 9.48, -33.24
0, 706302, -52491, -5142, -81.12, 55.00, 9.60, 10.01, -27.11
0, 714468, -53083, -5195, -81.12, 56.38, 10.01, 10.01, -22.14
0, 720268, -53330, -5218, -93.94, 56.38, 10.01, 10.18, -18.57
0, 726176, -53458, -5231, -104.94, 57.38, 11.07, 10.18, -14.91
0, 732926, -53470, -5235, -104.94, 58.06, 11.27, 9.73, -10.71
0, 741102, -53453, -5236, -113.25, 58.50, 10.74, 9.78, -5.59
0, 749272, -53431, -5238, -118.12, 58.63, 9.76, 9.67, -0.46
0, 758977, -53385, -5242, -119.50, 58.63, 9.76, 9.72, 5.64
0, 766500, -53316, -5247, -119.31, 58.63, 9.63, 9.72, 10.35
0, 772221, -53215, -5255, -119.31, 58.69, 9.23, 9.74, 13.92
0, 778163, -53025, -5275, -119.00, 58.69, 9.23, 9.61, 17.60
0, 786395, -52778, -5270, -118.50, 58.75, 9.81, 9.29, 22.67
0, 796319, -52392, -5235, -117.19, 58.88, 9.13, 10.63, 28.69
0, 806392, -51732, -5179, -114.37, 59.13, 9.68, 10.63, 34.70
0, 814779, -50967, -5106, -111.31, 59.00, 10.47, 10.14, 39.59
0, 820490, -50331, -5046, -111.31, 59.00, 10.47, 10.10, 42.86
0, 826574, -49564, -4972, -106.62, 58.63, 10.37, 10.10, 46.28
0, 833328, -48649, -4889, -106.62, 58.06, 10.50, 9.90, 50.00
0, 841015, -47495, -4781, -99.25, 57.19, 9.59, 9.98, 54.12
0, 849115, -46018, -4646, -89.37, 56.13, 9.69, 9.44, 58.33
0, 858259, -44092, -4461, -77.44, 56.13, 9.69, 10.41, 62.90
0, 866423, -42307, -4271, -64.06, 54.88, 9.18, 10.41, 66.80
0, 872126, -40965, -4135, -64.06, 53.38, 7.25, 10.17, 69.42
0, 878277, -39408, -3973, -47.69, 53.38, 7.25, 8.99, 72.15
0, 886457, -37141, -3757, -29.31, 51.63, 7.44, 9.66, 75.61
0, 895275, -34696, -3541, -10.63, 49.50, 6.08, 9.66, 79.12
0, 904151, -32307, -3312, -10.63, 47.19, 8.22, 10.24, 82.41
0, 911794, -30150, -3098, 7.75, 44.81, 10.89, 8.36, 85.03
0, 918633, -28007, -2890, 25.81, 44.81, 10.89, 8.36, 87.21
0, 924516, -25997, -2695, 25.81, 42.50, 10.41, 10.66, 88.96
0, 930398, -24033, -2482, 43.94, 40.06, 13.47, 9.86, 90.59
0, 938194, -21490, -2189, 62.19, 40.06, 16.20, 10.67, 92.55
0, 946982, -18280, -1848, 80.50, 37.31, 16.20, 8.40, 94.50
0, 956685, -14758, -1502, 99.25, 34.25, 15.15, 8.40, 96.32
0, 965035, -11742, -1219, 99.25, 30.87, 16.90, 8.09, 97.60
0, 970741, -9662, -1026, 118.75, 30.87, 16.90, 10.86, 98.31
0, 976960, -7438, -811, 139.12, 27.31, 13.30, 10.86, 98.95
0, 984384, -4711, -523, 139.12, 24.19, 9.94, 10.60, 99.52
0, 991447, -2100, -258, 160.37, 21.25, 6.54, 8.50, 99.86
0, 999068, 692, -10, 182.37, 18.19, 2.89, 9.84, 100.00
0, 1008263, 4022, 311, 205.00, 18.19, 2.89, 8.79, 99.87
0, 1016348, 6991, 611, 227.75, 14.81, 4.10, 8.79, 99.47
0, 1022053, 9102, 822, 227.75, 11.81, 6.62, 8.34, 99.04
0, 1028014, 11209, 992, 250.12, 11.81, 6.62, 9.57, 98.45
0, 1035881, 14029, 1308, 271.94, 8.56, 12.92, 9.57, 97.47
0, 1044667, 17219, 1632, 292.94, 5.19, 14.96, 8.17, 96.09
0, 1051808, 19853, 1917, 292.94, 2.12, 17.97, 8.62, 94.75
0, 1059194, 22534, 2176, 312.94, 2.12, 16.95, 9.37, 93.16
0, 1067153, 25451, 2463, 332.12, -1.31, 16.95, 9.37, 91.23
0, 1072872, 27534, 2687, 332.12, -4.81, 17.75, 10.69, 89.70
0, 1078932, 29725, 2885, 350.50, -4.81, 13.51, 9.94, 87.95
0, 1087186, 32745, 3200, 368.37, -8.06, 13.51, 10.39, 85.37
0, 1096076, 36018, 3513, 386.00, -11.38, 10.03, 10.39, 82.33
0, 1104789, 39162, 3800, 403.56, -14.56, 5.16, 8.05, 79.10
0, 1111857, 41563, 4029, 403.56, -17.62, 2.30, 10.34, 76.30
0, 1118847, 43851, 4258, 421.25, -17.62, 2.30, 10.34, 73.39
0, 1124558, 45673, 4444, 421.25, -20.56, 3.15, 9.65, 70.91
0, 1130491, 47502, 4609, 439.31, -23.50, 10.07, 8.74, 68.23
0, 1138273, 49573, 4852, 458.12, -23.50, 12.09, 9.45, 64.57
0, 1147293, 51590, 5055, 477.69, -26.37, 12.09, 10.98, 60.15
0, 1156583, 53575, 5247, 498.06, -29.06, 14.22, 10.98, 55.38
0, 1164297, 55223, 5434, 498.06, -31.12, 12.47, 9.84, 51.28
0, 1170222, 56510, 5557, 518.94, -31.12, 12.47, 9.84, 48.05
0, 1176120, 57757, 5671, 540.06, -33.06, 11.43, 8.64, 44.77
0, 1182890, 59036, 5800, 540.06, -35.13, 11.93, 9.77, 40.93
0, 1189894, 60185, 5913, 560.69, -36.94, 11.34, 10.28, 36.87
0, 1198515, 61352, 6034, 581.62, -36.94, 10.17, 9.54, 31.79
0, 1207683, 62341, 6128, 601.19, -38.50, 10.17, 9.54, 26.28
0, 1215556, 63024, 6204, 617.25, -39.81, 9.37, 9.38, 21.47
0, 1221266, 63394, 6249, 617.25, -39.81, 9.37, 9.82, 17.96
0, 1227160, 63645, 6277, 629.81, -40.81, 8.82, 9.82, 14.30
0, 1234089, 63756, 6290, 629.81, -41.63, 8.44, 10.14, 9.98
0, 1241068, 63727, 6309, 639.37, -42.13, 7.83, 9.53, 5.61
0, 1249019, 63692, 6322, 646.37, -42.13, 8.93, 9.65, 0.62
0, 1258408, 63650, 6323, 650.06, -42.25, 8.93, 9.65, -5.28
0, 1266806, 63576, 6324, 650.44, -42.44, 8.93, 9.62, -10.54
0, 1272516, 63490, 6325, 650.44, -42.44, 9.26, 9.42, -14.10
0, 1279285, 63313, 6326, 650.06, -42.44, 8.95, 9.37, -18.30
0, 1288528, 63051, 6338, 649.62, -42.44, 8.79, 9.54, -23.97
0, 1297714, 62620, 6326, 648.69, -42.44, 8.79, 9.51, -29.53
0, 1306998, 61907, 6261, 646.56, -42.56, 8.66, 9.51, -35.05
0, 1314794, 61036, 6168, 643.81, -42.44, 8.83, 10.20, -39.60
0, 1320743, 60254, 6081, 643.81, -42.44, 8.83, 10.20, -43.00
0, 1326868, 59390, 5995, 639.00, -41.81, 8.56, 10.15, -46.44
0, 1333626, 58352, 5882, 639.00, -40.69, 9.61, 9.07, -50.16
0, 1340660, 57098, 5756, 630.94, -39.38, 10.17, 9.46, -53.93
0, 1348935, 55483, 5609, 619.37, -39.38, 11.33, 9.69, -58.24
0, 1358325, 53595, 5430, 605.75, -37.88, 11.33, 9.69, -62.93
0, 1366325, 51974, 5265, 589.44, -36.31, 11.98, 9.57, -66.75
0, 1372032, 50592, 5143, 589.44, -36.31, 11.04, 9.97, -69.38
0, 1377745, 48996, 4984, 570.62, -34.69, 11.04, 9.97, -71.92
0, 1385577, 46625, 4744, 551.19, -32.81, 13.43, 9.70, -75.25
0, 1393085, 44350, 4531, 551.19, -30.56, 14.98, 9.90, -78.27
0, 1400486, 42173, 4270, 530.94, -27.75, 10.66, 9.40, -81.08
0, 1409184, 39521, 3962, 509.62, -27.75, 10.66, 9.79, -84.16
0, 1417566, 36660, 3662, 489.00, -24.87, 7.33, 9.79, -86.88
0, 1423275, 34745, 3535, 489.00, -21.56, 7.04, 9.91, -88.60
0, 1429154, 32843, 3333, 469.00, -21.56, 7.04, 9.91, -90.26
0, 1437389, 29992, 3099, 449.75, -18.44, 3.36, 7.97, -92.36
0, 1447089, 26402, 2733, 431.25, -15.81, 5.59, 7.26, -94.52
0, 1456665, 22848, 2367, 413.19, -13.06, 4.66, 10.98, -96.32
0, 1463336, 20393, 2113, 413.19, -9.75, 11.45, 9.57, -97.36
0, 1470135, 17966, 1897, 395.50, -9.75, 11.45, 9.57, -98.24
0, 1475841, 15861, 1678, 378.12, -6.37, 16.08, 9.79, -98.85
0, 1482628, 13344, 1452, 378.12, -6.37, 16.54, 8.38, -99.40
0, 1489423, 10846, 1199, 360.50, -3.25, 17.06, 9.43, -99.78
0, 1499068, 7401, 861, 342.44, -0.19, 13.28, 8.45, -100.00
0, 1508948, 3900, 445, 323.81, 3.00, 13.28, 8.45, -99.84
0, 1516967, 969, 139, 304.37, 6.12, 14.56, 8.13, -99.43
0, 1522674, -1081, -18, 304.37, 6.12, 9.23, 9.34, -98.99
0, 1528822, -3251, -232, 284.00, 9.88, 9.23, 9.34, -98.36
0, 1536889, -6217, -488, 262.69, 13.50, 2.63, 12.08, -97.33
0, 1544738, -9095, -808, 240.50, 16.37, 2.94, 7.64, -96.08
0, 1553324, -12233, -1126, 240.50, 19.37, 4.03, 9.74, -94.44
0, 1561107, -15111, -1437, 217.94, 19.37, 7.10, 11.20, -92.72
0, 1569189, -18061, -1690, 195.12, 22.81, 7.10, 11.20, -90.70
0, 1574893, -20085, -1885, 172.69, 26.25, 13.38, 8.28, -89.13
0, 1581501, -22537, -2106, 172.69, 26.25, 14.44, 9.16, -87.17
0, 1589083, -25280, -2386, 150.81, 29.44, 16.18, 9.42, -84.74
0, 1598666, -28448, -2698, 129.87, 32.44, 15.56, 9.42, -81.39
0, 1607985, -31249, -3098, 109.81, 35.56, 15.56, 9.76, -77.85
0, 1615259, -33353, -3298, 109.81, 38.56, 13.64, 7.88, -74.90
0, 1621785, -35159, -3484, 90.50, 38.56, 13.64, 7.88, -72.12
0, 1627670, -36737, -3609, 71.87, 41.88, 11.47, 11.93, -69.51
0, 1635301, -38641, -3771, 53.56, 44.75, 8.61, 10.34, -65.99
0, 1643303, -40530, -3963, 53.56, 47.19, 7.57, 8.72, -62.13
0, 1652888, -42638, -4122, 35.44, 49.19, 7.27, 10.12, -57.30
0, 1660710, -44223, -4274, 17.19, 49.19, 7.27, 9.36, -53.21
0, 1668709, -45722, -4452, -1.19, 51.19, 7.27, 9.36, -48.88
0, 1674419, -46744, -4556, -1.19, 52.75, 8.23, 9.83, -45.72
0, 1680495, -47772, -4649, -19.81, 52.75, 7.91, 11.74, -42.30
0, 1688494, -48956, -4778, -36.06, 54.75, 7.91, 11.74, -37.69
0, 1697951, -50107, -4905, -51.38, 56.38, 9.19, 8.11, -32.12
0, 1707884, -51096, -5009, -64.81, 57.81, 10.27, 10.88, -26.15
0, 1714543, -51618, -5061, -64.81, 59.06, 10.28, 9.82, -22.09
0, 1721630, -51994, -5097, -75.81, 59.06, 10.28, 9.82, -17.73
0, 1727338, -52178, -5114, -84.87, 60.00, 10.16, 10.13, -14.19
0, 1734644, -52259, -5122, -84.87, 60.63, 11.02, 9.98, -9.63
0, 1740757, -52246, -5125, -91.31, 60.63, 11.11, 10.22, -5.80
0, 1749963, -52221, -5126, -94.62, 60.94, 9.47, 9.74, -0.02
0, 1759889, -52159, -5129, -95.19, 61.06, 9.47, 9.74, 6.21
0, 1767885, -52044, -5131, -94.87, 61.13, 9.57, 9.91, 11.21
0, 1773597, -51891, -5134, -94.87, 61.13, 9.82, 9.74, 14.77
0, 1779306, -51702, -5167, -94.31, 61.19, 10.06, 9.74, 18.31
0, 1787345, -51438, -5150, -92.87, 61.25, 10.06, 8.88, 23.25
0, 1795935, -51071, -5115, -90.12, 61.44, 10.03, 11.42, 28.46
0, 1804239, -50542, -5063, -90.12, 61.50, 10.09, 9.83, 33.42
0, 1811847, -49895, -5004, -86.94, 61.50, 10.58, 10.14, 37.89
0, 1819835, -49087, -4929, -82.56, 61.19, 10.58, 10.14, 42.48
0, 1825547, -48443, -4864, -75.81, 60.63, 10.35, 9.81, 45.70
0, 1831867, -47621, -4789, -75.81, 60.63, 10.14, 10.34, 49.20
0, 1839164, -46485, -4683, -67.06, 59.88, 10.17, 10.34, 53.14
0, 1848856, -44654, -4517, -56.63, 58.88, 10.00, 9.31, 58.20
0, 1858525, -42736, -4319, -43.56, 57.75, 10.00, 10.36, 63.03
0, 1865373, -41244, -4163, -27.56, 56.31, 8.82, 9.73, 66.31
0, 1872271, -39612, -3992, -27.56, 56.31, 7.67, 9.73, 69.49
0, 1878533, -37962, -3832, -10.69, 54.56, 7.67, 9.36, 72.26
0, 1886757, -35639, -3626, 7.44, 52.50, 6.88, 9.82, 75.74
0, 1895211, -33363, -3408, 25.62, 50.25, 6.12, 10.47, 79.10
0, 1903733, -31048, -3187, 25.62, 47.94, 10.96, 8.87, 82.26
0, 1911613, -28709, -2959, 43.63, 47.94, 10.18, 9.72, 84.97
0, 1919661, -26039, -2698, 61.94, 45.69, 10.18, 9.72, 87.53
0, 1925375, -24152, -2497, 80.44, 43.25, 11.27, 10.62, 89.21
0, 1931299, -22255, -2285, 80.44, 43.25, 13.67, 10.62, 90.83
0, 1938941, -19590, -2001, 99.31, 40.50, 14.86, 10.34, 92.73
0, 1948334, -16052, -1619, 118.87, 37.50, 14.86, 8.54, 94.78
0, 1958038, -12527, -1291, 139.31, 34.13, 15.77, 10.30, 96.54
0, 1964688, -10212, -1086, 139.31, 30.56, 16.41, 11.35, 97.55
0, 1971702, -7655, -830, 160.56, 30.56, 9.76, 11.35, 98.42
0, 1977415, -5534, -614, 182.56, 27.44, 9.76, 7.90, 98.99
0, 1985197, -2662, -311, 205.12, 27.44, 7.04, 11.57, 99.57
0, 1991763, -311, -103, 205.12, 24.50, 7.37, 8.41, 99.87
0, 2000856, 2983, 217, 227.81, 21.37, 2.79, 9.22, 100.00
0, 2010240, 6451, 552, 250.25, 18.00, 2.79, 9.22, 99.79
0, 2018138, 9367, 844, 271.94, 15.00, 6.92, 9.10, 99.35
0, 2023841, 11347, 1004, 271.94, 15.00, 12.09, 9.10, 98.88
0, 2029753, 13450, 1258, 292.87, 11.75, 12.37, 10.24, 98.26
0, 2037548, 16242, 1552, 312.94, 8.38, 12.37, 11.09, 97.23
0, 2046492, 19555, 1890, 332.00, 5.25, 17.45, 8.77, 95.76
0, 2056117, 23094, 2241, 350.50, 1.94, 15.93, 9.27, 93.85
0, 2062820, 25523, 2470, 350.50, 1.94, 17.27, 10.02, 92.31
0, 2070647, 28346, 2756, 368.31, -1.62, 17.27, 10.02, 90.31
0, 2076691, 30581, 2981, 385.87, -4.81, 13.99, 8.05, 88.61
0, 2083815, 33136, 3241, 385.87, -4.81, 11.19, 11.24, 86.45
0, 2090268, 35508, 3471, 403.37, -8.13, 9.68, 11.24, 84.34
0, 2099840, 38982, 3780, 421.12, -11.31, 5.69, 9.25, 80.96
0, 2109654, 42333, 4105, 439.31, -14.56, 5.69, 8.74, 77.19
0, 2116595, 44672, 4344, 458.00, -17.62, 3.15, 10.39, 74.34
0, 2123389, 46941, 4557, 458.00, -17.62, 7.77, 10.39, 71.42
0, 2129097, 48700, 4753, 477.62, -20.56, 7.77, 8.80, 68.87
0, 2136993, 50741, 4974, 498.06, -23.62, 10.04, 8.91, 65.19
0, 2146185, 52922, 5182, 519.25, -26.62, 14.97, 10.36, 60.70
0, 2156004, 55167, 5426, 540.69, -29.44, 12.89, 9.30, 55.69
0, 2162780, 56746, 5580, 540.69, -29.44, 12.76, 9.32, 52.10
0, 2170664, 58508, 5747, 562.25, -31.56, 12.76, 9.32, 47.81
0, 2176552, 59686, 5864, 583.81, -33.81, 12.06, 9.99, 44.53
0, 2183307, 60875, 5984, 583.81, -33.81, 12.60, 10.11, 40.69
0, 2190316, 61946, 6095, 605.25, -35.88, 11.17, 10.11, 36.63
0, 2199965, 63218, 6220, 624.56, -37.75, 9.95, 9.18, 30.92
0, 2209854, 64215, 6337, 640.12, -39.38, 9.95, 9.31, 24.96
0, 2216671, 64652, 6377, 652.69, -40.75, 9.96, 9.86, 20.79
0, 2223590, 64913, 6403, 652.69, -40.75, 7.71, 9.86, 16.52
0, 2229306, 65022, 6410, 662.56, -41.94, 7.71, 9.94, 12.97
0, 2237135, 65014, 6421, 668.62, -42.75, 8.08, 9.67, 8.07
0, 2245874, 64990, 6433, 671.37, -43.13, 8.44, 9.31, 2.59
0, 2254271, 64958, 6443, 671.37, -43.13, 9.41, 9.60, -2.68
0, 2262439, 64902, 6457, 671.62, -43.19, 8.84, 9.60, -7.81
0, 2270858, 64793, 6458, 671.44, -43.38, 8.84, 9.32, -13.07
0, 2276881, 64659, 6460, 671.06, -43.38, 9.26, 9.57, -16.81
0, 2283915, 64460, 6474, 671.06, -43.44, 8.94, 9.57, -21.15
0, 2290626, 64343, 6478, 670.25, -43.56, 9.08, 9.51, -25.25
0, 2300342, 63918, 6448, 668.44, -43.56, 10.01, 9.19, -31.11
0, 2310398, 63190, 6376, 666.31, -43.69, 10.01, 9.51, -37.04
0, 2317984, 62390, 6310, 663.25, -43.75, 8.49, 9.63, -41.43
0, 2324477, 61482, 6218, 663.25, -43.75, 8.70, 9.63, -45.11
0, 2330583, 60462, 6108, 657.56, -43.06, 8.64, 9.64, -48.50
0, 2338382, 59090, 5966, 648.62, -42.38, 8.64, 10.18, -52.72
0, 2347582, 57315, 5778, 635.31, -40.81, 10.30, 8.91, -57.54
0, 2357220, 55247, 5587, 619.00, -39.06, 11.04, 9.65, -62.39
0, 2363955, 53739, 5445, 619.00, -39.06, 11.87, 10.03, -65.64
0, 2371808, 51924, 5260, 600.75, -37.31, 12.34, 10.03, -69.28
0, 2377518, 50398, 5126, 580.19, -35.50, 12.34, 9.29, -71.82
0, 2385302, 48036, 4887, 558.69, -35.50, 12.92, 10.06, -75.14
0, 2391372, 46102, 4688, 558.69, -33.38, 14.99, 10.06, -77.60
0, 2400754, 43178, 4394, 537.00, -30.87, 12.66, 9.38, -81.18
0, 2410786, 40092, 4015, 515.44, -28.00, 12.66, 8.33, -84.70
0, 2417832, 37690, 3767, 494.56, -24.87, 7.78, 10.72, -86.97
0, 2424631, 35304, 3569, 494.56, -24.87, 6.72, 10.72, -89.00
0, 2430806, 33275, 3372, 474.31, -21.44, 6.30, 8.59, -90.70
0, 2438471, 30636, 3156, 454.87, -18.44, 6.30, 9.75, -92.62
0, 2447741, 27223, 2813, 436.25, -15.75, 3.14, 10.02, -94.66
0, 2457804, 23493, 2435, 418.06, -12.81, 4.94, 9.85, -96.51
0, 2464513, 21052, 2172, 418.06, -12.81, 11.33, 9.36, -97.52
0, 2472860, 18046, 1906, 400.44, -9.50, 12.27, 9.36, -98.55
0, 2479003, 15768, 1667, 383.06, -6.06, 12.27, 8.98, -99.13
0, 2487083, 12794, 1395, 365.50, -3.12, 16.45, 10.19, -99.67
0, 2494605, 10052, 1112, 365.50, -3.12, 17.03, 10.51, -99.94
0, 2503885, 6701, 772, 347.56, 0.06, 17.17, 8.79, -99.97
0, 2512758, 3480, 400, 329.12, 3.19, 14.76, 8.79, -99.68
0, 2520772, 561, 101, 309.94, 6.44, 14.76, 8.70, -99.15
0, 2526689, -1519, -51, 289.75, 6.44, 9.46, 9.78, -98.60
0, 2533465, -3932, -298, 289.75, 10.31, 7.29, 9.78, -97.80
0, 2540160, -6401, -507, 268.62, 13.63, 2.23, 11.42, -96.83
0, 2550042, -10017, -896, 246.75, 16.56, 4.45, 9.08, -95.10
0, 2559915, -13635, -1253, 224.25, 19.69, 4.45, 10.66, -93.00
0, 2566192, -15929, -1505, 201.44, 19.69, 6.81, 8.75, -91.48
0, 2573753, -18718, -1751, 201.44, 23.12, 11.31, 8.75, -89.45
0, 2579465, -20739, -1950, 178.87, 26.56, 14.35, 10.03, -87.79
0, 2587407, -23668, -2224, 156.81, 29.56, 14.35, 11.30, -85.29
0, 2595047, -26375, -2502, 135.62, 29.56, 16.50, 8.45, -82.69
0, 2604179, -29217, -2794, 135.62, 32.63, 17.44, 9.60, -79.33
0, 2612850, -31699, -3140, 115.25, 35.81, 12.91, 9.60, -75.90
0, 2620784, -33889, -3349, 95.75, 38.63, 12.91, 9.17, -72.56
0, 2626703, -35426, -3514, 76.87, 38.63, 11.02, 10.80, -69.95
0, 2633476, -37125, -3635, 76.87, 42.00, 11.19, 10.80, -66.85
0, 2640202, -38694, -3777, 58.38, 44.63, 8.18, 8.56, -63.64
0, 2650100, -40861, -3988, 40.13, 46.81, 7.54, 11.37, -58.73
0, 2659813, -42825, -4137, 21.94, 48.75, 7.54, 8.32, -53.68
0, 2665978, -43968, -4246, 3.56, 48.75, 7.19, 8.32, -50.37
0, 2673813, -45277, -4397, 3.56, 50.56, 7.49, 8.32, -46.06
0, 2679707, -46182, -4512, -13.94, 52.00, 9.21, 10.02, -42.74
0, 2687569, -47316, -4593, -30.00, 53.69, 9.21, 9.76, -38.23
0, 2695380, -48318, -4704, -44.25, 53.69, 8.95, 8.62, -33.65
0, 2704303, -49195, -4803, -44.25, 55.25, 9.16, 10.28, -28.32
0, 2712968, -49783, -4867, -57.31, 56.38, 10.24, 10.28, -23.06
0, 2720907, -50142, -4909, -68.81, 57.44, 10.24, 10.19, -18.18
0, 2726819, -50319, -4929, -77.37, 57.44, 10.79, 10.05, -14.51
0, 2733568, -50392, -4936, -77.37, 58.13, 10.33, 10.05, -10.31
0, 2740264, -50380, -4940, -82.94, 58.56, 10.61, 9.80, -6.11
0, 2749598, -50359, -4941, -86.25, 58.75, 9.35, 10.01, -0.25
0, 2758586, -50323, -4945, -87.12, 58.75, 9.35, 9.55, 5.39
0, 2765360, -50254, -4949, -87.12, 58.75, 9.45, 9.75, 9.64
0, 2773220, -50085, -4949, -86.94, 58.81, 9.60, 9.75, 14.54
0, 2779155, -49898, -4954, -86.62, 58.88, 9.60, 9.68, 18.22
0, 2787236, -49643, -4973, -85.62, 58.88, 10.27, 9.64, 23.18
0, 2794662, -49340, -4946, -85.62, 58.94, 9.45, 9.06, 27.69
0, 2803953, -48819, -4895, -83.37, 59.13, 9.84, 9.79, 33.25
0, 2813001, -48237, -4837, -80.44, 59.06, 10.06, 9.79, 38.56
0, 2820789, -47723, -4792, -76.56, 58.69, 10.06, 9.85, 43.03
0, 2827018, -47021, -4732, -71.19, 58.69, 9.31, 9.50, 46.52
0, 2833796, -46011, -4644, -71.19, 58.06, 10.22, 9.50, 50.25
0, 2840396, -44868, -4538, -65.56, 57.50, 11.99, 11.00, 53.79
0, 2849557, -43223, -4372, -57.13, 56.50, 8.48, 10.88, 58.55
0, 2858638, -41442, -4183, -43.88, 55.13, 8.48, 9.28, 63.08
0, 2865414, -39971, -4031, -28.62, 55.13, 7.97, 10.58, 66.33
0, 2873526, -37952, -3830, -28.62, 53.44, 7.99, 10.58, 70.05
0, 2879232, -36417, -3696, -12.56, 51.50, 6.63, 9.60, 72.57
0, 2887455, -34258, -3502, 5.19, 51.50, 6.63, 10.64, 76.02
0, 2895491, -32197, -3301, 23.37, 49.31, 7.99, 9.49, 79.20
0, 2904305, -29793, -3063, 23.37, 47.13, 10.87, 9.49, 82.46
0, 2913302, -27016, -2792, 41.50, 44.94, 9.92, 10.62, 85.53
0, 2920824, -24543, -2549, 59.81, 42.63, 9.92, 9.57, 87.88
0, 2927362, -22507, -2313, 78.31, 42.63, 12.58, 10.68, 89.76
0, 2934692, -20035, -2039, 78.31, 40.00, 15.36, 10.68, 91.70
0, 2940786, -17757, -1775, 97.19, 37.06, 15.14, 10.21, 93.16
0, 2949483, -14557, -1483, 116.62, 33.81, 17.51, 10.10, 95.00
0, 2958923, -11167, -1165, 137.00, 30.25, 17.51, 10.87, 96.69
0, 2965694, -8661, -925, 158.12, 30.25, 13.00, 10.84, 97.69
0, 2973973, -5684, -630, 158.12, 27.12, 9.31, 10.84, 98.67
0, 2979683, -3616, -410, 180.12, 24.12, 7.12, 11.07, 99.19
0, 2987757, -675, -132, 202.62, 24.12, 7.12, 9.58, 99.70
0, 2995862, 2274, 136, 225.31, 21.06, 2.73, 7.79, 99.97
0, 3005054, 5648, 469, 247.81, 17.62, 4.97, 7.79, 99.95
0, 3013639, 8815, 788, 247.81, 14.56, 7.45, 11.40, 99.63
0, 3021060, 11475, 1017, 269.62, 11.44, 7.45, 10.44, 99.13
0, 3027350, 13757, 1287, 290.62, 11.44, 11.75, 9.46, 98.53
0, 3034378, 16332, 1560, 290.62, 8.06, 16.16, 9.46, 97.68
0, 3040819, 18671, 1811, 310.75, 4.94, 16.92, 11.62, 96.73
0, 3049527, 21871, 2107, 329.94, 1.50, 17.00, 9.02, 95.20
0, 3059068, 25388, 2457, 348.37, -2.00, 17.00, 11.07, 93.19
0, 3065860, 27837, 2713, 366.31, -2.00, 17.35, 11.07, 91.56
0, 3074184, 30897, 3007, 366.31, -5.25, 14.06, 10.54, 89.33
0, 3080378, 33129, 3241, 383.81, -8.50, 10.87, 8.63, 87.52
0, 3088509, 36135, 3524, 401.37, -8.50, 10.87, 8.47, 84.93
0, 3096575, 39092, 3791, 419.06, -11.69, 6.26, 9.95, 82.15
0, 3106418, 42554, 4128, 437.12, -15.06, 2.64, 7.53, 78.47
0, 3114317, 45265, 4406, 437.12, -18.12, 3.01, 7.53, 75.29
0, 3122263, 47944, 4655, 455.81, -21.12, 9.36, 8.22, 71.92
0, 3128307, 49728, 4871, 475.31, -21.12, 9.36, 9.58, 69.23
0, 3136450, 51802, 5076, 495.62, -24.25, 12.39, 9.58, 65.45
0, 3143203, 53469, 5234, 495.62, -27.37, 14.96, 11.50, 62.18
0, 3151636, 55502, 5460, 516.75, -30.31, 12.87, 9.02, 57.94
0, 3160126, 57616, 5657, 538.19, -32.50, 12.87, 9.24, 53.52
0, 3167138, 59256, 5822, 559.81, -32.50, 12.50, 9.91, 49.74
0, 3174974, 60890, 5986, 581.56, -34.88, 12.34, 9.91, 45.41
0, 3181013, 61996, 6100, 581.56, -37.00, 13.00, 9.91, 42.00
0, 3188751, 63267, 6223, 603.12, -37.00, 13.00, 9.24, 37.54
0, 3196944, 64398, 6355, 623.19, -39.00, 9.24, 8.92, 32.72
0, 3206977, 65438, 6447, 639.62, -40.81, 10.17, 10.48, 26.70
0, 3214863, 66017, 6509, 653.06, -42.31, 8.31, 10.48, 21.90
0, 3222761, 66400, 6546, 653.06, -43.56, 8.28, 9.55, 17.03
0, 3228683, 66550, 6562, 663.00, -43.56, 8.28, 9.68, 13.35
0, 3236674, 66535, 6578, 669.75, -44.38, 7.89, 9.68, 8.36
0, 3243654, 66511, 6591, 669.75, -44.94, 7.62, 9.81, 3.99
0, 3252964, 66477, 6606, 673.69, -45.19, 8.94, 9.21, -1.86
0, 3260727, 66438, 6609, 674.44, -45.44, 9.46, 9.40, -6.73
0, 3267496, 66371, 6612, 674.12, -45.44, 9.46, 9.41, -10.97
0, 3275328, 66234, 6616, 673.81, -45.56, 8.96, 9.41, -15.85
0, 3281553, 66080, 6621, 673.81, -45.69, 8.79, 9.66, -19.70
0, 3289036, 65963, 6640, 673.12, -45.69, 8.79, 9.24, -24.28
0, 3297310, 65901, 6641, 671.69, -45.69, 9.39, 9.82, -29.29
0, 3307142, 65445, 6607, 669.75, -45.75, 10.60, 9.42, -35.14
0, 3315138, 64841, 6547, 669.75, -45.94, 7.79, 9.42, -39.79
0, 3322879, 64040, 6465, 668.94, -45.94, 8.38, 10.36, -44.21
0, 3329090, 63198, 6380, 665.75, -45.94, 8.38, 9.89, -47.67
0, 3337120, 61841, 6263, 659.31, -45.50, 7.73, 9.89, -52.05
0, 3344569, 60327, 6094, 659.31, -44.75, 8.52, 9.42, -55.98
0, 3353326, 58448, 5894, 649.50, -43.56, 9.18, 9.96, -60.46
0, 3361422, 56572, 5710, 635.31, -42.06, 11.81, 9.28, -64.43
0, 3368394, 54847, 5550, 616.87, -42.06, 11.81, 9.86, -67.72
0, 3376806, 52735, 5342, 596.25, -40.06, 12.71, 9.86, -71.51
0, 3383556, 50906, 5171, 596.25, -38.06, 13.10, 9.89, -74.41
0, 3390253, 48828, 4965, 574.69, -36.00, 13.86, 9.87, -77.15
0, 3398125, 46201, 4698, 552.94, -36.00, 13.86, 9.42, -80.20
0, 3407311, 43182, 4394, 531.12, -33.81, 15.18, 8.32, -83.52
0, 3415455, 40573, 4068, 509.69, -31.25, 12.30, 8.32, -86.22
0, 3423044, 37930, 3793, 509.69, -28.25, 9.60, 9.09, -88.54
0, 3429205, 35687, 3589, 489.00, -28.25, 9.60, 10.78, -90.27
0, 3437256, 32941, 3339, 468.94, -25.06, 6.26, 10.78, -92.33
0, 3445231, 30092, 3108, 449.75, -21.44, 3.33, 10.12, -94.14
0, 3453134, 27180, 2816, 449.75, -18.37, 5.57, 8.77, -95.70
0, 3460860, 24337, 2535, 431.25, -15.63, 10.34, 10.27, -96.99
0, 3467638, 21880, 2254, 413.25, -15.63, 10.34, 8.93, -97.94
0, 3475997, 18868, 1982, 395.69, -12.63, 12.83, 8.93, -98.86
0, 3482780, 16361, 1731, 395.69, -9.31, 14.71, 9.15, -99.42
0, 3489565, 13849, 1499, 378.25, -5.87, 17.53, 10.02, -99.79
0, 3497547, 10924, 1207, 360.56, -5.87, 17.53, 9.21, -99.99
0, 3507266, 7492, 870, 342.56, -2.94, 18.53, 9.21, -99.90
0, 3515444, 4564, 510, 342.56, 0.19, 16.14, 9.45, -99.53
0, 3522358, 2029, 238, 323.94, 3.37, 15.26, 8.08, -99.01
0, 3529155, -444, 18, 304.50, 3.37, 15.26, 10.36, -98.33
0, 3537130, -3266, -237, 284.12, 7.19, 8.20, 10.36, -97.29
0, 3544563, -6011, -467, 284.12, 11.06, 4.01, 10.30, -96.11
0, 3551628, -8622, -753, 262.75, 14.00, 3.30, 8.54, -94.78
0, 3559384, -11479, -1021, 240.69, 14.00, 6.81, 10.09, -93.12
0, 3567337, -14368, -1343, 218.12, 17.19, 6.81, 10.09, -91.18
0, 3575715, -17394, -1629, 195.37, 20.56, 9.68, 11.75, -88.90
0, 3582272, -19783, -1855, 195.37, 24.00, 10.87, 10.34, -86.93
0, 3589261, -22335, -2086, 172.87, 24.00, 14.95, 11.04, -84.68
0, 3597448, -25309, -2388, 151.06, 27.00, 14.95, 10.98, -81.83
0, 3606341, -28211, -2671, 130.06, 30.06, 17.18, 10.98, -78.50
0, 3613987, -30498, -2983, 130.06, 33.25, 15.50, 9.46, -75.43
0, 3620175, -32249, -3182, 109.94, 33.25, 13.96, 8.36, -72.82
0, 3627895, -34320, -3391, 90.62, 36.13, 13.96, 8.36, -69.41
0, 3636043, -36396, -3585, 71.81, 39.50, 11.11, 9.49, -65.64
0, 3642797, -37996, -3708, 71.81, 42.06, 8.24, 10.37, -62.38
0, 3649982, -39586, -3873, 53.38, 44.19, 8.21, 10.90, -58.79
0, 3658883, -41407, -4030, 35.19, 44.19, 8.21, 8.73, -54.17
0, 3666934, -42926, -4143, 16.87, 46.06, 6.79, 8.73, -49.85
0, 3674645, -44225, -4277, 16.87, 47.88, 7.98, 12.01, -45.60
0, 3681054, -45206, -4389, -1.12, 49.19, 8.08, 10.25, -41.98
0, 3688705, -46267, -4517, -17.62, 49.19, 8.08, 9.73, -37.57
0, 3696768, -47296, -4593, -32.50, 50.75, 8.80, 9.73, -32.83
0, 3705789, -48264, -4699, -45.56, 52.25, 9.19, 11.11, -27.42
0, 3712461, -48795, -4759, -45.56, 53.25, 9.69, 9.34, -23.37
0, 3719229, -49170, -4802, -57.38, 53.25, 10.33, 10.51, -19.21
0, 3727344, -49410, -4827, -67.56, 54.19, 10.33, 10.51, -14.19
0, 3734651, -49450, -4834, -67.56, 54.81, 10.78, 9.92, -9.63
0, 3740935, -49431, -4837, -74.94, 55.13, 11.12, 10.22, -5.69
0, 3748689, -49407, -4839, -79.06, 55.13, 9.52, 9.73, -0.82
0, 3757983, -49359, -4843, -80.25, 55.19, 9.52, 9.73, 5.01
0, 3765892, -49248, -4846, -80.00, 55.25, 9.74, 9.83, 9.97
0, 3772537, -49044, -4847, -80.00, 55.31, 9.72, 9.62, 14.11
0, 3779308, -48818, -4893, -79.62, 55.31, 10.59, 9.14, 18.31
0, 3787442, -48602, -4871, -78.62, 55.38, 10.59, 9.14, 23.31
0, 3795042, -48301, -4842, -75.94, 55.63, 9.38, 11.01, 27.92
0, 3802117, -47883, -4800, -75.94, 55.69, 10.05, 9.79, 32.16
0, 3809904, -47271, -4751, -73.25, 55.69, 10.60, 10.34, 36.76
0, 3817779, -46458, -4678, -70.06, 55.31, 10.60, 10.34, 41.31
0, 3825495, -45446, -4592, -64.62, 54.75, 10.30, 10.58, 45.68
0, 3831591, -44563, -4508, -64.62, 54.75, 9.97, 9.71, 49.05
0, 3838974, -43468, -4398, -56.88, 53.94, 9.97, 10.01, 53.04
0, 3847328, -42080, -4245, -46.25, 52.94, 8.96, 10.01, 57.41
0, 3856812, -40270, -4062, -33.75, 51.63, 8.76, 9.81, 62.19
0, 3863912, -38694, -3905, -33.75, 50.06, 7.77, 9.50, 65.62
0, 3870398, -37094, -3754, -20.44, 50.06, 7.33, 9.77, 68.64
0, 3878254, -35107, -3578, -5.06, 48.25, 7.33, 9.77, 72.14
0, 3886112, -33192, -3393, 12.44, 46.19, 6.61, 10.37, 75.47
0, 3892876, -31512, -3234, 12.44, 44.13, 9.03, 8.99, 78.19
0, 3899650, -29697, -3054, 30.69, 44.13, 9.81, 9.75, 80.77
0, 3909092, -26823, -2774, 48.94, 42.00, 9.81, 9.75, 84.13
0, 3917311, -24228, -2507, 67.44, 39.75, 10.77, 9.79, 86.80
0, 3924764, -21966, -2248, 67.44, 37.19, 12.60, 10.41, 89.03
0, 3931324, -19760, -2021, 86.12, 37.19, 14.63, 8.89, 90.83
0, 3938953, -16911, -1687, 105.25, 34.31, 14.63, 8.89, 92.73
0, 3947339, -13807, -1405, 125.06, 31.19, 14.99, 9.22, 94.58
0, 3957083, -10385, -1099, 145.75, 27.69, 18.42, 7.23, 96.39
0, 3963934, -7876, -850, 145.75, 24.50, 13.86, 9.72, 97.44
0, 3970638, -5398, -598, 167.25, 24.50, 8.92, 11.33, 98.30
0, 3978515, -2483, -292, 189.37, 21.62, 8.92, 11.33, 99.09
0, 3986562, 463, -31, 212.00, 18.50, 7.08, 7.97, 99.64
0, 3993332, 2874, 205, 212.00, 15.06, 2.99, 8.80, 99.91
0, 4000170, 5372, 445, 234.62, 15.06, 5.77, 11.61, 100.00
0, 4009536, 8852, 795, 256.81, 12.00, 10.99, 11.61, 99.82
0, 4017748, 11815, 1062, 278.25, 8.81, 10.99, 9.25, 99.38
0, 4025149, 14379, 1343, 298.94, 5.44, 13.10, 10.00, 98.75
0, 4032286, 17008, 1611, 298.94, 5.44, 18.38, 9.06, 97.95
0, 4039481, 19646, 1898, 318.62, 2.31, 15.81, 9.06, 96.94
0, 4047917, 22724, 2199, 337.50, -1.00, 15.81, 9.35, 95.50
0, 4057706, 26334, 2557, 355.75, -4.50, 16.26, 10.35, 93.50
0, 4064777, 28865, 2792, 355.75, -7.75, 16.34, 9.42, 91.83
0, 4071351, 31252, 3040, 373.50, -7.75, 10.53, 11.70, 90.12
0, 4079671, 34302, 3351, 391.06, -11.00, 8.21, 11.70, 87.73
0, 4087684, 37234, 3614, 408.62, -14.25, 8.21, 10.46, 85.20
0, 4095544, 40057, 3886, 426.50, -17.56, 7.78, 8.40, 82.52
0, 4103072, 42699, 4144, 426.50, -20.69, 3.72, 9.30, 79.75
0, 4110921, 45440, 4423, 444.81, -20.69, 5.49, 9.39, 76.68
0, 4118759, 48134, 4677, 463.87, -23.62, 5.49, 9.39, 73.43
0, 4126479, 50403, 4935, 483.75, -26.81, 8.81, 8.74, 70.05
0, 4133384, 52207, 5115, 483.75, -26.81, 15.16, 11.05, 66.89
0, 4140291, 53947, 5293, 504.44, -29.94, 13.65, 11.05, 63.60
0, 4148564, 56049, 5513, 525.87, -33.00, 13.65, 9.29, 59.51
0, 4158161, 58529, 5750, 547.50, -35.31, 13.42, 9.44, 54.56
0, 4165066, 60175, 5911, 569.25, -37.75, 12.60, 9.45, 50.87
0, 4171725, 61588, 6057, 569.25, -37.75, 13.10, 10.39, 47.22
0, 4180024, 63159, 6208, 591.00, -39.94, 11.56, 10.39, 42.56
0, 4188076, 64477, 6362, 612.44, -42.06, 11.56, 8.95, 37.93
0, 4195893, 65499, 6452, 632.62, -43.94, 9.64, 9.32, 33.35
0, 4203731, 66306, 6538, 632.62, -45.63, 7.38, 9.67, 28.66
0, 4211740, 66947, 6605, 649.50, -45.63, 8.46, 10.07, 23.81
0, 4219807, 67310, 6639, 662.75, -46.88, 8.46, 10.07, 18.86
0, 4227786, 67376, 6643, 672.56, -47.81, 8.18, 9.59, 13.91
0, 4235294, 67352, 6659, 679.44, -48.44, 7.22, 10.12, 9.23
0, 4241530, 67334, 6666, 679.44, -48.44, 9.32, 9.28, 5.32
0, 4249146, 67294, 6687, 682.50, -48.63, 9.36, 9.28, 0.54
0, 4258691, 67240, 6695, 682.62, -48.75, 9.36, 9.46, -5.46
0, 4265467, 67164, 6698, 682.37, -48.94, 9.17, 9.23, -9.70
0, 4272099, 67013, 6703, 682.37, -48.94, 8.86, 9.28, -13.84
0, 4280490, 66836, 6719, 681.87, -49.06, 8.65, 9.28, -19.04
0, 4288546, 66792, 6720, 681.25, -49.13, 8.65, 9.44, -23.98
0, 4296401, 66759, 6723, 679.44, -49.25, 10.14, 9.39, -28.74
0, 4304086, 66655, 6723, 679.44, -49.38, 9.27, 9.69, -33.33
0, 4311844, 66182, 6677, 677.94, -49.38, 8.67, 9.72, -37.89
0, 4319986, 65424, 6606, 677.50, -49.38, 8.67, 9.72, -42.57
0, 4327917, 64487, 6513, 676.56, -49.31, 6.58, 9.93, -47.02
0, 4335749, 63315, 6391, 671.50, -48.69, 7.78, 9.84, -51.31
0, 4342095, 62151, 6291, 671.50, -48.69, 7.99, 9.55, -54.69
0, 4349530, 60526, 6115, 662.75, -47.75, 9.58, 9.55, -58.54
0, 4359109, 58304, 5879, 650.81, -46.44, 9.58, 10.47, -63.31
0, 4366074, 56584, 5712, 634.50, -44.81, 10.32, 8.72, -66.64
0, 4372680, 54854, 5551, 634.50, -44.81, 13.04, 9.21, -69.67
0, 4380833, 52729, 5342, 614.12, -42.63, 13.48, 9.21, -73.25
0, 4388719, 50505, 5135, 592.75, -40.44, 13.48, 9.30, -76.54
0, 4396558, 47978, 4880, 571.00, -38.31, 12.78, 9.90, -79.61
0, 4403922, 45472, 4628, 571.00, -36.00, 15.27, 10.39, -82.33
0, 4411899, 42815, 4350, 549.12, -36.00, 12.66, 8.81, -85.07
0, 4419957, 40158, 4022, 527.31, -33.25, 12.66, 8.81, -87.62
0, 4427491, 37458, 3744, 506.00, -30.19, 9.88, 9.29, -89.80
0, 4435377, 34649, 3528, 485.37, -30.19, 6.69, 10.03, -91.87
0, 4442265, 32293, 3285, 485.37, -26.75, 3.34, 10.03, -93.49
0, 4449752, 29538, 3052, 465.44, -23.19, 5.08, 8.35, -95.06
0, 4459559, 25934, 2686, 446.37, -20.25, 5.08, 6.90, -96.79
0, 4466522, 23349, 2414, 427.94, -17.44, 4.70, 10.53, -97.80
0, 4473102, 20982, 2173, 427.94, -17.44, 12.43, 9.48, -98.58
0, 4480933, 18228, 1923, 410.06, -14.31, 13.72, 9.48, -99.28
0, 4488813, 15340, 1635, 392.50, -10.94, 13.72, 10.92, -99.75
0, 4496628, 12469, 1368, 375.00, -7.62, 17.12, 9.91, -99.98
0, 4503419, 10041, 1115, 375.00, -7.62, 17.24, 9.83, -99.98
0, 4511879, 6959, 810, 357.25, -4.69, 15.44, 9.83, -99.72
0, 4520053, 4037, 458, 339.12, -1.56, 15.44, 9.05, -99.21
0, 4527253, 1402, 179, 320.37, 1.62, 15.27, 8.34, -98.54
0, 4535934, -1698, -70, 300.69, 1.62, 11.70, 8.80, -97.46
0, 4543022, -4248, -328, 300.69, 5.12, 3.46, 8.80, -96.37
0, 4550340, -6926, -564, 280.12, 8.94, 3.14, 11.10, -95.04
0, 4560048, -10513, -930, 258.69, 11.94, 3.14, 8.82, -92.97
0, 4567141, -13081, -1204, 236.56, 14.94, 3.29, 9.45, -91.23
0, 4573619, -15489, -1472, 236.56, 14.94, 9.95, 9.88, -89.49
0, 4582124, -18596, -1742, 213.94, 18.25, 11.41, 9.88, -86.98
0, 4589300, -21192, -1991, 191.25, 21.56, 11.41, 8.35, -84.67
0, 4597384, -24169, -2279, 168.94, 24.94, 13.47, 9.91, -81.86
0, 4604941, -26796, -2549, 168.94, 27.94, 15.18, 8.94, -79.04
0, 4612548, -29157, -2787, 147.25, 27.94, 15.72, 9.70, -76.02
0, 4620777, -31477, -3124, 126.37, 31.06, 15.72, 9.70, -72.56
0, 4628495, -33553, -3318, 106.37, 34.19, 13.62, 6.34, -69.14
0, 4636688, -35631, -3532, 87.12, 34.19, 11.55, 12.80, -65.33
0, 4643644, -37296, -3648, 87.12, 37.19, 8.48, 12.80, -61.96
0, 4650809, -38851, -3796, 68.37, 40.31, 8.30, 8.97, -58.37
0, 4660603, -40830, -3987, 49.94, 42.75, 8.30, 11.71, -53.26
0, 4667366, -42097, -4081, 31.62, 44.63, 7.76, 9.65, -49.62
0, 4674065, -43232, -4165, 31.62, 44.63, 6.93, 10.73, -45.92
0, 4682961, -44557, -4310, 13.50, 46.56, 8.05, 10.73, -40.89
0, 4689755, -45459, -4427, -3.19, 48.13, 8.88, 9.38, -36.96
0, 4697815, -46404, -4525, -18.31, 49.38, 8.88, 9.96, -32.21
0, 4706461, -47292, -4593, -31.44, 50.81, 9.02, 10.77, -27.02
0, 4713253, -47870, -4655, -31.44, 50.81, 9.66, 9.92, -22.88
0, 4721318, -48342, -4708, -42.88, 52.19, 9.66, 9.92, -17.92
0, 4728859, -48579, -4735, -52.69, 52.94, 10.01, 9.46, -13.24
0, 4737235, -48638, -4742, -60.94, 53.44, 10.88, 10.08, -8.01
0, 4744226, -48615, -4746, -60.94, 53.44, 10.98, 10.08, -3.63
0, 4751307, -48588, -4749, -66.37, 53.63, 9.54, 10.29, 0.82
0, 4761084, -48518, -4753, -68.81, 53.69, 9.54, 9.39, 6.96
0, 4768389, -48382, -4756, -68.87, 53.75, 9.49, 9.88, 11.53
0, 4774726, -48131, -4757, -68.87, 53.75, 9.80, 9.72, 15.47
0, 4784071, -47868, -4791, -68.50, 53.81, 11.24, 9.72, 21.24
0, 4790949, -47639, -4779, -67.69, 53.94, 8.89, 9.44, 25.45
0, 4798825, -47246, -4743, -65.37, 54.25, 8.89, 10.11, 30.20
0, 4807857, -46579, -4687, -62.38, 54.00, 10.06, 10.26, 35.56
0, 4814549, -45909, -4632, -62.38, 54.00, 10.20, 9.79, 39.45
0, 4822425, -44956, -4547, -59.44, 53.56, 10.24, 9.79, 43.95
0, 4830149, -43961, -4448, -54.50, 52.88, 9.76, 10.15, 48.26
0, 4837981, -42852, -4330, -46.94, 51.88, 9.76, 9.79, 52.51
0, 4845734, -41581, -4196, -36.88, 51.88, 9.05, 10.11, 56.59
0, 4852006, -40438, -4079, -36.88, 50.69, 8.78, 10.11, 59.79
0, 4861544, -38393, -3874, -25.62, 49.19, 8.78, 9.40, 64.49
0, 4868714, -36672, -3718, -12.94, 47.50, 8.05, 9.55, 67.86
0, 4875198, -35090, -3576, -12.94, 47.50, 7.27, 10.38, 70.80
0, 4884574, -32856, -3363, 2.00, 45.50, 8.43, 10.38, 74.83
0, 4891038, -31277, -3211, 19.56, 43.50, 10.27, 9.69, 77.47
0, 4898965, -29145, -3001, 37.81, 41.50, 10.27, 8.91, 80.52
0, 4907928, -26412, -2734, 56.25, 39.31, 10.05, 9.57, 83.73
0, 4914728, -24298, -2516, 56.25, 39.31, 12.10, 10.20, 85.99
0, 4922753, -21891, -2237, 74.87, 36.75, 14.89, 10.20, 88.45
0, 4930496, -19288, -1977, 93.81, 34.00, 15.23, 10.29, 90.61
0, 4938343, -16354, -1640, 113.25, 30.87, 15.23, 8.49, 92.59
0, 4946163, -13481, -1374, 133.37, 30.87, 14.60, 7.36, 94.33
0, 4952620, -11255, -1177, 133.37, 27.56, 12.80, 7.36, 95.60
0, 4961901, -7872, -849, 154.37, 24.25, 12.80, 10.78, 97.15
0, 4968863, -5303, -588, 176.06, 21.37, 9.39, 9.05, 98.09
0, 4975464, -2873, -334, 198.37, 21.37, 10.43, 7.36, 98.81
0, 4984893, 585, -20, 198.37, 18.31, 3.37, 7.36, 99.55
0, 4991109, 2784, 193, 221.00, 14.94, 3.89, 9.17, 99.84
0, 4999009, 5678, 473, 243.44, 11.81, 3.89, 8.88, 100.00
0, 5007734, 8913, 801, 265.31, 8.69, 4.38, 10.26, 99.88
