********************************************************************************
Obsolete PIO Core v6.1.11 is used (previous was 6.1.14)
Please remove multiple PIO Cores from a system:
https://docs.platformio.org/en/latest/core/installation/troubleshooting.html
********************************************************************************
--- Terminal on /dev/cu.usbmodem14303 | 230400 8-N-1
--- Available filters and text transformations: colorize, debug, default, direct, hexlify, log2file, nocontrol, printable, send_on_enter, time
--- More details at https://bit.ly/pio-monitor-filters
--- Quit: Ctrl+C | Menu: Ctrl+T | Help: Ctrl+T followed by Ctrl+H
start
pain
Waiting for ODrive...
pin
found ODrive
DC voltage: 24.02
Enabling closed loop control...
ODrive running!
end time:10000000
0, 34, 1900544, -65536, 187.75, 20.75, 10.31, 7.44, 100.00
0, 9864, 2921, 197, 187.37, 20.75, 10.31, 7.69, 99.90
0, 15592, 5053, 404, 186.87, 20.75, 7.25, 7.69, 99.75
0, 21501, 7178, 617, 186.87, 20.56, 7.25, 4.89, 99.53
0, 27381, 9327, 834, 193.00, 20.56, 2.89, 9.79, 99.23
0, 34416, 11905, 1065, 193.00, 17.81, 13.44, 9.66, 98.79
0, 43888, 15114, 1422, 213.06, 14.50, 11.72, 10.46, 98.04
0, 53671, 18684, 1802, 232.31, 11.38, 14.63, 7.17, 97.07
0, 62668, 21987, 2109, 250.87, 8.06, 15.49, 7.17, 96.01
0, 68568, 24149, 2332, 269.00, 4.62, 15.49, 9.39, 95.23
0, 74266, 26275, 2531, 269.00, 4.62, 17.23, 9.39, 94.41
0, 80154, 28381, 2741, 286.62, 1.44, 13.86, 10.36, 93.50
0, 89665, 31874, 3091, 304.06, -1.75, 12.52, 7.55, 91.89
0, 98987, 35321, 3444, 321.56, -5.00, 12.52, 11.45, 90.15
0, 108543, 38843, 3757, 339.44, -8.31, 7.84, 9.71, 88.19
0, 115441, 41346, 3999, 357.81, -8.31, 2.29, 9.71, 86.68
0, 121154, 43403, 4205, 357.81, -11.44, 2.29, 8.79, 85.36
0, 127059, 45541, 4423, 376.94, -11.44, 1.28, 10.45, 83.94
0, 133814, 48007, 4652, 376.94, -14.56, 7.53, 9.49, 82.24
0, 143736, 51211, 5011, 397.00, -17.87, 10.42, 11.16, 79.61
0, 153645, 54211, 5316, 417.94, -21.31, 15.06, 8.93, 76.82
0, 162839, 57199, 5608, 439.75, -24.56, 14.37, 8.93, 74.09
0, 168781, 59188, 5805, 461.94, -27.31, 14.37, 9.18, 72.26
0, 174484, 61038, 5980, 461.94, -27.31, 14.72, 9.18, 70.45
0, 180554, 62918, 6169, 484.25, -30.19, 15.71, 9.97, 68.48
0, 189867, 65660, 6454, 506.56, -32.94, 12.85, 8.58, 65.35
0, 198707, 68058, 6694, 528.56, -35.75, 12.85, 8.72, 62.27
0, 208400, 70433, 6930, 549.75, -38.38, 12.43, 9.64, 58.79
0, 215174, 71973, 7075, 570.19, -38.38, 9.62, 9.64, 56.28
0, 221091, 73256, 7183, 570.19, -40.75, 9.62, 10.35, 54.05
0, 226992, 74458, 7294, 589.81, -40.75, 7.29, 9.94, 51.79
0, 233742, 75700, 7417, 589.81, -42.81, 6.67, 9.67, 49.15
0, 243683, 77353, 7572, 608.94, -44.50, 7.56, 9.94, 45.19
0, 253747, 78890, 7726, 627.25, -46.19, 8.14, 9.05, 41.08
0, 263278, 80237, 7860, 643.19, -47.56, 8.44, 9.05, 37.12
0, 269168, 81035, 7939, 657.12, -48.94, 8.44, 9.57, 34.63
0, 274878, 81748, 8007, 657.12, -48.94, 8.58, 9.57, 32.20
0, 281100, 82453, 8073, 669.87, -50.25, 9.30, 9.55, 29.52
0, 290328, 83344, 8158, 681.69, -51.44, 9.56, 9.91, 25.51
0, 299183, 83947, 8223, 692.81, -52.50, 10.28, 9.42, 21.62
0, 308819, 84261, 8261, 702.44, -53.31, 10.28, 9.75, 17.34
0, 315593, 84298, 8268, 702.44, -53.31, 10.86, 9.75, 14.32
0, 321298, 84288, 8273, 710.19, -53.94, 10.86, 10.06, 11.76
0, 327256, 84285, 8274, 715.12, -53.94, 10.98, 9.57, 9.08
0, 334031, 84278, 8278, 715.12, -54.13, 9.79, 9.58, 6.03
0, 343529, 84267, 8285, 716.87, -54.25, 9.53, 9.58, 1.74
0, 353154, 84238, 8293, 716.87, -54.25, 9.58, 9.41, -2.62
0, 361937, 84151, 8294, 716.81, -54.31, 9.65, 9.57, -6.58
0, 367702, 84032, 8295, 716.62, -54.31, 9.65, 9.57, -9.18
0, 373577, 83845, 8295, 716.62, -54.44, 10.46, 9.31, -11.82
0, 379485, 83592, 8298, 716.37, -54.44, 10.46, 9.49, -14.47
0, 388384, 83320, 8366, 715.50, -54.44, 10.16, 9.45, -18.44
0, 397493, 82985, 8343, 713.25, -54.63, 8.92, 8.25, -22.47
0, 406655, 82530, 8300, 710.00, -54.63, 9.70, 10.96, -26.49
0, 414514, 82019, 8260, 710.00, -55.00, 10.37, 10.96, -29.90
0, 420223, 81574, 8225, 707.19, -54.69, 10.37, 9.75, -32.35
0, 425929, 81082, 8181, 703.56, -54.69, 10.00, 9.75, -34.78
0, 432044, 80519, 8124, 703.56, -54.25, 9.88, 9.38, -37.36
0, 441123, 79648, 8020, 698.56, -53.63, 9.31, 9.81, -41.14
0, 449836, 78734, 7890, 692.00, -52.81, 9.05, 9.48, -44.70
0, 459266, 77546, 7743, 684.37, -51.81, 9.05, 9.72, -48.47
0, 466099, 76605, 7636, 676.31, -51.81, 9.08, 9.72, -51.15
0, 471805, 75741, 7535, 676.31, -50.44, 8.40, 9.63, -53.35
0, 477793, 74752, 7430, 667.19, -50.44, 8.40, 8.87, -55.62
0, 485456, 73449, 7293, 656.44, -49.00, 9.09, 8.87, -58.46
0, 494047, 71938, 7189, 656.44, -47.56, 8.00, 9.22, -61.57
0, 503621, 70172, 7030, 644.19, -45.94, 8.25, 8.37, -64.92
0, 512389, 68278, 6853, 630.37, -44.69, 8.13, 9.54, -67.89
0, 518109, 66887, 6748, 615.75, -44.69, 8.13, 9.54, -69.76
0, 524024, 65371, 6603, 615.75, -43.31, 7.50, 10.75, -71.66
0, 529732, 63852, 6452, 600.06, -41.56, 7.50, 9.77, -73.43
0, 537570, 61554, 6237, 581.94, -41.56, 9.23, 10.13, -75.79
0, 547152, 58519, 5905, 562.00, -39.69, 11.25, 9.09, -78.55
0, 556822, 55435, 5603, 541.37, -37.38, 14.32, 9.12, -81.18
0, 564848, 52904, 5351, 541.37, -34.63, 15.86, 9.12, -83.24
0, 570798, 50986, 5174, 519.94, -34.63, 15.86, 10.53, -84.70
0, 576510, 48955, 4975, 497.87, -31.69, 16.37, 10.53, -86.05
0, 583291, 46442, 4720, 497.87, -29.00, 13.93, 9.99, -87.57
0, 591202, 43711, 4451, 475.56, -26.19, 13.08, 10.34, -89.24
0, 600084, 40721, 4094, 453.25, -22.87, 9.18, 10.41, -90.98
0, 609818, 37312, 3716, 431.19, -19.69, 9.18, 10.44, -92.72
0, 616890, 34794, 3534, 409.87, -19.69, 6.08, 10.44, -93.87
0, 622598, 32790, 3324, 409.87, -16.06, 2.79, 9.66, -94.73
0, 628410, 30653, 3152, 389.37, -16.06, 2.79, 10.43, -95.54
0, 635825, 27949, 2888, 369.62, -12.63, 5.54, 10.43, -96.47
0, 644576, 24685, 2574, 369.62, -9.88, 5.24, 8.03, -97.44
0, 654175, 21152, 2178, 350.75, -6.94, 9.85, 10.43, -98.32
0, 663122, 17940, 1885, 332.56, -3.69, 12.73, 9.27, -98.98
0, 669164, 15792, 1669, 314.81, -3.69, 12.73, 9.27, -99.33
0, 675064, 13591, 1468, 314.81, -0.25, 17.02, 11.23, -99.60
0, 681058, 11352, 1237, 297.37, 2.87, 15.21, 8.25, -99.81
0, 689609, 8320, 944, 279.87, 6.00, 15.14, 10.89, -99.97
0, 698145, 5360, 593, 262.06, 6.00, 15.14, 9.14, -99.99
0, 707837, 1825, 207, 243.81, 9.25, 15.65, 10.71, -99.82
0, 715691, -1023, -29, 243.81, 12.50, 12.12, 10.71, -99.55
0, 721585, -3115, -228, 224.75, 12.50, 12.12, 9.18, -99.26
0, 727479, -5291, -413, 204.87, 16.19, 5.52, 9.18, -98.91
0, 734235, -7798, -663, 204.87, 19.81, 3.18, 11.83, -98.41
0, 742776, -10939, -976, 184.00, 22.62, 2.97, 9.16, -97.65
0, 750771, -13853, -1296, 162.31, 25.62, 7.57, 10.54, -96.81
0, 760270, -17305, -1630, 139.94, 29.00, 7.57, 8.19, -95.64
0, 767709, -19930, -1882, 117.25, 29.00, 12.76, 8.19, -94.60
0, 773417, -22029, -2067, 117.25, 32.38, 14.68, 11.52, -93.74
0, 779443, -24293, -2302, 94.62, 32.38, 14.68, 11.96, -92.75
0, 787461, -27069, -2585, 72.44, 35.50, 15.66, 9.29, -91.34
0, 796794, -30221, -2937, 50.94, 38.50, 14.33, 9.29, -89.54
0, 805425, -33112, -3269, 50.94, 41.69, 15.84, 8.77, -87.73
0, 813754, -35869, -3559, 30.31, 44.81, 13.14, 6.18, -85.86
0, 819932, -37928, -3706, 10.56, 44.81, 13.14, 6.18, -84.40
0, 825840, -39836, -3894, -8.44, 48.56, 8.86, 10.93, -82.93
0, 831698, -41684, -4052, -8.44, 51.81, 7.23, 9.97, -81.43
0, 840030, -44303, -4279, -26.81, 54.44, 3.96, 9.69, -79.18
0, 848872, -47137, -4598, -44.69, 54.44, 3.96, 9.22, -76.68
0, 858244, -50179, -4913, -62.44, 57.06, 3.41, 11.25, -73.89
0, 866435, -52787, -5175, -80.25, 59.56, 5.90, 11.25, -71.34
0, 872143, -54559, -5342, -80.25, 59.56, 9.04, 8.51, -69.51
0, 878222, -56304, -5514, -98.25, 62.69, 9.04, 8.51, -67.51
0, 886022, -58512, -5709, -116.75, 65.75, 11.09, 9.24, -64.86
0, 894044, -60850, -5947, -116.75, 68.37, 12.15, 10.30, -62.06
0, 901770, -62953, -6166, -135.87, 70.87, 14.33, 10.58, -59.28
0, 910297, -64844, -6348, -155.75, 70.87, 14.33, 10.31, -56.14
0, 918264, -66371, -6543, -176.37, 73.31, 13.92, 10.31, -53.12
0, 923972, -67328, -6697, -176.37, 75.87, 12.39, 10.09, -50.91
0, 930022, -68270, -6786, -197.56, 75.87, 12.39, 7.98, -48.54
0, 937868, -69406, -6907, -218.56, 77.94, 10.64, 12.51, -45.41
0, 947403, -70740, -7034, -236.50, 80.12, 10.25, 12.51, -41.53
0, 956156, -71825, -7147, -251.75, 81.87, 9.95, 10.05, -37.89
0, 963729, -72615, -7210, -251.75, 83.19, 8.75, 9.12, -34.70
0, 970220, -73208, -7251, -265.81, 83.19, 8.75, 9.12, -31.94
0, 976111, -73673, -7285, -278.69, 84.37, 8.70, 10.13, -29.40
0, 982054, -74046, -7316, -278.69, 85.37, 9.18, 9.93, -26.82
0, 989694, -74423, -7351, -289.44, 85.37, 8.75, 9.73, -23.48
0, 998460, -74758, -7383, -298.12, 86.06, 8.75, 10.14, -19.61
0, 1008140, -74975, -7404, -304.69, 86.56, 9.19, 10.14, -15.30
0, 1016553, -74989, -7410, -304.69, 87.00, 8.95, 9.75, -11.53
0, 1022258, -74982, -7412, -309.25, 87.00, 8.95, 9.83, -8.96
0, 1028382, -74974, -7414, -312.44, 87.31, 8.85, 9.83, -6.20
0, 1035161, -74961, -7418, -312.44, 87.50, 9.75, 10.04, -3.14
0, 1042485, -74938, -7422, -313.81, 87.56, 9.60, 9.85, 0.17
0, 1050258, -74898, -7426, -313.75, 87.62, 9.64, 9.71, 3.69
0, 1059001, -74806, -7428, -313.62, 87.62, 9.64, 9.71, 7.63
0, 1066894, -74646, -7428, -313.37, 87.69, 9.26, 10.01, 11.19
0, 1072605, -74437, -7428, -313.37, 87.69, 9.85, 10.01, 13.75
0, 1078656, -74209, -7431, -312.87, 87.69, 9.85, 10.01, 16.45
0, 1086311, -74117, -7428, -311.81, 87.75, 8.75, 9.91, 19.86
0, 1093125, -74033, -7421, -311.81, 87.75, 10.66, 10.00, 22.87
0, 1100517, -73850, -7405, -309.12, 87.69, 9.20, 9.86, 26.11
0, 1109702, -73479, -7375, -306.25, 87.69, 9.20, 10.08, 30.10
0, 1117791, -73070, -7341, -305.12, 87.56, 8.94, 10.08, 33.56
0, 1123495, -72729, -7313, -305.12, 87.56, 8.89, 9.90, 35.98
0, 1129265, -72329, -7280, -302.81, 87.25, 8.89, 9.82, 38.40
0, 1137512, -71636, -7218, -298.94, 86.81, 9.13, 9.82, 41.82
0, 1146233, -70828, -7145, -293.75, 86.31, 8.87, 10.04, 45.37
0, 1153188, -70133, -7074, -293.75, 85.62, 9.25, 9.82, 48.15
0, 1160765, -69279, -7001, -287.06, 85.62, 9.37, 9.72, 51.12
0, 1168890, -68209, -6905, -278.69, 84.87, 9.37, 9.72, 54.24
0, 1174600, -67373, -6827, -278.69, 83.94, 9.22, 9.47, 56.39
0, 1180490, -66426, -6734, -269.37, 83.94, 9.72, 10.45, 58.57
0, 1188664, -64894, -6586, -258.50, 82.87, 9.72, 10.45, 61.53
0, 1197810, -62818, -6380, -245.31, 81.56, 10.17, 10.16, 64.74
0, 1206344, -60736, -6152, -229.87, 79.94, 11.52, 10.92, 67.63
0, 1213326, -59076, -5936, -229.87, 77.94, 12.81, 10.43, 69.92
0, 1220345, -57205, -5735, -211.06, 77.94, 12.81, 10.43, 72.15
0, 1226060, -55532, -5563, -211.06, 75.50, 13.25, 8.85, 73.92
0, 1232014, -53732, -5376, -189.94, 72.87, 13.66, 9.23, 75.71
0, 1239940, -51200, -5151, -169.12, 72.87, 12.71, 9.88, 78.00
0, 1249002, -48378, -4881, -148.87, 70.12, 12.71, 9.70, 80.50
0, 1258283, -45424, -4604, -129.25, 67.50, 10.87, 9.70, 82.91
0, 1265805, -42822, -4341, -129.25, 64.94, 7.73, 9.00, 84.77
0, 1272045, -40644, -4113, -110.44, 64.94, 7.73, 9.00, 86.23
0, 1278280, -38390, -3886, -92.12, 62.25, 6.41, 10.79, 87.62
0, 1285401, -35778, -3647, -92.12, 59.06, 2.60, 8.70, 89.13
0, 1291833, -33560, -3436, -74.37, 55.75, 4.24, 9.63, 90.41
0, 1300257, -30708, -3161, -56.94, 55.75, 12.09, 7.93, 91.97
0, 1309622, -27310, -2829, -39.50, 52.69, 12.09, 7.93, 93.55
0, 1317526, -24519, -2553, -21.69, 49.69, 12.31, 10.50, 94.75
0, 1323234, -22530, -2319, -21.69, 49.69, 14.28, 10.01, 95.55
0, 1328950, -20432, -2083, -3.12, 46.50, 14.28, 10.01, 96.28
0, 1336503, -17680, -1780, 16.00, 43.31, 16.75, 9.21, 97.15
0, 1343728, -15051, -1544, 16.00, 39.75, 16.32, 9.21, 97.87
0, 1351521, -12262, -1279, 36.00, 36.19, 17.56, 8.13, 98.53
0, 1360566, -8962, -963, 56.94, 36.19, 17.56, 9.36, 99.15
0, 1368960, -5908, -659, 78.69, 33.19, 12.06, 9.36, 99.57
0, 1374677, -3866, -449, 78.69, 30.25, 6.53, 12.02, 99.78
0, 1380558, -1739, -235, 101.00, 30.25, 6.53, 8.25, 99.92
0, 1388844, 1278, 40, 123.69, 27.06, 7.08, 8.25, 100.00
0, 1398467, 4803, 380, 146.37, 23.62, 2.37, 8.72, 99.92
0, 1407043, 7952, 693, 168.62, 20.62, 5.29, 8.27, 99.68
0, 1413246, 10238, 910, 168.62, 20.62, 11.12, 9.96, 99.42
0, 1420835, 12991, 1205, 190.00, 17.31, 11.12, 9.96, 99.00
0, 1426545, 14951, 1409, 190.00, 13.94, 12.80, 9.64, 98.60
0, 1432565, 17189, 1625, 210.56, 13.94, 17.92, 8.68, 98.11
0, 1440606, 20157, 1942, 230.12, 10.75, 15.87, 9.43, 97.34
0, 1450337, 23684, 2294, 248.87, 7.37, 17.86, 8.99, 96.24
0, 1459605, 27067, 2627, 267.06, 3.87, 17.86, 8.99, 95.01
0, 1467350, 29898, 2900, 284.69, 0.81, 17.74, 10.12, 93.86
0, 1473091, 31956, 3100, 284.69, 0.81, 11.79, 10.12, 92.94
0, 1479088, 34192, 3333, 302.12, -2.37, 11.79, 11.17, 91.90
0, 1486908, 37063, 3592, 319.62, -5.56, 7.87, 9.25, 90.45
0, 1494690, 39823, 3858, 319.62, -9.00, 5.62, 10.68, 88.89
0, 1502628, 42755, 4141, 337.44, -12.00, 2.65, 9.18, 87.19
0, 1511144, 45915, 4460, 355.81, -12.00, 2.65, 9.18, 85.24
0, 1519483, 48877, 4767, 374.94, -15.13, 6.58, 8.94, 83.21
0, 1525198, 50714, 4958, 374.94, -15.13, 9.58, 8.79, 81.75
0, 1531097, 52552, 5137, 394.94, -18.56, 15.61, 8.79, 80.18
0, 1539477, 55203, 5422, 415.81, -21.87, 15.61, 10.91, 77.86
0, 1549225, 58524, 5736, 437.56, -25.00, 14.44, 8.54, 75.02
0, 1559240, 61860, 6062, 459.69, -27.94, 15.15, 9.23, 71.95
0, 1566204, 64109, 6301, 459.69, -30.87, 15.41, 10.11, 69.73
0, 1573080, 66215, 6514, 482.25, -30.87, 13.45, 10.11, 67.47
0, 1579288, 68010, 6691, 504.75, -33.75, 13.45, 8.52, 65.37
0, 1587149, 70122, 6901, 526.69, -36.69, 12.61, 10.06, 62.64
0, 1594519, 71972, 7077, 526.69, -39.44, 9.78, 9.71, 60.00
0, 1602354, 73855, 7237, 547.81, -39.44, 6.73, 9.71, 57.13
0, 1611421, 75850, 7432, 568.19, -41.81, 6.73, 9.71, 53.72
0, 1619733, 77525, 7590, 587.87, -43.81, 6.77, 9.57, 50.51
0, 1625442, 78613, 7698, 587.87, -43.81, 7.22, 9.97, 48.27
0, 1631405, 79685, 7806, 606.87, -45.69, 8.19, 9.97, 45.89
0, 1639656, 81142, 7950, 624.00, -47.44, 8.19, 8.87, 42.54
0, 1649504, 82793, 8106, 639.44, -49.19, 7.67, 9.04, 38.47
0, 1659567, 84234, 8258, 654.06, -50.81, 8.45, 9.93, 34.23
0, 1666346, 84982, 8352, 654.06, -52.31, 8.89, 9.32, 31.34
0, 1673428, 85638, 8425, 667.75, -52.31, 11.16, 9.32, 28.28
0, 1679166, 86076, 8474, 679.31, -53.75, 11.16, 9.47, 25.78
0, 1686912, 86578, 8527, 688.06, -55.06, 10.47, 9.72, 22.38
0, 1693081, 86884, 8560, 688.06, -55.06, 10.53, 9.80, 19.66
0, 1701714, 87161, 8589, 694.75, -55.94, 10.92, 9.77, 15.82
0, 1711664, 87307, 8603, 699.81, -56.56, 10.92, 9.77, 11.36
0, 1720069, 87324, 8608, 702.94, -57.00, 10.54, 9.67, 7.57
0, 1725782, 87314, 8611, 702.94, -57.00, 10.45, 9.56, 5.00
0, 1731668, 87304, 8614, 704.44, -57.19, 10.40, 9.56, 2.34
0, 1739746, 87284, 8623, 704.69, -57.25, 10.40, 9.48, -1.32
0, 1748822, 87232, 8638, 704.50, -57.31, 9.55, 9.46, -5.42
0, 1757082, 87080, 8642, 704.25, -57.38, 9.54, 9.44, -9.14
0, 1763883, 86854, 8642, 704.25, -57.38, 10.20, 9.53, -12.20
0, 1772118, 86546, 8662, 703.62, -57.50, 10.20, 9.53, -15.89
0, 1777823, 86349, 8682, 701.62, -57.56, 9.52, 9.45, -18.43
0, 1784829, 86093, 8660, 701.62, -57.56, 9.93, 10.40, -21.53
0, 1791594, 85763, 8626, 698.50, -57.63, 9.94, 9.87, -24.51
0, 1801237, 85099, 8559, 695.56, -57.94, 10.93, 9.87, -28.71
0, 1810991, 84239, 8473, 691.87, -57.69, 10.93, 9.81, -32.91
0, 1818616, 83423, 8390, 686.31, -57.13, 10.13, 9.64, -36.14
0, 1824801, 82683, 8314, 686.31, -57.13, 10.40, 9.64, -38.74
0, 1831021, 81867, 8247, 679.06, -56.38, 10.40, 9.64, -41.31
0, 1838917, 80740, 8145, 670.12, -55.44, 10.19, 9.33, -44.54
0, 1847587, 79513, 8001, 659.62, -54.31, 9.23, 9.32, -48.01
0, 1856215, 78229, 7829, 659.62, -53.19, 8.98, 10.33, -51.40
0, 1863713, 77005, 7675, 647.94, -53.19, 8.82, 8.78, -54.28
0, 1871765, 75584, 7518, 636.06, -51.75, 8.82, 8.78, -57.30
0, 1877477, 74521, 7402, 623.06, -49.94, 8.27, 9.82, -59.40
0, 1883947, 73300, 7279, 623.06, -49.94, 6.90, 9.82, -61.72
0, 1891228, 71898, 7186, 608.50, -48.19, 7.64, 10.15, -64.28
0, 1901066, 69973, 7007, 592.56, -46.38, 8.55, 8.52, -67.62
0, 1910871, 67731, 6810, 575.75, -44.81, 8.55, 9.81, -70.82
0, 1917739, 65905, 6658, 558.12, -43.50, 7.39, 10.03, -72.98
0, 1924642, 63922, 6458, 558.12, -43.50, 7.47, 10.03, -75.08
0, 1930579, 62081, 6281, 538.19, -41.69, 7.47, 10.49, -76.83
0, 1938401, 59487, 6003, 516.87, -39.75, 9.99, 10.10, -79.04
0, 1945872, 57047, 5747, 516.87, -37.19, 13.68, 10.31, -81.07
0, 1954774, 54090, 5474, 494.87, -37.19, 15.37, 7.74, -83.36
0, 1963305, 51283, 5197, 472.50, -34.25, 15.91, 7.74, -85.42
0, 1971588, 48262, 4902, 450.19, -31.19, 15.91, 8.99, -87.31
0, 1977308, 46179, 4694, 428.25, -31.19, 14.81, 10.29, -88.54
0, 1983872, 43900, 4477, 428.25, -28.44, 15.08, 10.29, -89.88
0, 1991271, 41412, 4174, 407.00, -25.44, 11.87, 8.84, -91.30
0, 2001091, 37995, 3791, 386.62, -22.12, 6.92, 9.76, -93.02
0, 2010742, 34526, 3508, 367.06, -18.81, 6.92, 9.91, -94.53
0, 2017397, 32154, 3271, 367.06, -15.13, 3.17, 9.49, -95.47
0, 2024175, 29661, 3056, 348.31, -15.13, 4.24, 9.49, -96.34
0, 2029892, 27537, 2843, 330.12, -11.88, 4.24, 10.44, -97.00
0, 2037851, 24578, 2556, 312.37, -11.88, 4.92, 11.28, -97.81
0, 2044906, 22015, 2273, 312.37, -9.06, 13.22, 8.58, -98.43
0, 2054729, 18390, 1928, 294.87, -6.06, 13.53, 8.68, -99.11
0, 2063565, 15175, 1608, 277.37, -2.75, 18.35, 8.68, -99.56
0, 2071420, 12275, 1334, 259.50, 0.62, 18.35, 8.26, -99.83
0, 2077124, 10330, 1151, 241.12, 0.62, 18.21, 10.55, -99.95
0, 2083282, 8050, 923, 241.12, 3.69, 16.79, 10.55, -100.00
0, 2090843, 5414, 595, 222.06, 6.81, 16.79, 8.98, -99.95
0, 2099914, 2098, 237, 202.12, 10.06, 16.53, 8.49, -99.75
0, 2109094, -1214, -35, 181.25, 13.38, 14.32, 8.98, -99.37
0, 2115691, -3628, -279, 181.25, 13.38, 6.88, 11.71, -98.99
0, 2123534, -6526, -529, 159.44, 17.19, 6.88, 11.71, -98.42
0, 2129412, -8662, -760, 137.00, 20.50, 4.72, 8.45, -97.92
0, 2136188, -11135, -997, 137.00, 20.50, 3.70, 10.20, -97.25
0, 2142856, -13574, -1277, 114.19, 23.37, 9.01, 10.20, -96.50
0, 2152527, -17075, -1606, 91.50, 26.44, 12.95, 9.56, -95.26
0, 2162319, -20624, -1948, 69.31, 29.81, 12.95, 8.60, -93.83
0, 2169262, -23200, -2187, 47.94, 33.31, 15.37, 10.48, -92.69
0, 2176062, -25689, -2440, 47.94, 33.31, 18.88, 10.48, -91.50
0, 2181771, -27650, -2626, 27.44, 36.31, 16.55, 10.13, -90.42
0, 2189711, -30332, -2946, 7.94, 39.44, 16.55, 9.14, -88.83
0, 2198401, -33254, -3285, -10.94, 42.69, 15.40, 10.75, -86.96
0, 2207751, -36356, -3596, -29.19, 45.81, 13.36, 12.64, -84.80
0, 2214835, -38709, -3785, -29.19, 45.81, 10.01, 12.64, -83.05
0, 2223356, -41436, -4037, -47.13, 49.63, 10.01, 8.99, -80.85
0, 2229325, -43326, -4180, -64.87, 52.25, 6.12, 8.55, -79.23
0, 2236264, -45504, -4427, -64.87, 52.25, 3.67, 8.55, -77.28
0, 2243163, -47718, -4641, -82.62, 54.88, 4.54, 9.66, -75.26
0, 2252817, -50768, -4980, -100.69, 57.69, 5.96, 11.11, -72.31
0, 2262865, -53893, -5278, -119.19, 60.69, 5.96, 7.60, -69.10
0, 2270055, -55975, -5481, -138.37, 63.69, 8.45, 11.27, -66.71
0, 2276705, -57836, -5649, -138.37, 63.69, 10.65, 11.27, -64.44
0, 2283916, -59885, -5842, -158.31, 66.19, 12.47, 9.75, -61.92
0, 2291303, -61946, -6059, -179.00, 68.56, 12.47, 12.10, -59.26
0, 2301189, -64260, -6284, -200.31, 71.00, 12.81, 8.43, -55.60
0, 2310482, -66105, -6506, -222.12, 73.44, 14.39, 9.78, -52.06
0, 2316817, -67174, -6682, -222.12, 73.44, 12.12, 9.34, -49.59
0, 2324998, -68438, -6807, -243.81, 75.37, 11.03, 9.34, -46.35
0, 2330954, -69299, -6899, -263.81, 77.56, 11.03, 8.87, -43.94
0, 2339071, -70401, -7003, -280.06, 77.56, 9.88, 10.94, -40.62
0, 2346215, -71262, -7091, -280.06, 79.19, 10.12, 10.43, -37.65
0, 2356846, -72368, -7189, -294.25, 80.50, 8.95, 9.20, -33.15
0, 2365142, -73092, -7244, -307.06, 81.62, 9.15, 9.20, -29.59
0, 2373615, -73688, -7287, -317.87, 82.50, 9.15, 11.17, -25.91
0, 2379643, -73996, -7313, -326.94, 83.12, 9.41, 9.88, -23.27
0, 2387195, -74262, -7337, -334.25, 83.12, 8.73, 9.88, -19.93
0, 2393577, -74408, -7350, -334.25, 83.56, 8.32, 9.77, -17.10
0, 2403145, -74458, -7356, -339.44, 83.87, 8.93, 10.13, -12.82
0, 2413152, -74452, -7358, -342.44, 84.12, 8.93, 9.95, -8.32
0, 2420024, -74440, -7361, -343.69, 84.12, 9.29, 9.84, -5.22
0, 2427059, -74426, -7365, -343.69, 84.12, 9.89, 9.84, -2.04
0, 2432954, -74415, -7368, -343.69, 84.19, 9.34, 9.32, 0.63
0, 2440830, -74375, -7372, -343.56, 84.25, 9.34, 10.10, 4.19
0, 2450094, -74260, -7375, -343.44, 84.25, 9.15, 9.58, 8.37
0, 2460213, -73963, -7375, -343.06, 84.31, 9.28, 10.26, 12.92
0, 2467057, -73692, -7383, -343.06, 84.31, 9.39, 9.62, 15.98
0, 2475137, -73588, -7380, -342.12, 84.37, 8.80, 9.62, 19.57
0, 2481034, -73554, -7379, -339.69, 84.44, 8.80, 8.95, 22.18
0, 2489207, -73442, -7371, -336.62, 84.44, 10.97, 9.66, 25.77
0, 2496476, -73241, -7355, -336.62, 84.44, 9.36, 10.22, 28.93
0, 2506122, -72809, -7320, -335.69, 84.44, 9.14, 9.81, 33.08
0, 2515070, -72283, -7276, -334.56, 84.25, 9.43, 9.81, 36.87
0, 2522965, -71676, -7221, -331.75, 83.94, 9.43, 10.08, 40.16
0, 2528672, -71182, -7177, -327.31, 83.94, 8.83, 10.03, 42.51
0, 2535308, -70563, -7117, -327.31, 83.50, 8.60, 10.03, 45.21
0, 2542075, -69876, -7051, -321.25, 82.87, 9.23, 9.80, 47.92
0, 2551297, -68792, -6958, -313.50, 82.12, 9.23, 9.97, 51.53
0, 2560764, -67490, -6838, -304.50, 81.25, 9.43, 10.28, 55.15
0, 2567591, -66439, -6735, -304.50, 81.25, 9.50, 9.93, 57.70
0, 2575447, -65019, -6599, -293.94, 80.25, 9.82, 9.93, 60.57
0, 2581517, -63728, -6469, -281.19, 79.00, 9.82, 10.17, 62.73
0, 2589639, -61781, -6284, -266.25, 79.00, 10.61, 10.13, 65.55
0, 2597128, -60041, -6057, -266.25, 77.50, 11.76, 10.17, 68.07
0, 2606415, -57754, -5793, -247.69, 75.62, 12.89, 8.95, 71.08
0, 2615227, -55262, -5534, -226.25, 73.37, 12.95, 8.95, 73.83
0, 2623187, -52865, -5297, -204.75, 70.75, 12.95, 9.15, 76.21
0, 2629141, -51003, -5131, -183.50, 70.75, 13.14, 10.92, 77.92
0, 2635905, -48912, -4930, -183.50, 68.19, 12.45, 10.92, 79.80
0, 2642644, -46873, -4741, -162.69, 65.50, 10.42, 10.36, 81.60
0, 2651830, -43758, -4435, -142.62, 62.94, 7.64, 9.57, 83.93
0, 2661122, -40555, -4103, -123.37, 60.44, 7.64, 10.40, 86.14
0, 2667890, -38131, -3861, -104.81, 60.44, 5.00, 7.95, 87.65
0, 2675768, -35257, -3599, -104.81, 57.44, 2.42, 7.95, 89.31
0, 2681733, -33220, -3402, -86.94, 54.13, 8.89, 9.89, 90.49
0, 2689892, -30485, -3139, -69.44, 54.13, 8.89, 10.51, 92.00
0, 2697775, -27644, -2861, -51.94, 51.00, 12.51, 10.15, 93.34
0, 2706726, -24461, -2545, -51.94, 48.00, 12.47, 10.20, 94.72
0, 2715579, -21405, -2190, -34.13, 44.94, 17.18, 10.20, 95.92
0, 2723554, -18491, -1878, -16.06, 41.81, 17.18, 10.25, 96.88
0, 2729572, -16215, -1647, 2.62, 41.81, 16.09, 8.76, 97.52
0, 2736358, -13812, -1428, 2.62, 38.38, 16.67, 8.76, 98.15
0, 2742965, -11522, -1210, 22.06, 34.81, 16.57, 9.23, 98.68
0, 2752247, -8142, -884, 42.31, 31.62, 10.51, 10.66, 99.27
0, 2761222, -4865, -543, 63.38, 28.69, 10.51, 9.42, 99.68
0, 2767997, -2346, -285, 85.31, 28.69, 6.31, 9.09, 99.88
0, 2776061, 586, -27, 85.31, 25.56, 7.35, 9.09, 99.99
0, 2781782, 2606, 163, 107.94, 22.19, 4.38, 8.30, 99.99
0, 2789975, 5619, 462, 130.69, 22.19, 4.38, 10.69, 99.88
0, 2797502, 8390, 738, 153.25, 19.06, 7.29, 8.76, 99.65
0, 2806627, 11701, 1039, 153.25, 15.88, 12.29, 8.76, 99.22
0, 2815855, 15008, 1410, 175.19, 12.56, 12.21, 9.62, 98.61
0, 2823524, 17816, 1708, 196.37, 9.31, 12.21, 11.66, 97.97
0, 2829937, 20227, 1953, 216.56, 9.31, 18.17, 8.71, 97.35
0, 2837357, 22936, 2217, 235.87, 5.87, 15.61, 8.71, 96.53
0, 2843648, 25197, 2427, 235.87, 2.44, 17.78, 10.37, 95.75
0, 2852435, 28404, 2742, 254.31, -0.81, 14.52, 10.24, 94.53
0, 2861603, 31757, 3078, 272.25, -3.94, 14.52, 7.42, 93.09
0, 2868379, 34259, 3339, 289.81, -3.94, 12.80, 10.21, 91.93
0, 2876505, 37253, 3607, 289.81, -7.12, 7.52, 10.21, 90.42
0, 2882216, 39348, 3812, 307.31, -10.44, 2.35, 9.52, 89.29
0, 2890255, 42308, 4094, 324.94, -10.44, 2.35, 8.61, 87.60
0, 2898076, 45191, 4389, 342.87, -13.69, 1.03, 9.56, 85.84
0, 2906709, 48306, 4689, 342.87, -16.69, 5.71, 9.56, 83.77
0, 2915392, 51189, 5009, 361.50, -20.00, 9.28, 10.02, 81.56
0, 2922232, 53381, 5215, 380.81, -23.44, 9.28, 11.40, 79.73
0, 2929273, 55716, 5471, 401.06, -23.44, 15.56, 11.40, 77.77
0, 2936263, 58161, 5697, 401.06, -26.81, 14.39, 9.53, 75.74
0, 2942875, 60422, 5921, 422.12, -29.75, 15.82, 8.63, 73.76
0, 2951981, 63393, 6217, 443.94, -32.81, 15.74, 10.68, 70.91
0, 2961708, 66394, 6532, 466.37, -35.69, 15.74, 7.72, 67.75
0, 2968485, 68339, 6722, 488.94, -35.69, 14.09, 10.01, 65.46
0, 2976778, 70515, 6941, 488.94, -38.63, 11.82, 10.01, 62.58
0, 2982793, 72013, 7082, 511.12, -41.44, 7.36, 10.07, 60.44
0, 2990940, 73996, 7252, 532.69, -41.44, 7.36, 9.40, 57.46
0, 2999061, 75855, 7434, 553.44, -43.94, 7.07, 9.32, 54.42
0, 3008947, 77953, 7632, 573.56, -46.13, 7.06, 9.44, 50.61
0, 3016908, 79530, 7791, 573.56, -48.00, 6.61, 9.44, 47.48
0, 3024763, 81029, 7939, 593.12, -49.94, 7.87, 9.44, 44.32
0, 3030665, 82110, 8041, 611.50, -49.94, 7.87, 9.26, 41.91
0, 3038475, 83437, 8167, 628.25, -51.69, 7.55, 9.26, 38.68
0, 3045244, 84408, 8282, 628.25, -53.44, 8.18, 9.48, 35.84
0, 3053093, 85329, 8391, 643.87, -55.06, 10.93, 9.41, 32.50
0, 3062367, 86225, 8490, 658.25, -56.56, 10.93, 10.24, 28.51
0, 3069359, 86808, 8552, 669.81, -56.56, 10.49, 9.72, 25.47
0, 3077347, 87329, 8607, 669.81, -57.94, 10.30, 9.72, 21.96
0, 3083576, 87657, 8641, 678.81, -58.94, 10.74, 9.51, 19.20
0, 3091393, 88004, 8675, 686.19, -59.75, 10.74, 9.73, 15.72
0, 3099553, 88248, 8698, 691.81, -59.75, 10.38, 9.46, 12.07
0, 3109598, 88376, 8710, 696.00, -60.31, 10.32, 9.75, 7.55
0, 3117429, 88368, 8715, 696.00, -60.75, 10.59, 9.75, 4.01
0, 3125428, 88356, 8717, 699.00, -61.00, 10.18, 9.55, 0.40
0, 3131376, 88343, 8718, 700.31, -61.00, 10.18, 9.46, -2.29
0, 3139481, 88303, 8725, 700.37, -61.13, 9.54, 9.46, -5.96
0, 3147094, 88218, 8729, 700.37, -61.13, 9.60, 9.47, -9.39
0, 3156473, 87976, 8730, 700.25, -61.19, 10.73, 9.39, -13.60
0, 3165218, 87658, 8763, 699.87, -61.25, 10.39, 9.49, -17.51
0, 3171294, 87451, 8788, 698.94, -61.25, 10.39, 9.27, -20.20
0, 3179370, 87108, 8759, 696.62, -61.19, 10.14, 9.27, -23.77
0, 3186261, 86712, 8724, 696.62, -61.31, 10.39, 9.11, -26.78
0, 3192958, 86235, 8678, 693.62, -61.69, 11.06, 9.69, -29.69
0, 3200849, 85535, 8605, 690.37, -61.69, 11.06, 9.69, -33.07
0, 3210056, 84489, 8497, 685.56, -61.31, 10.20, 9.92, -36.97
0, 3217891, 83447, 8393, 679.00, -60.75, 10.81, 9.92, -40.24
0, 3225637, 82333, 8282, 679.00, -59.94, 10.63, 9.71, -43.42
0, 3231699, 81410, 8211, 670.25, -59.94, 10.63, 9.07, -45.88
0, 3239860, 80099, 8080, 659.50, -58.81, 9.34, 9.53, -49.12
0, 3247716, 78859, 7907, 647.50, -57.56, 8.85, 9.53, -52.19
0, 3256699, 77311, 7714, 647.50, -56.31, 9.13, 9.38, -55.61
0, 3264843, 75820, 7546, 634.44, -54.81, 7.84, 8.64, -58.63
0, 3271818, 74464, 7396, 621.06, -54.81, 7.84, 9.19, -61.16
0, 3279917, 72849, 7249, 606.50, -52.81, 8.21, 9.19, -64.01
0, 3287611, 71288, 7141, 590.50, -50.94, 6.58, 10.22, -66.64
0, 3293498, 70065, 7017, 590.50, -49.06, 8.14, 9.43, -68.61
0, 3301130, 68258, 6850, 573.19, -49.06, 8.14, 10.49, -71.08
0, 3310142, 65845, 6652, 554.94, -47.50, 7.76, 8.58, -73.88
0, 3318175, 63520, 6416, 535.25, -46.00, 7.03, 8.58, -76.28
0, 3325685, 61093, 6186, 535.25, -44.06, 11.57, 9.83, -78.43
0, 3331845, 59002, 5955, 514.00, -44.06, 11.57, 9.38, -80.13
0, 3339704, 56335, 5682, 492.12, -42.00, 12.87, 9.38, -82.20
0, 3346856, 53881, 5452, 492.12, -39.38, 15.22, 8.60, -84.00
0, 3354154, 51406, 5204, 469.81, -36.25, 16.69, 9.52, -85.75
0, 3362390, 48361, 4909, 447.56, -36.25, 16.69, 10.78, -87.60
0, 3370001, 45569, 4626, 425.62, -33.19, 14.98, 10.78, -89.21
0, 3378303, 42740, 4331, 404.37, -30.25, 15.43, 8.64, -90.84
0, 3385017, 40542, 4069, 404.37, -27.06, 13.45, 7.70, -92.07
0, 3391889, 38194, 3810, 384.12, -27.06, 5.75, 9.44, -93.24
0, 3400108, 35248, 3556, 364.62, -23.75, 5.75, 9.79, -94.52
0, 3409781, 31732, 3235, 345.87, -20.25, 5.09, 9.79, -95.86
0, 3417982, 28694, 2960, 345.87, -17.31, 3.06, 9.51, -96.85
0, 3424815, 26155, 2711, 327.69, -14.38, 7.63, 7.22, -97.57
0, 3431762, 23621, 2446, 310.00, -14.38, 7.63, 8.88, -98.21
0, 3439732, 20714, 2137, 292.50, -11.31, 11.78, 8.88, -98.82
0, 3447014, 18125, 1904, 292.50, -8.00, 12.77, 9.16, -99.27
0, 3454279, 15451, 1630, 274.87, -4.62, 14.99, 9.74, -99.62
0, 3462071, 12586, 1370, 257.00, -4.62, 16.32, 8.02, -99.86
0, 3470018, 9716, 1075, 238.56, -1.69, 16.32, 8.02, -99.99
0, 3478440, 6655, 761, 219.44, 1.50, 16.63, 9.67, -99.98
0, 3485152, 4262, 474, 219.44, 4.75, 12.73, 8.86, -99.87
0, 3492126, 1717, 203, 199.44, 4.75, 11.06, 7.45, -99.65
0, 3500216, -1211, -38, 178.44, 8.25, 11.06, 11.85, -99.28
0, 3509649, -4645, -366, 156.69, 12.06, 7.64, 11.85, -98.68
0, 3517426, -7508, -641, 156.69, 15.06, 2.69, 8.09, -98.05
0, 3524279, -10068, -901, 134.19, 18.00, 2.33, 7.92, -97.39
0, 3531284, -12630, -1167, 111.44, 18.00, 2.33, 9.99, -96.63
0, 3539123, -15466, -1465, 88.75, 21.25, 6.35, 9.99, -95.65
0, 3545920, -17859, -1679, 88.75, 24.62, 10.49, 9.59, -94.71
0, 3553148, -20538, -1944, 66.62, 27.94, 12.11, 10.62, -93.61
0, 3561789, -23710, -2243, 45.31, 27.94, 12.11, 9.41, -92.17
0, 3569833, -26629, -2542, 25.00, 30.94, 16.07, 9.41, -90.69
0, 3577552, -29349, -2818, 5.50, 34.13, 16.89, 9.16, -89.17
0, 3583779, -31470, -3132, 5.50, 37.38, 17.13, 9.42, -87.86
0, 3591337, -34044, -3381, -13.19, 37.38, 17.13, 5.37, -86.17
0, 3599466, -36775, -3621, -31.37, 40.94, 12.74, 5.37, -84.25
0, 3608648, -39794, -3894, -49.25, 44.50, 12.01, 12.90, -81.94
0, 3615460, -41971, -4075, -49.25, 47.31, 6.89, 8.33, -80.14
0, 3622315, -44138, -4261, -67.00, 47.31, 5.08, 10.56, -78.25
0, 3630174, -46635, -4557, -84.81, 50.00, 5.08, 10.56, -75.99
0, 3637692, -49058, -4802, -102.87, 52.38, 4.23, 9.10, -73.73
0, 3643847, -50986, -5007, -102.87, 55.44, 5.74, 7.78, -71.82
0, 3651383, -53316, -5226, -121.44, 55.44, 8.15, 11.56, -69.41
0, 3660690, -56014, -5486, -140.69, 58.44, 8.15, 11.56, -66.32
0, 3668575, -58232, -5686, -160.69, 61.25, 12.01, 9.82, -63.61
0, 3675232, -60153, -5874, -160.69, 63.69, 12.44, 9.52, -61.26
0, 3682047, -62068, -6073, -181.50, 63.69, 12.44, 8.12, -58.79
0, 3690075, -63981, -6257, -202.81, 66.00, 12.44, 8.12, -55.82
0, 3697583, -65537, -6426, -224.62, 68.62, 13.33, 10.07, -52.97
0, 3704599, -66761, -6618, -224.62, 70.81, 11.95, 10.34, -50.25
0, 3712751, -68027, -6762, -246.50, 70.81, 11.10, 8.73, -47.03
0, 3720584, -69132, -6883, -267.44, 72.81, 11.10, 8.73, -43.88
0, 3728343, -70160, -6981, -284.44, 74.87, 9.92, 11.38, -40.70
0, 3734415, -70920, -7056, -284.44, 74.87, 9.92, 10.06, -38.18
0, 3741661, -71726, -7140, -298.69, 76.25, 9.92, 10.50, -35.13
0, 3750006, -72518, -7204, -311.37, 77.44, 9.82, 10.50, -31.57
0, 3759391, -73267, -7259, -322.81, 78.56, 8.96, 10.92, -27.52
0, 3766314, -73711, -7290, -322.81, 79.31, 8.91, 9.72, -24.49
0, 3773023, -74006, -7314, -332.31, 79.31, 8.77, 9.95, -21.54
0, 3780860, -74204, -7331, -340.00, 79.87, 8.77, 9.95, -18.07
0, 3788701, -74260, -7337, -346.00, 80.25, 8.20, 9.99, -14.57
0, 3795479, -74257, -7339, -346.00, 80.50, 8.69, 10.11, -11.53
0, 3802286, -74250, -7341, -349.56, 80.50, 9.43, 9.50, -8.47
0, 3811911, -74238, -7345, -351.00, 80.56, 9.43, 9.50, -4.13
0, 3820139, -74216, -7351, -351.00, 80.56, 9.74, 9.67, -0.41
0, 3827550, -74179, -7354, -350.87, 80.62, 9.72, 9.81, 2.94
0, 3834956, -74088, -7359, -350.87, 80.62, 9.38, 9.97, 6.29
0, 3842106, -73930, -7357, -350.75, 80.69, 8.64, 9.87, 9.51
0, 3850404, -73624, -7357, -350.37, 80.75, 8.64, 9.87, 13.24
0, 3860109, -73470, -7364, -349.31, 80.81, 9.75, 9.99, 17.58
0, 3867656, -73466, -7364, -346.94, 80.81, 12.11, 9.56, 20.93
0, 3873973, -73462, -7364, -346.94, 80.81, 10.05, 10.16, 23.71
0, 3882158, -73457, -7365, -344.25, 80.87, 9.50, 9.57, 27.29
0, 3891075, -73450, -7365, -343.94, 80.87, 9.50, 9.57, 31.14
0, 3900307, -73310, -7362, -343.87, 80.87, 9.81, 9.61, 35.08
0, 3910242, -72675, -7310, -343.81, 80.94, 9.52, 9.90, 39.25
0, 3917398, -72072, -7258, -343.81, 80.87, 7.01, 10.55, 42.21
0, 3923876, -71419, -7198, -343.44, 80.87, 8.77, 10.01, 44.85
0, 3931953, -70543, -7116, -339.56, 80.44, 8.77, 10.01, 48.08
0, 3940160, -69581, -7026, -332.56, 79.81, 9.16, 9.96, 51.30
0, 3947794, -68556, -6937, -323.44, 78.94, 9.73, 9.77, 54.23
0, 3956165, -67278, -6818, -323.44, 77.94, 9.52, 9.22, 57.37
0, 3963952, -65944, -6686, -313.19, 77.94, 9.49, 9.77, 60.22
0, 3971786, -64337, -6529, -301.31, 76.87, 9.49, 9.77, 63.01
0, 3979549, -62479, -6348, -287.12, 75.56, 10.53, 10.09, 65.70
0, 3986612, -60741, -6153, -287.12, 73.94, 11.25, 10.99, 68.07
0, 3993073, -59187, -5949, -270.25, 73.94, 12.53, 10.32, 70.18
0, 4001023, -57051, -5720, -249.75, 71.94, 12.53, 10.32, 72.70
0, 4010579, -54255, -5423, -228.00, 69.50, 12.88, 8.87, 75.60
0, 4017638, -52073, -5223, -206.44, 66.87, 13.67, 9.15, 77.65
0, 4024216, -50006, -5028, -206.44, 66.87, 12.87, 9.84, 79.49
0, 4032423, -47526, -4800, -185.00, 64.12, 8.78, 9.84, 81.68
0, 4040517, -44864, -4551, -164.19, 61.56, 8.78, 9.69, 83.74
0, 4048355, -42166, -4267, -144.12, 59.00, 7.37, 8.98, 85.62
0, 4056537, -39305, -3970, -144.12, 56.38, 7.38, 10.79, 87.48
0, 4064257, -36473, -3711, -124.75, 56.38, 3.09, 9.27, 89.11
0, 4072382, -33629, -3444, -106.25, 53.25, 3.09, 9.27, 90.72
0, 4080630, -30874, -3180, -88.37, 50.00, 7.05, 11.28, 92.23
0, 4088469, -28093, -2906, -70.81, 46.94, 12.27, 8.07, 93.54
0, 4095410, -25574, -2665, -70.81, 46.94, 11.73, 11.04, 94.60
0, 4102176, -23260, -2395, -53.19, 43.94, 17.50, 10.40, 95.55
0, 4111775, -19786, -2029, -35.38, 40.81, 17.50, 10.40, 96.74
0, 4119482, -16932, -1704, -17.31, 37.63, 16.86, 8.98, 97.56
0, 4125641, -14778, -1521, -17.31, 37.63, 16.04, 9.56, 98.14
0, 4133238, -12063, -1258, 1.37, 34.19, 12.64, 9.56, 98.74
0, 4141448, -9090, -977, 20.75, 30.56, 12.64, 11.20, 99.26
0, 4149441, -6177, -690, 40.88, 27.50, 9.04, 9.72, 99.63
0, 4157330, -3296, -384, 40.88, 24.62, 10.46, 12.35, 99.87
0, 4164620, -657, -136, 61.94, 24.62, 6.95, 7.85, 99.99
0, 4172793, 2306, 132, 83.87, 21.44, 6.95, 7.85, 99.98
0, 4180963, 5306, 434, 106.44, 18.00, 4.39, 8.58, 99.84
0, 4188775, 8182, 717, 129.19, 15.00, 6.21, 9.42, 99.58
0, 4195777, 10731, 944, 129.19, 15.00, 10.40, 10.25, 99.23
0, 4202541, 13199, 1228, 151.69, 11.81, 15.23, 10.32, 98.81
0, 4212593, 16824, 1584, 173.69, 8.38, 15.23, 10.32, 98.01
0, 4220592, 19785, 1907, 194.81, 5.19, 16.61, 9.34, 97.23
0, 4227265, 22188, 2131, 194.81, 1.75, 15.33, 8.63, 96.48
0, 4235034, 25041, 2413, 215.00, 1.75, 16.56, 9.59, 95.50
0, 4242107, 27603, 2682, 234.37, -1.75, 14.18, 9.59, 94.50
0, 4250246, 30588, 2971, 252.87, -4.87, 14.18, 8.02, 93.23
0, 4258990, 33817, 3298, 270.87, -8.13, 11.67, 10.57, 91.73
0, 4265338, 36137, 3516, 270.87, -8.13, 8.18, 9.98, 90.55
0, 4273229, 39025, 3776, 288.56, -11.25, 2.30, 9.98, 88.97
0, 4281189, 41925, 4055, 306.06, -14.63, 2.30, 9.23, 87.27
0, 4289047, 44826, 4350, 323.69, -17.75, 2.77, 10.45, 85.48
0, 4295804, 47314, 4582, 323.69, -17.75, 3.82, 8.76, 83.86
0, 4302580, 49663, 4860, 341.62, -20.81, 13.24, 8.76, 82.15
0, 4312152, 52744, 5154, 360.25, -24.25, 13.24, 8.73, 79.61
0, 4319345, 55074, 5411, 379.56, -27.62, 14.46, 8.74, 77.60
0, 4325686, 57263, 5615, 379.56, -27.62, 14.49, 8.75, 75.76
0, 4333813, 60068, 5890, 399.81, -30.87, 14.86, 8.75, 73.31
0, 4341452, 62572, 6138, 420.81, -33.88, 14.86, 9.29, 70.91
0, 4349543, 65092, 6405, 442.56, -36.88, 16.12, 8.36, 68.29
0, 4358157, 67579, 6651, 465.00, -39.75, 13.22, 8.55, 65.39
0, 4364995, 69400, 6834, 465.00, -39.75, 13.06, 10.07, 63.02
0, 4372945, 71382, 7028, 487.37, -42.63, 13.06, 10.07, 60.19
0, 4381039, 73333, 7191, 509.44, -45.25, 7.90, 9.55, 57.23
0, 4388878, 75092, 7357, 530.81, -47.63, 7.65, 10.06, 54.28
0, 4395657, 76468, 7487, 530.81, -47.63, 6.35, 10.06, 51.68
0, 4402596, 77787, 7616, 551.56, -49.69, 6.82, 9.52, 48.97
0, 4412366, 79520, 7789, 571.69, -51.50, 6.82, 10.15, 45.07
0, 4419281, 80718, 7908, 590.37, -53.31, 8.10, 9.80, 42.26
0, 4425891, 81812, 8014, 590.37, -53.31, 8.05, 9.18, 39.53
0, 4434004, 83054, 8131, 606.62, -54.94, 8.37, 9.18, 36.14
0, 4441523, 84035, 8233, 621.50, -56.50, 8.37, 9.71, 32.95
0, 4449606, 84828, 8334, 635.62, -58.06, 9.91, 9.48, 29.48
0, 4458862, 85551, 8415, 648.37, -59.38, 10.65, 10.15, 25.45
0, 4465651, 85955, 8461, 648.37, -59.38, 10.70, 9.82, 22.47
0, 4473511, 86308, 8499, 658.50, -60.63, 10.68, 9.82, 18.99
0, 4481253, 86545, 8525, 665.87, -61.56, 10.68, 9.84, 15.55
0, 4489162, 86626, 8533, 671.37, -62.19, 10.39, 9.72, 12.00
0, 4496051, 86617, 8538, 671.37, -62.19, 10.84, 9.72, 8.91
0, 4503080, 86610, 8540, 675.12, -62.56, 10.79, 9.67, 5.74
0, 4512938, 86599, 8544, 677.25, -62.75, 10.79, 9.52, 1.28
0, 4520014, 86576, 8551, 677.50, -62.81, 9.62, 9.52, -1.92
0, 4526498, 86538, 8570, 677.50, -62.81, 9.60, 9.67, -4.85
0, 4535651, 86425, 8582, 677.37, -62.75, 9.49, 9.67, -8.98
0, 4542423, 86288, 8582, 677.25, -62.81, 10.44, 9.06, -12.02
0, 4550318, 85997, 8583, 676.87, -63.00, 10.44, 9.51, -15.56
0, 4559682, 85609, 8603, 675.94, -63.00, 10.30, 9.20, -19.73
0, 4566502, 85255, 8574, 675.94, -63.00, 10.76, 10.15, -22.74
0, 4574426, 84740, 8521, 674.06, -63.00, 10.23, 10.15, -26.21
0, 4582189, 84102, 8459, 670.81, -62.81, 10.14, 10.51, -29.58
0, 4590264, 83310, 8376, 666.94, -62.19, 10.14, 9.89, -33.05
0, 4597928, 82458, 8292, 661.62, -62.19, 10.79, 9.62, -36.30
0, 4604123, 81698, 8233, 661.62, -61.38, 10.01, 9.62, -38.90
0, 4613717, 80420, 8114, 654.62, -60.38, 10.01, 9.37, -42.86
0, 4621251, 79436, 7991, 646.06, -59.44, 9.51, 9.39, -45.91
0, 4627349, 78594, 7871, 646.06, -59.44, 8.93, 10.08, -48.34
0, 4636453, 77183, 7693, 636.06, -58.19, 9.05, 10.08, -51.90
0, 4643548, 75996, 7564, 625.00, -56.56, 7.93, 9.26, -54.62
0, 4651440, 74551, 7403, 613.69, -54.88, 7.93, 9.95, -57.57
0, 4660784, 72757, 7242, 600.87, -53.13, 8.09, 9.44, -60.98
0, 4667243, 71462, 7153, 600.87, -53.13, 7.12, 8.65, -63.26
0, 4675305, 69764, 6983, 586.44, -51.38, 8.15, 8.65, -66.04
0, 4683662, 67723, 6806, 570.12, -50.00, 7.51, 9.51, -68.83
0, 4691423, 65638, 6630, 552.50, -48.25, 7.51, 10.79, -71.34
0, 4699550, 63346, 6397, 533.31, -48.25, 7.41, 10.03, -73.86
0, 4706556, 61153, 6192, 533.31, -46.38, 9.03, 10.05, -75.96
0, 4715508, 58185, 5865, 512.25, -44.06, 12.60, 10.05, -78.53
0, 4723495, 55486, 5606, 490.50, -41.44, 12.60, 9.54, -80.72
0, 4730156, 53246, 5386, 468.37, -38.31, 14.97, 9.59, -82.46
0, 4739076, 50228, 5102, 446.19, -38.31, 16.32, 9.19, -84.67
0, 4745852, 47708, 4848, 446.19, -35.44, 14.60, 9.19, -86.26
0, 4752626, 45262, 4602, 424.37, -32.50, 16.41, 10.70, -87.77
0, 4762521, 41876, 4227, 403.25, -29.25, 16.41, 8.94, -89.83
0, 4768635, 39798, 3986, 382.94, -29.25, 12.23, 8.88, -91.01
0, 4776098, 37118, 3690, 382.94, -26.00, 7.95, 8.88, -92.35
0, 4784328, 34154, 3464, 363.56, -22.37, 4.65, 9.70, -93.72
0, 4791714, 31470, 3216, 344.81, -18.81, 4.65, 9.38, -94.83
0, 4800004, 28414, 2933, 326.69, -18.81, 3.56, 6.56, -95.95
0, 4807414, 25654, 2662, 326.69, -16.00, 4.88, 11.80, -96.84
0, 4815900, 22545, 2329, 308.94, -13.13, 12.75, 11.80, -97.73
0, 4823872, 19591, 2035, 291.37, -9.88, 12.75, 8.76, -98.43
0, 4830801, 17112, 1802, 273.75, -6.50, 14.61, 8.83, -98.93
0, 4839748, 13779, 1485, 255.87, -6.50, 17.07, 8.10, -99.44
0, 4847022, 11092, 1220, 255.87, -3.25, 17.01, 8.10, -99.73
0, 4853472, 8815, 999, 237.31, -0.13, 17.05, 9.23, -99.90
0, 4863532, 5223, 583, 218.06, 3.12, 17.05, 9.85, -100.00
0, 4870176, 2766, 311, 198.00, 6.37, 13.50, 8.18, -99.95
0, 4876970, 262, 63, 198.00, 6.37, 12.98, 8.29, -99.80
0, 4885897, -2879, -207, 177.06, 10.06, 8.26, 8.29, -99.47
0, 4892661, -5358, -421, 155.31, 13.69, 2.44, 12.12, -99.11
0, 4900520, -8240, -722, 132.75, 16.44, 2.44, 8.02, -98.57
0, 4908106, -11021, -996, 110.06, 16.44, 3.02, 9.73, -97.94
0, 4916347, -14037, -1326, 110.06, 19.44, 7.54, 9.73, -97.12
0, 4924302, -16961, -1608, 87.44, 22.81, 7.54, 10.25, -96.20
0, 4931216, -19427, -1830, 65.37, 26.25, 10.43, 9.45, -95.30
0, 4939956, -22645, -2127, 44.06, 26.25, 13.11, 10.70, -94.03
0, 4947469, -25364, -2398, 44.06, 29.44, 14.16, 10.70, -92.82
0, 4953771, -27619, -2626, 23.75, 32.44, 16.05, 9.75, -91.72
0, 4963726, -31072, -3071, 4.37, 35.69, 16.05, 9.59, -89.83
0, 4970563, -33454, -3306, -14.31, 38.94, 16.50, 9.37, -88.43
0, 4977365, -35770, -3552, -14.31, 38.94, 14.87, 12.35, -86.95
0, 4986707, -38963, -3811, -32.44, 42.81, 11.75, 12.35, -84.79
0, 4993300, -41154, -4020, -50.31, 46.13, 7.06, 10.07, -83.17
0, 5001129, -43718, -4217, -68.06, 48.81, 7.06, 8.38, -81.16
0, 5008977, -46303, -4524, -85.81, 48.81, 4.46, 9.12, -79.03
0, 5016793, -48932, -4785, -85.81, 51.50, 4.07, 9.12, -76.82
0, 5024727, -51540, -5065, -103.87, 54.19, 4.07, 11.31, -74.47
0, 5031408, -53716, -5262, -122.44, 57.31, 6.04, 8.24, -72.42
0, 5040051, -56356, -5521, -141.69, 57.31, 9.09, 10.68, -69.67
0, 5047124, -58481, -5708, -141.69, 60.44, 11.45, 10.68, -67.34
0, 5054775, -60850, -5950, -161.75, 63.13, 12.27, 10.63, -64.74
0, 5065509, -63811, -6243, -182.56, 65.69, 14.84, 9.76, -60.97
0, 5073174, -65585, -6432, -204.06, 68.37, 14.84, 10.59, -58.19
0, 5080637, -67063, -6665, -226.00, 70.94, 14.50, 9.78, -55.41
0, 5089532, -68652, -6830, -248.06, 70.94, 12.10, 7.25, -52.02
0, 5096284, -69790, -6946, -248.06, 73.12, 10.54, 7.25, -49.38
0, 5103133, -70912, -7055, -269.56, 75.50, 10.34, 12.77, -46.67
0, 5113271, -72409, -7193, -288.56, 77.12, 10.34, 9.88, -42.57
0, 5120193, -73323, -7261, -305.00, 77.12, 9.54, 10.10, -39.71
0, 5127633, -74182, -7329, -305.00, 78.56, 9.15, 10.55, -36.60
0, 5136583, -75073, -7414, -320.12, 79.81, 8.79, 10.55, -32.81
0, 5143338, -75673, -7475, -333.56, 80.69, 8.58, 9.51, -29.91
0, 5151177, -76289, -7531, -345.06, 81.56, 8.58, 10.11, -26.51
0, 5159155, -76769, -7573, -354.50, 81.56, 9.13, 10.02, -23.01
0, 5167008, -77092, -7600, -354.50, 82.37, 8.63, 10.02, -19.54
0, 5174723, -77262, -7612, -362.44, 83.00, 8.68, 10.24, -16.11
0, 5181372, -77284, -7615, -369.06, 83.37, 8.68, 10.32, -13.14
0, 5189982, -77276, -7617, -373.62, 83.37, 8.89, 9.54, -9.27
0, 5197148, -77263, -7619, -373.62, 83.56, 9.24, 9.54, -6.04
0, 5203535, -77248, -7621, -376.12, 83.62, 9.90, 10.23, -3.15
0, 5212948, -77227, -7624, -376.56, 83.69, 9.90, 9.44, 1.10
0, 5219810, -77189, -7627, -376.44, 83.69, 9.34, 9.80, 4.21
0, 5227622, -77074, -7628, -376.44, 83.75, 9.78, 9.80, 7.73
0, 5236707, -76789, -7628, -376.25, 83.75, 9.04, 10.05, 11.82
0, 5243408, -76515, -7643, -376.00, 83.81, 9.16, 9.98, 14.82
0, 5251235, -76432, -7647, -375.37, 83.81, 9.16, 9.75, 18.31
0, 5259431, -76431, -7647, -373.50, 83.87, 11.27, 10.08, 21.94
0, 5267289, -76425, -7648, -373.50, 83.94, 10.34, 10.08, 25.40
0, 5275268, -76420, -7650, -370.31, 84.00, 9.55, 9.68, 28.87
0, 5282238, -76413, -7651, -369.25, 84.00, 9.37, 9.85, 31.87
0, 5291062, -76134, -7620, -369.19, 84.00, 9.37, 10.21, 35.63
0, 5299112, -75519, -7562, -369.12, 84.06, 9.28, 10.21, 39.00
0, 5306445, -74769, -7489, -369.12, 84.06, 7.15, 10.34, 42.04
0, 5315415, -73627, -7387, -368.87, 83.62, 8.43, 10.06, 45.68
0, 5322104, -72698, -7308, -365.56, 82.87, 8.43, 10.14, 48.35
0, 5328899, -71711, -7221, -358.12, 82.87, 8.75, 9.89, 51.02
0, 5337896, -70409, -7100, -347.75, 81.87, 9.59, 9.89, 54.47
0, 5344065, -69494, -7020, -347.75, 80.81, 9.84, 9.67, 56.79
0, 5351753, -68217, -6906, -335.50, 79.62, 9.84, 9.57, 59.62
0, 5360125, -66700, -6761, -322.31, 79.62, 9.32, 10.46, 62.61
0, 5368006, -65083, -6605, -308.75, 78.37, 10.42, 10.46, 65.35
0, 5375962, -63139, -6413, -308.75, 77.00, 10.91, 9.98, 68.03
0, 5382814, -61328, -6233, -293.19, 75.44, 12.52, 10.76, 70.27
0, 5391542, -59102, -5937, -275.50, 75.44, 12.52, 10.56, 73.02
0, 5399674, -56785, -5692, -254.81, 73.44, 13.69, 10.56, 75.48
0, 5406678, -54623, -5462, -254.81, 71.12, 13.12, 8.35, 77.52
0, 5415594, -51711, -5193, -232.94, 68.31, 14.43, 9.19, 80.01
0, 5422397, -49482, -4981, -211.25, 65.56, 14.43, 9.79, 81.81
0, 5429324, -47305, -4781, -189.69, 65.56, 11.49, 9.72, 83.58
0, 5438236, -44218, -4482, -168.69, 62.69, 8.61, 9.72, 85.72
0, 5444463, -41991, -4248, -168.69, 60.00, 7.45, 9.26, 87.14
0, 5451881, -39289, -3968, -148.50, 57.38, 7.45, 10.81, 88.73
0, 5460240, -36207, -3690, -129.00, 57.38, 2.23, 8.08, 90.41
0, 5468122, -33393, -3419, -129.00, 54.19, 4.65, 8.08, 91.88
0, 5476014, -30632, -3154, -110.44, 50.81, 8.31, 11.12, 93.23
0, 5483057, -28022, -2898, -92.50, 47.69, 12.61, 8.20, 94.33
0, 5491763, -24882, -2594, -74.87, 47.69, 12.61, 10.26, 95.56
0, 5500001, -21985, -2257, -57.19, 44.56, 15.63, 10.26, 96.60
0, 5507220, -19297, -1978, -57.19, 41.38, 16.57, 10.37, 97.39
0, 5515917, -16104, -1629, -39.50, 38.13, 16.04, 8.51, 98.21
0, 5522564, -13680, -1409, -21.56, 34.63, 16.04, 8.84, 98.73
0, 5529822, -11213, -1189, -3.00, 34.63, 16.86, 9.68, 99.20
0, 5539863, -7551, -829, 16.19, 31.06, 14.92, 9.68, 99.67
0, 5546637, -5059, -563, 16.19, 27.94, 11.82, 8.88, 99.87
0, 5553364, -2554, -302, 36.19, 25.06, 5.99, 10.15, 99.98
0, 5561208, 323, -51, 57.06, 25.06, 5.99, 9.22, 99.99
0, 5569133, 3195, 234, 78.94, 21.87, 1.53, 9.22, 99.87
0, 5576892, 6061, 507, 78.94, 18.44, 3.48, 11.18, 99.63
0, 5583536, 8537, 762, 101.37, 15.38, 5.70, 7.73, 99.33
0, 5591968, 11607, 1035, 124.06, 15.38, 5.70, 9.76, 98.81
0, 5600132, 14368, 1345, 146.62, 12.19, 13.88, 9.76, 98.18
0, 5607182, 16982, 1605, 146.62, 8.75, 15.38, 9.17, 97.52
0, 5615557, 20076, 1938, 168.62, 5.62, 15.29, 7.32, 96.62
0, 5622111, 22456, 2163, 189.87, 5.62, 15.29, 9.27, 95.81
0, 5629809, 25265, 2436, 210.25, 2.25, 17.84, 11.43, 94.76
0, 5638692, 28509, 2752, 229.75, -1.31, 18.60, 11.43, 93.40
0, 5645155, 30855, 2994, 229.75, -4.44, 14.76, 9.32, 92.31
0, 5652249, 33484, 3270, 248.50, -7.62, 8.50, 10.03, 91.03
0, 5660700, 36592, 3549, 266.62, -7.62, 8.50, 8.25, 89.38
0, 5668630, 39491, 3826, 284.37, -10.81, 4.46, 8.25, 87.72
0, 5676326, 42314, 4095, 284.37, -14.13, 2.88, 9.03, 85.99
0, 5683114, 44813, 4350, 301.87, -17.25, 1.76, 9.59, 84.39
0, 5691858, 48013, 4655, 319.50, -17.25, 1.76, 8.45, 82.20
0, 5699886, 50633, 4949, 337.37, -20.37, 9.07, 8.45, 80.08
0, 5706806, 52775, 5155, 337.37, -23.81, 13.56, 9.57, 78.17
0, 5714641, 55206, 5423, 355.81, -27.19, 15.20, 9.14, 75.91
0, 5721698, 57554, 5640, 375.12, -27.19, 15.20, 9.27, 73.79
0, 5729748, 60217, 5903, 395.19, -30.37, 14.75, 9.27, 71.29
0, 5738531, 62991, 6176, 416.00, -33.31, 15.59, 9.83, 68.45
0, 5744785, 64887, 6385, 416.00, -36.06, 15.76, 11.01, 66.36
0, 5752221, 67017, 6597, 437.62, -36.06, 15.76, 9.24, 63.80
0, 5760686, 69263, 6820, 459.62, -38.88, 13.14, 9.36, 60.81
0, 5768922, 71259, 7016, 481.62, -41.56, 9.64, 9.36, 57.81
0, 5776524, 72991, 7162, 481.62, -43.94, 8.15, 9.85, 54.97
0, 5782701, 74317, 7282, 503.37, -46.00, 6.96, 9.96, 52.62
0, 5791654, 76043, 7448, 524.69, -46.00, 6.96, 9.96, 49.13
0, 5799468, 77414, 7579, 545.12, -47.69, 7.36, 9.78, 46.03
0, 5806246, 78513, 7688, 545.12, -49.44, 6.34, 9.70, 43.28
0, 5813675, 79624, 7799, 562.94, -49.44, 6.34, 9.24, 40.23
0, 5820844, 80670, 7903, 578.37, -50.88, 8.63, 9.24, 37.24
0, 5828998, 81787, 8012, 592.00, -52.31, 8.50, 9.48, 33.80
0, 5837249, 82800, 8107, 592.00, -53.63, 8.84, 9.25, 30.26
0, 5843708, 83475, 8172, 604.62, -54.81, 9.15, 9.85, 27.47
0, 5851591, 84069, 8240, 616.06, -54.81, 9.15, 9.83, 24.02
0, 5859443, 84417, 8283, 625.75, -55.88, 10.08, 9.83, 20.56
0, 5867043, 84589, 8304, 625.75, -56.63, 11.28, 10.06, 17.19
0, 5873221, 84616, 8307, 632.56, -56.63, 10.52, 9.78, 14.43
0, 5880769, 84608, 8313, 636.12, -57.13, 10.52, 9.94, 11.04
0, 5889995, 84603, 8315, 637.31, -57.31, 10.88, 9.94, 6.89
0, 5897011, 84592, 8320, 637.31, -57.38, 9.68, 9.51, 3.72
0, 5903590, 84583, 8323, 637.31, -57.44, 9.76, 9.36, 0.75
0, 5911471, 84563, 8331, 637.25, -57.44, 9.76, 9.55, -2.82
0, 5919628, 84508, 8334, 637.06, -57.50, 9.65, 9.55, -6.50
0, 5927123, 84364, 8334, 637.06, -57.63, 9.60, 9.28, -9.88
0, 5933423, 84123, 8334, 636.87, -57.69, 10.40, 9.47, -12.71
0, 5941905, 83752, 8367, 636.12, -57.69, 10.40, 9.40, -16.50
0, 5950532, 83415, 8382, 633.87, -57.69, 10.52, 9.40, -20.34
0, 5959583, 82964, 8339, 630.19, -57.88, 8.96, 9.33, -24.33
0, 5966903, 82494, 8296, 630.19, -58.13, 10.13, 9.66, -27.52
0, 5973373, 81973, 8254, 626.87, -58.13, 10.09, 9.64, -30.32
0, 5981099, 81254, 8195, 622.50, -57.69, 10.09, 9.39, -33.63
0, 5990234, 80347, 8104, 616.50, -57.06, 9.96, 9.39, -37.50
0, 5997414, 79626, 8016, 616.50, -56.38, 9.33, 9.50, -40.48
0, 6003756, 78941, 7915, 608.75, -55.44, 9.40, 9.80, -43.09
0, 6011828, 77913, 7790, 600.25, -55.44, 9.40, 9.95, -46.35
0, 6020074, 76762, 7647, 591.25, -54.25, 9.18, 9.95, -49.63
0, 6027621, 75590, 7515, 591.25, -52.81, 8.92, 9.60, -52.56
0, 6034028, 74502, 7398, 580.56, -51.31, 7.97, 9.89, -55.00
0, 6042274, 73048, 7263, 568.06, -51.31, 7.97, 9.30, -58.08
0, 6050345, 71563, 7159, 553.56, -49.75, 7.42, 9.30, -61.01
0, 6057343, 70215, 7029, 553.56, -48.19, 8.32, 8.85, -63.48
0, 6064335, 68671, 6882, 537.44, -48.19, 8.07, 10.91, -65.90
0, 6071728, 66824, 6738, 520.19, -46.94, 8.07, 10.91, -68.37
0, 6079904, 64650, 6529, 501.00, -45.31, 7.01, 8.53, -71.02
0, 6087776, 62385, 6306, 501.00, -43.50, 8.18, 9.33, -73.48
0, 6094567, 60214, 6077, 479.56, -41.31, 11.64, 9.31, -75.53
0, 6102198, 57744, 5815, 457.69, -41.31, 11.64, 10.42, -77.75
0, 6110481, 55017, 5559, 435.87, -38.75, 14.37, 10.42, -80.05
0, 6117699, 52673, 5326, 435.87, -35.69, 15.84, 9.12, -81.96
0, 6123997, 50570, 5133, 414.50, -35.69, 16.42, 10.15, -83.56
0, 6131765, 47727, 4849, 393.81, -32.88, 16.42, 10.21, -85.44
0, 6140777, 44504, 4540, 373.81, -30.06, 15.41, 10.21, -87.48
0, 6148655, 41865, 4226, 354.75, -26.94, 14.10, 8.14, -89.15
0, 6155017, 39712, 3975, 354.75, -23.62, 9.73, 10.36, -90.42
0, 6162566, 37024, 3679, 336.31, -23.62, 9.73, 9.78, -91.82
0, 6170789, 34118, 3458, 318.25, -20.12, 5.75, 9.78, -93.23
0, 6178376, 31409, 3211, 300.62, -16.50, 2.76, 8.74, -94.42
0, 6186144, 28567, 2945, 300.62, -13.63, 4.71, 10.55, -95.52
0, 6194113, 25626, 2648, 283.00, -13.63, 9.85, 8.18, -96.52
0, 6202043, 22718, 2331, 265.19, -10.81, 9.85, 8.18, -97.40
0, 6210602, 19594, 2029, 247.06, -7.69, 13.80, 9.15, -98.20
0, 6217765, 17008, 1794, 247.06, -4.37, 15.56, 8.72, -98.76
0, 6224301, 14633, 1566, 228.25, -4.37, 19.04, 11.04, -99.18
0, 6232089, 11755, 1287, 208.62, -1.06, 19.04, 11.04, -99.57
0, 6241066, 8504, 968, 188.12, 1.94, 19.39, 11.18, -99.86
0, 6248919, 5724, 645, 166.81, 5.19, 16.06, 9.14, -99.99
0, 6255371, 3334, 372, 166.81, 8.44, 14.57, 9.19, -99.99
0, 6262866, 591, 94, 144.75, 8.44, 14.57, 9.19, -99.89
0, 6271018, -2271, -143, 122.31, 12.06, 7.82, 10.15, -99.65
0, 6278449, -4995, -396, 99.56, 15.75, 6.62, 11.60, -99.32
0, 6286352, -7900, -686, 99.56, 18.69, 4.64, 8.73, -98.84
0, 6294857, -11008, -992, 77.19, 18.69, 4.23, 9.28, -98.18
0, 6302401, -13785, -1300, 55.38, 21.62, 4.23, 9.28, -97.48
0, 6310852, -16877, -1600, 34.44, 24.87, 10.94, 8.39, -96.55
0, 6317787, -19353, -1821, 34.44, 28.25, 13.28, 8.90, -95.69
0, 6324525, -21810, -2046, 14.44, 28.25, 16.07, 11.16, -94.76
0, 6332468, -24725, -2339, -4.62, 31.56, 18.70, 10.39, -93.55
0, 6341937, -28047, -2664, -23.00, 34.63, 18.70, 10.39, -91.95
0, 6350066, -30845, -3031, -40.88, 37.81, 16.45, 9.36, -90.44
0, 6356941, -33238, -3281, -40.88, 41.06, 15.14, 10.71, -89.08
0, 6363828, -35601, -3536, -58.56, 41.06, 12.16, 7.25, -87.62
0, 6371756, -38329, -3748, -76.31, 44.63, 12.16, 7.25, -85.83
0, 6379426, -40890, -4001, -94.25, 48.25, 9.39, 10.04, -84.00
0, 6387336, -43491, -4197, -94.25, 51.06, 6.53, 8.97, -82.01
0, 6395941, -46343, -4528, -112.50, 51.06, 3.57, 8.67, -79.72
0, 6402952, -48714, -4757, -131.37, 53.81, 4.73, 8.67, -77.77
0, 6411232, -51450, -5058, -150.94, 56.31, 4.73, 9.30, -75.36
0, 6418051, -53689, -5260, -150.94, 59.50, 6.19, 10.04, -73.30
0, 6424845, -55805, -5463, -171.25, 59.50, 10.36, 9.89, -71.17
0, 6432959, -58241, -5686, -192.50, 62.63, 13.62, 9.07, -68.55
0, 6443202, -61400, -6002, -214.25, 65.37, 12.68, 9.07, -65.10
0, 6451021, -63575, -6223, -236.37, 68.00, 12.68, 8.02, -62.38
0, 6458880, -65409, -6410, -258.56, 70.62, 14.96, 10.06, -59.56
0, 6466440, -66939, -6643, -258.56, 70.62, 14.25, 10.35, -56.78
0, 6475098, -68533, -6815, -280.37, 73.37, 12.07, 8.60, -53.52
0, 6483249, -69945, -6959, -301.37, 75.56, 10.13, 9.55, -50.37
0, 6493090, -71567, -7123, -319.87, 78.00, 10.60, 9.55, -46.47
0, 6500934, -72733, -7220, -336.12, 79.75, 10.60, 9.84, -43.30
0, 6508801, -73773, -7292, -351.19, 81.19, 9.39, 8.97, -40.07
0, 6514519, -74432, -7352, -351.19, 81.19, 9.50, 9.73, -37.69
0, 6522414, -75247, -7432, -364.44, 82.62, 9.50, 9.73, -34.36
0, 6530215, -75980, -7503, -375.81, 83.56, 8.30, 9.70, -31.02
0, 6537993, -76612, -7559, -375.81, 84.50, 9.08, 9.85, -27.66
0, 6546465, -77131, -7602, -385.12, 84.50, 8.96, 10.34, -23.96
0, 6553428, -77441, -7626, -393.19, 85.37, 8.49, 10.34, -20.89
0, 6561679, -77662, -7642, -399.81, 86.06, 8.49, 10.30, -17.23
0, 6568329, -77724, -7646, -404.44, 86.56, 8.91, 9.99, -14.26
0, 6575357, -77717, -7649, -404.44, 86.56, 8.74, 9.95, -11.11
0, 6583590, -77708, -7649, -407.25, 86.81, 9.79, 9.52, -7.40
0, 6593253, -77691, -7652, -408.12, 86.87, 9.18, 9.52, -3.04
0, 6601103, -77668, -7655, -408.06, 86.87, 9.18, 9.61, 0.51
0, 6608900, -77631, -7658, -407.87, 86.94, 9.82, 9.93, 4.04
0, 6614619, -77572, -7659, -407.87, 86.94, 9.43, 9.82, 6.62
0, 6622785, -77371, -7661, -407.69, 86.94, 9.43, 9.82, 10.30
0, 6630357, -77059, -7661, -407.25, 87.00, 9.35, 9.85, 13.70
0, 6638687, -76872, -7687, -405.87, 87.06, 9.62, 9.62, 17.42
0, 6646510, -76867, -7689, -405.87, 87.06, 11.39, 8.40, 20.89
0, 6653273, -76860, -7690, -402.87, 87.12, 10.19, 8.40, 23.87
0, 6661124, -76855, -7692, -401.00, 87.37, 10.19, 9.50, 27.30
0, 6667770, -76838, -7692, -401.00, 87.37, 9.57, 9.79, 30.18
0, 6674857, -76574, -7664, -400.87, 87.37, 9.43, 9.66, 33.22
0, 6683146, -75955, -7603, -400.81, 87.37, 7.89, 10.91, 36.73
0, 6693302, -74985, -7510, -400.12, 87.37, 7.92, 10.91, 40.96
0, 6701157, -74055, -7424, -395.56, 86.94, 7.92, 10.02, 44.18
0, 6708996, -72994, -7334, -388.19, 86.19, 8.55, 10.17, 47.33
0, 6714950, -72166, -7263, -388.19, 86.19, 8.58, 10.17, 49.68
0, 6723211, -70996, -7159, -378.69, 85.25, 8.58, 9.72, 52.89
0, 6730979, -69874, -7050, -367.25, 84.25, 9.96, 9.78, 55.84
0, 6739954, -68438, -6927, -355.00, 83.12, 9.79, 9.73, 59.16
0, 6748780, -66876, -6779, -342.31, 83.12, 9.62, 9.31, 62.33
0, 6755350, -65583, -6653, -342.31, 81.94, 10.41, 9.31, 64.62
0, 6763241, -63751, -6471, -328.00, 80.69, 10.41, 10.48, 67.30
0, 6770700, -61786, -6285, -311.69, 79.25, 10.98, 10.71, 69.76
0, 6776805, -60205, -6079, -311.69, 79.25, 12.38, 10.62, 71.71
0, 6785219, -57961, -5815, -292.44, 77.50, 13.77, 11.11, 74.31
0, 6794130, -55270, -5534, -271.06, 75.37, 13.19, 11.11, 76.94
0, 6801942, -52760, -5288, -249.31, 72.75, 13.19, 9.23, 79.15
0, 6809770, -50173, -5045, -227.31, 72.75, 13.31, 10.05, 81.27
0, 6815487, -48353, -4879, -227.31, 70.00, 11.62, 10.05, 82.75
0, 6823665, -45669, -4625, -205.44, 67.12, 11.62, 9.76, 84.76
0, 6831316, -42936, -4352, -183.94, 64.37, 8.49, 9.56, 86.55
0, 6840409, -39653, -4007, -163.12, 61.69, 7.41, 10.72, 88.54
0, 6849200, -36411, -3707, -143.19, 61.69, 2.43, 8.10, 90.31
0, 6856225, -33893, -3474, -143.19, 58.88, 4.42, 8.10, 91.63
0, 6863496, -31353, -3228, -124.12, 55.50, 4.42, 9.68, 92.90
0, 6870575, -28780, -2974, -105.69, 52.19, 8.54, 8.50, 94.04
0, 6877047, -26428, -2746, -105.69, 52.19, 12.58, 10.03, 94.99
0, 6886033, -23200, -2387, -87.69, 49.13, 15.60, 9.97, 96.18
0, 6895901, -19584, -2008, -69.94, 46.06, 16.44, 9.97, 97.31
0, 6902767, -17020, -1708, -52.38, 42.63, 16.21, 10.42, 97.98
0, 6910999, -13985, -1434, -34.56, 39.06, 16.21, 9.39, 98.65
0, 6916941, -11943, -1258, -34.56, 39.06, 16.26, 11.51, 99.06
0, 6924770, -9066, -974, -16.50, 35.56, 13.42, 11.51, 99.48
0, 6932485, -6239, -691, 2.19, 32.69, 13.42, 10.58, 99.77
0, 6941812, -2845, -333, 21.62, 29.56, 13.01, 9.06, 99.97
0, 6950149, 194, -67, 42.00, 26.25, 6.20, 10.15, 99.99
0, 6957108, 2738, 178, 42.00, 26.25, 2.91, 7.02, 99.90
0, 6964272, 5356, 436, 63.25, 22.94, 4.96, 7.02, 99.71
0, 6971897, 8155, 717, 85.31, 19.87, 4.96, 10.53, 99.38
0, 6978067, 10468, 934, 85.31, 19.87, 11.45, 10.08, 99.04
0, 6986927, 13584, 1270, 107.81, 16.56, 11.02, 10.03, 98.40
0, 6996973, 17284, 1636, 130.50, 13.25, 16.61, 10.03, 97.49
0, 7004030, 19923, 1925, 152.87, 10.00, 16.82, 12.05, 96.73
0, 7011871, 22802, 2206, 174.62, 6.50, 16.82, 9.45, 95.77
0, 7017775, 24931, 2405, 174.62, 6.50, 17.86, 10.21, 94.97
0, 7025785, 27854, 2692, 195.69, 3.12, 17.05, 10.21, 93.77
0, 7033635, 30701, 2974, 215.81, 0.00, 13.76, 10.96, 92.48
0, 7043510, 34355, 3350, 235.06, -3.19, 9.34, 10.75, 90.69
0, 7051381, 37242, 3605, 253.69, -6.44, 9.34, 8.89, 89.14
0, 7059221, 40102, 3880, 271.69, -6.44, 5.49, 8.71, 87.47
0, 7064934, 42203, 4083, 271.69, -9.75, 3.17, 8.71, 86.19
0, 7072550, 45012, 4371, 289.25, -12.75, 3.17, 8.26, 84.39
0, 7078757, 47303, 4583, 306.81, -12.75, 6.97, 8.65, 82.86
0, 7087477, 50279, 4918, 306.81, -16.00, 9.28, 8.95, 80.58
0, 7097384, 53420, 5219, 324.50, -19.50, 13.13, 8.95, 77.85
0, 7103964, 55580, 5459, 342.56, -22.87, 15.25, 11.46, 75.95
0, 7111795, 58294, 5712, 361.44, -25.81, 15.25, 8.86, 73.60
0, 7117514, 60243, 5907, 361.44, -25.81, 15.39, 10.24, 71.82
0, 7125371, 62790, 6161, 380.94, -28.94, 16.58, 10.24, 69.31
0, 7133089, 65153, 6411, 401.31, -31.75, 15.62, 10.68, 66.75
0, 7142672, 67846, 6675, 422.44, -34.63, 15.62, 8.09, 63.46
0, 7150774, 69935, 6887, 444.19, -34.63, 11.47, 9.51, 60.59
0, 7158079, 71673, 7055, 444.19, -37.44, 9.03, 9.51, 57.93
0, 7165001, 73238, 7184, 466.06, -39.88, 7.54, 10.18, 55.35
0, 7172084, 74741, 7320, 487.87, -42.06, 7.54, 9.54, 52.65
0, 7178541, 75981, 7443, 487.87, -42.06, 6.73, 9.54, 50.15
0, 7187637, 77605, 7598, 509.37, -43.81, 7.71, 9.66, 46.55
0, 7197424, 79222, 7760, 530.25, -45.56, 6.99, 9.66, 42.59
0, 7204129, 80281, 7865, 548.62, -47.13, 8.33, 9.09, 39.82
0, 7211997, 81455, 7981, 564.81, -48.63, 8.33, 9.64, 36.54
0, 7217714, 82248, 8054, 564.81, -48.63, 8.66, 9.59, 34.12
0, 7225711, 83236, 8148, 579.50, -50.06, 8.88, 9.59, 30.70
0, 7233468, 83995, 8230, 593.00, -51.38, 9.86, 9.80, 27.34
0, 7242926, 84603, 8307, 605.12, -52.56, 9.86, 9.39, 23.20
0, 7251058, 84955, 8349, 615.19, -52.56, 11.25, 9.96, 19.61
0, 7258575, 85158, 8373, 622.12, -53.50, 10.31, 9.96, 16.27
0, 7264882, 85198, 8378, 622.12, -54.19, 10.31, 9.80, 13.45
0, 7271814, 85191, 8382, 626.44, -54.56, 10.40, 9.91, 10.33
0, 7278637, 85187, 8382, 626.44, -54.56, 10.95, 9.57, 7.26
0, 7287914, 85179, 8386, 628.94, -54.75, 9.56, 9.45, 3.07
0, 7297608, 85162, 8392, 629.37, -54.75, 9.78, 9.45, -1.31
0, 7304191, 85138, 8398, 629.31, -54.75, 9.67, 9.44, -4.29
0, 7312023, 85063, 8408, 629.19, -54.81, 9.67, 9.42, -7.82
0, 7317866, 84957, 8409, 629.19, -54.81, 9.85, 9.42, -10.45
0, 7326034, 84688, 8409, 629.06, -54.94, 10.24, 9.60, -14.12
0, 7333613, 84347, 8436, 628.56, -55.00, 10.40, 9.49, -17.50
0, 7343433, 83851, 8428, 627.19, -55.00, 10.18, 9.63, -21.86
0, 7351337, 83385, 8381, 624.12, -55.00, 10.18, 8.97, -25.33
0, 7359130, 82830, 8327, 620.19, -55.31, 9.93, 8.97, -28.72
0, 7365019, 82334, 8282, 620.19, -55.13, 9.93, 9.46, -31.26
0, 7371843, 81662, 8229, 615.56, -54.50, 9.99, 9.68, -34.18
0, 7378611, 80927, 8163, 615.56, -54.50, 10.06, 9.53, -37.04
0, 7387734, 79909, 8051, 609.75, -53.81, 9.45, 9.66, -40.84
0, 7397551, 78781, 7891, 602.25, -53.06, 9.39, 9.66, -44.85
0, 7404200, 77893, 7788, 593.12, -52.00, 8.92, 9.68, -47.51
0, 7412047, 76750, 7644, 583.37, -52.00, 8.92, 9.23, -50.61
0, 7418018, 75803, 7541, 583.37, -50.69, 8.34, 9.23, -52.92
0, 7426101, 74403, 7386, 573.00, -49.19, 8.92, 10.05, -55.98
0, 7433130, 73137, 7268, 560.69, -47.63, 6.99, 9.94, -58.59
0, 7442226, 71417, 7148, 546.50, -45.94, 6.99, 9.07, -61.87
0, 7450834, 69699, 6974, 530.31, -45.94, 7.94, 9.24, -64.88
0, 7457937, 68045, 6831, 530.31, -44.44, 8.24, 9.24, -67.29
0, 7464580, 66330, 6697, 512.94, -43.13, 8.24, 10.42, -69.48
0, 7471017, 64596, 6523, 494.25, -43.13, 7.08, 9.25, -71.55
0, 7478387, 62463, 6312, 494.25, -41.31, 7.85, 10.55, -73.83
0, 7487227, 59605, 6014, 473.31, -39.44, 11.27, 9.73, -76.47
0, 7497143, 56352, 5683, 451.56, -37.06, 13.63, 9.73, -79.28
0, 7503939, 54102, 5471, 429.94, -34.31, 15.41, 8.17, -81.12
0, 7511770, 51573, 5218, 408.81, -34.31, 15.41, 10.29, -83.14
0, 7517482, 49561, 5038, 408.81, -31.25, 14.56, 10.29, -84.54
0, 7525205, 46700, 4747, 388.31, -28.44, 14.56, 9.59, -86.36
0, 7532110, 44272, 4516, 368.50, -25.56, 14.89, 10.33, -87.89
0, 7541503, 41108, 4134, 349.56, -22.25, 15.31, 10.14, -89.84
0, 7550430, 38010, 3788, 331.37, -22.25, 11.42, 10.36, -91.54
0, 7557190, 35600, 3574, 331.37, -19.00, 5.44, 10.36, -92.72
0, 7563960, 33205, 3355, 313.37, -15.31, 5.44, 10.15, -93.83
0, 7569955, 30996, 3178, 295.69, -15.31, 3.27, 10.88, -94.73
0, 7577786, 28122, 2903, 295.69, -11.94, 4.33, 10.88, -95.80
0, 7585543, 25226, 2627, 278.06, -9.19, 9.09, 7.40, -96.75
0, 7594744, 21856, 2254, 260.12, -6.25, 13.42, 10.62, -97.72
0, 7602509, 19019, 1987, 241.81, -6.25, 13.42, 9.46, -98.40
0, 7610762, 16064, 1694, 222.81, -3.00, 13.35, 9.46, -99.00
0, 7616715, 13858, 1491, 222.81, 0.44, 16.92, 11.30, -99.34
0, 7623684, 11283, 1229, 202.94, 3.56, 16.92, 8.29, -99.65
0, 7630555, 8858, 990, 182.19, 3.56, 19.01, 10.07, -99.86
0, 7639852, 5574, 615, 160.62, 6.75, 18.06, 8.68, -99.99
0, 7648750, 2327, 256, 160.62, 9.94, 16.26, 8.68, -99.95
0, 7654847, 74, 41, 138.50, 13.25, 8.67, 10.79, -99.83
0, 7662716, -2703, -191, 116.06, 13.25, 8.67, 9.10, -99.56
0, 7668856, -4959, -390, 93.44, 17.00, 7.15, 9.10, -99.27
0, 7677243, -8035, -701, 93.44, 20.44, 3.96, 12.11, -98.74
0, 7684707, -10779, -974, 71.25, 23.25, 7.32, 9.15, -98.15
0, 7693398, -13951, -1316, 49.63, 26.25, 9.80, 10.32, -97.32
0, 7702201, -17146, -1621, 28.87, 26.25, 9.80, 8.57, -96.33
0, 7710213, -20080, -1900, 9.13, 29.56, 12.27, 8.57, -95.29
0, 7715927, -22153, -2079, 9.13, 33.06, 15.19, 11.32, -94.48
0, 7722021, -24354, -2307, -9.81, 33.06, 15.19, 10.20, -93.54
0, 7729330, -26973, -2574, -9.81, 36.13, 17.26, 9.71, -92.32
0, 7738041, -30043, -2906, -28.06, 39.25, 15.93, 9.71, -90.73
0, 7747754, -33419, -3304, -45.81, 42.50, 16.05, 10.39, -88.80
0, 7754334, -35671, -3544, -63.44, 45.75, 12.17, 6.63, -87.39
0, 7762645, -38523, -3768, -81.12, 45.75, 12.17, 11.08, -85.50
0, 7768360, -40441, -3963, -81.12, 49.69, 10.45, 11.08, -84.13
0, 7776369, -43074, -4164, -99.12, 52.94, 6.50, 9.96, -82.12
0, 7783395, -45390, -4415, -117.56, 55.63, 4.35, 9.45, -80.27
0, 7793114, -48673, -4750, -136.62, 58.31, 4.44, 8.98, -77.57
0, 7801821, -51566, -5069, -156.37, 58.31, 4.44, 10.63, -75.02
0, 7809658, -54129, -5302, -176.94, 61.13, 5.57, 10.63, -72.63
0, 7815367, -55883, -5471, -176.94, 64.19, 9.61, 9.85, -70.84
0, 7821424, -57677, -5636, -198.31, 64.19, 9.61, 8.51, -68.88
0, 7829236, -60019, -5856, -220.31, 67.25, 13.26, 8.51, -66.27
0, 7837836, -62506, -6121, -220.31, 69.87, 12.50, 12.26, -63.31
0, 7848116, -64978, -6364, -242.44, 72.44, 14.88, 8.68, -59.65
0, 7854596, -66352, -6542, -264.50, 75.12, 12.25, 10.39, -57.27
0, 7863421, -68009, -6766, -286.25, 75.12, 12.25, 9.08, -53.95
0, 7869586, -69081, -6880, -307.25, 77.56, 12.07, 9.08, -51.58
0, 7877303, -70384, -7002, -307.25, 79.75, 10.36, 9.75, -48.56
0, 7884180, -71484, -7115, -326.62, 82.06, 10.39, 10.39, -45.82
0, 7894101, -72889, -7233, -343.06, 83.62, 9.10, 9.68, -41.79
0, 7902701, -73957, -7309, -358.06, 83.62, 9.10, 10.24, -38.23
0, 7911100, -74850, -7393, -371.62, 85.06, 8.85, 10.24, -34.69
0, 7916809, -75402, -7449, -371.62, 86.19, 8.67, 10.23, -32.26
0, 7923531, -75993, -7506, -383.25, 87.06, 8.67, 9.57, -29.37
0, 7930771, -76543, -7555, -393.12, 87.06, 8.68, 10.26, -26.22
0, 7940775, -77083, -7599, -401.44, 88.00, 9.15, 10.10, -21.83
0, 7950814, -77411, -7624, -408.56, 88.81, 9.31, 10.10, -17.38
0, 7957567, -77477, -7629, -408.56, 89.44, 8.86, 10.21, -14.36
0, 7964479, -77467, -7632, -413.81, 89.44, 8.86, 10.04, -11.26
0, 7970783, -77459, -7633, -417.25, 89.81, 8.70, 9.46, -8.43
0, 7978949, -77444, -7635, -418.62, 90.00, 9.41, 9.46, -4.74
0, 7988063, -77424, -7638, -418.62, 90.06, 9.71, 9.84, -0.62
0, 7997609, -77379, -7642, -418.56, 90.12, 9.41, 9.75, 3.69
0, 8004303, -77310, -7642, -418.37, 90.12, 9.37, 9.79, 6.72
0, 8012150, -77126, -7643, -418.19, 90.12, 9.37, 9.79, 10.25
0, 8017861, -76900, -7643, -418.19, 90.19, 9.42, 9.99, 12.82
0, 8024540, -76658, -7674, -417.87, 90.25, 9.42, 9.45, 15.80
0, 8031492, -76625, -7666, -416.81, 90.25, 9.48, 9.06, 18.90
0, 8041064, -76623, -7666, -414.19, 90.31, 11.44, 10.12, 23.13
0, 8050970, -76616, -7668, -411.69, 90.37, 10.09, 10.12, 27.47
0, 8057727, -76608, -7670, -411.69, 90.44, 9.55, 9.74, 30.39
0, 8064620, -76512, -7661, -411.50, 90.44, 9.55, 9.62, 33.34
0, 8070733, -76146, -7622, -411.44, 90.44, 9.54, 9.62, 35.94
0, 8079100, -75420, -7553, -411.31, 90.44, 8.55, 10.41, 39.44
0, 8087817, -74449, -7458, -411.31, 89.94, 7.23, 10.25, 43.03
0, 8095621, -73416, -7370, -409.50, 89.12, 7.85, 9.95, 46.19
0, 8103398, -72321, -7277, -403.19, 89.12, 8.69, 9.80, 49.28
0, 8111752, -71113, -7169, -394.25, 88.06, 8.69, 9.80, 52.53
0, 8117455, -70303, -7090, -394.25, 87.00, 9.71, 9.92, 54.71
0, 8123552, -69378, -7011, -383.12, 87.00, 9.71, 9.64, 57.00
0, 8131220, -68094, -6895, -370.94, 85.87, 9.92, 9.69, 59.81
0, 8140310, -66431, -6735, -358.44, 84.62, 9.60, 9.69, 63.05
0, 8149349, -64499, -6546, -344.75, 83.25, 10.29, 10.19, 66.17
0, 8155457, -62970, -6396, -344.75, 81.69, 11.34, 10.03, 68.22
0, 8163155, -60928, -6181, -328.94, 81.69, 11.34, 10.03, 70.72
0, 8169318, -59359, -5970, -310.62, 79.69, 12.42, 10.51, 72.66
0, 8176323, -57419, -5759, -310.62, 77.37, 13.87, 10.73, 74.80
0, 8183143, -55334, -5541, -289.81, 74.56, 13.11, 8.39, 76.81
0, 8191779, -52564, -5268, -268.31, 74.56, 13.11, 9.33, 79.25
0, 8201258, -49473, -4980, -246.44, 71.75, 13.15, 9.33, 81.79
0, 8208437, -47227, -4773, -246.44, 68.94, 11.48, 9.91, 83.62
0, 8214967, -44984, -4564, -224.37, 68.94, 11.48, 9.77, 85.20
0, 8220930, -42855, -4344, -202.44, 66.25, 8.59, 9.77, 86.58
0, 8228675, -40063, -4052, -202.44, 63.56, 6.98, 9.87, 88.28
0, 8235593, -37502, -3798, -181.06, 60.44, 2.44, 7.92, 89.71
0, 8243389, -34682, -3549, -160.37, 57.06, 4.50, 9.66, 91.21
0, 8252207, -31599, -3251, -140.56, 57.06, 4.50, 9.66, 92.77
0, 8260190, -28710, -2968, -121.56, 53.94, 12.38, 10.42, 94.06
0, 8265902, -26639, -2765, -121.56, 50.88, 12.78, 8.68, 94.90
0, 8271916, -24463, -2546, -103.12, 50.88, 12.78, 8.68, 95.73
0, 8280180, -21536, -2204, -85.06, 47.69, 15.51, 10.17, 96.74
0, 8288705, -18421, -1873, -85.06, 44.44, 16.28, 10.30, 97.64
0, 8295964, -15745, -1594, -67.44, 40.88, 16.64, 8.09, 98.30
0, 8303703, -12911, -1326, -49.81, 40.88, 17.10, 11.08, 98.88
0, 8311943, -10036, -1071, -32.06, 37.31, 17.10, 11.08, 99.37
0, 8317661, -7971, -868, -32.06, 34.19, 14.74, 9.63, 99.63
0, 8323555, -5762, -641, -13.88, 34.19, 14.74, 9.12, 99.82
0, 8331549, -2819, -327, 4.87, 31.31, 6.95, 9.12, 99.97
0, 8340321, 369, -46, 24.44, 28.12, 5.87, 9.31, 99.99
0, 8348559, 3353, 251, 24.44, 24.69, 1.59, 8.19, 99.86
0, 8354893, 5683, 470, 45.00, 21.62, 3.92, 11.08, 99.67
0, 8362980, 8685, 772, 66.37, 21.62, 3.92, 11.08, 99.30
0, 8368683, 10711, 941, 66.37, 18.37, 10.96, 7.99, 98.96
0, 8375357, 13114, 1216, 88.44, 15.00, 13.42, 8.61, 98.48
0, 8382424, 15595, 1486, 111.00, 15.00, 13.42, 9.78, 97.88
0, 8391536, 18958, 1827, 133.69, 11.88, 14.25, 9.78, 96.95
0, 8400833, 22384, 2154, 155.94, 8.50, 16.42, 7.57, 95.84
0, 8407608, 24836, 2394, 155.94, 4.94, 18.06, 9.47, 94.92
0, 8414636, 27400, 2663, 177.56, 4.94, 18.06, 9.47, 93.87
0, 8420586, 29620, 2874, 198.44, 1.81, 18.75, 9.58, 92.91
0, 8427643, 32182, 3132, 198.44, -1.37, 12.32, 10.28, 91.68
0, 8434134, 34577, 3371, 218.44, -4.56, 8.19, 10.53, 90.47
0, 8442958, 37830, 3666, 237.62, -4.56, 4.41, 8.66, 88.70
0, 8451894, 41064, 3971, 256.12, -7.87, 4.41, 8.66, 86.76
0, 8459798, 43992, 4264, 274.00, -11.00, 2.74, 8.11, 84.93
0, 8465519, 46097, 4473, 274.00, -11.00, 2.74, 9.07, 83.53
0, 8471398, 48222, 4680, 291.62, -14.06, 5.70, 9.07, 82.04
0, 8479144, 50773, 4964, 291.62, -17.50, 9.76, 8.37, 79.99
0, 8485929, 52906, 5169, 309.19, -20.94, 13.12, 11.60, 78.11
0, 8493778, 55421, 5444, 326.94, -24.19, 14.37, 9.26, 75.85
0, 8503247, 58662, 5752, 345.19, -24.19, 14.37, 9.25, 72.99
0, 8511605, 61427, 6021, 364.19, -27.06, 15.29, 9.25, 70.35
0, 8517319, 63229, 6200, 364.19, -30.00, 16.16, 10.70, 68.49
0, 8523288, 65022, 6399, 383.81, -30.00, 16.16, 7.93, 66.50
0, 8531438, 67341, 6629, 404.25, -32.88, 15.74, 7.93, 63.71
0, 8539990, 69589, 6854, 425.44, -35.69, 11.92, 10.37, 60.68
0, 8547373, 71381, 7028, 425.44, -38.31, 9.64, 9.38, 57.99
0, 8554953, 73130, 7173, 447.06, -40.63, 7.57, 9.55, 55.17
0, 8563215, 74890, 7335, 468.81, -40.63, 7.57, 9.55, 52.01
0, 8568923, 75979, 7443, 468.81, -42.69, 6.55, 9.47, 49.79
0, 8575350, 77113, 7549, 490.50, -42.69, 7.76, 9.64, 47.25
0, 8582943, 78334, 7669, 511.87, -44.44, 7.76, 9.43, 44.20
0, 8591783, 79679, 7805, 531.56, -46.13, 6.86, 9.43, 40.58
0, 8601457, 81114, 7948, 548.25, -47.56, 8.33, 9.36, 36.54
0, 8608777, 82122, 8042, 548.25, -49.00, 8.40, 9.45, 33.44
0, 8615278, 82927, 8119, 562.75, -49.00, 8.40, 9.45, 30.65
0, 8621389, 83577, 8182, 576.31, -50.38, 8.59, 9.23, 28.01
0, 8628177, 84126, 8248, 576.31, -51.63, 9.51, 9.63, 25.05
0, 8634784, 84487, 8292, 588.94, -52.69, 10.84, 9.60, 22.15
0, 8643599, 84796, 8331, 599.94, -52.69, 11.21, 10.22, 18.25
0, 8653372, 84977, 8351, 608.25, -53.56, 11.21, 10.22, 13.88
0, 8661763, 84992, 8358, 613.31, -54.13, 10.23, 9.74, 10.12
0, 8667479, 84987, 8359, 613.31, -54.13, 10.48, 9.55, 7.54
0, 8673693, 84983, 8361, 616.12, -54.38, 10.48, 9.45, 4.74
0, 8682069, 84974, 8365, 617.37, -54.44, 9.59, 9.45, 0.95
0, 8691715, 84955, 8372, 617.44, -54.50, 9.68, 9.50, -3.41
0, 8701701, 84909, 8380, 617.37, -54.50, 9.58, 9.58, -7.92
0, 8709394, 84781, 8380, 617.25, -54.56, 9.94, 9.41, -11.38
0, 8715695, 84539, 8380, 617.25, -54.56, 9.94, 9.41, -14.20
0, 8721798, 84218, 8392, 617.00, -54.63, 10.00, 9.21, -16.93
0, 8728441, 83874, 8434, 617.00, -54.69, 10.78, 9.59, -19.88
0, 8735168, 83504, 8393, 616.31, -54.69, 9.87, 9.07, -22.85
0, 8744008, 82937, 8336, 613.62, -54.69, 10.29, 10.56, -26.73
0, 8753911, 82156, 8268, 609.25, -55.00, 9.81, 9.43, -31.01
0, 8762372, 81344, 8204, 604.56, -54.50, 9.81, 9.43, -34.63
0, 8768076, 80747, 8146, 604.56, -54.50, 9.67, 9.41, -37.04
0, 8774174, 80087, 8075, 598.94, -53.88, 9.30, 9.41, -39.58
0, 8782289, 79196, 7953, 591.87, -53.19, 9.30, 9.73, -42.93
0, 8792037, 77976, 7798, 583.19, -52.31, 9.56, 9.78, -46.86
0, 8802060, 76551, 7624, 573.69, -51.13, 8.89, 9.03, -50.82
0, 8809888, 75285, 7482, 563.56, -49.69, 8.11, 9.89, -53.83
0, 8815911, 74224, 7366, 563.56, -49.69, 8.77, 9.89, -56.11
0, 8822036, 73099, 7265, 551.69, -48.19, 8.77, 9.49, -58.38
0, 8828874, 71786, 7174, 551.69, -46.63, 7.05, 9.61, -60.86
0, 8835725, 70429, 7052, 537.87, -46.63, 7.86, 9.31, -63.29
0, 8844321, 68495, 6866, 521.87, -44.94, 7.99, 11.02, -66.25
0, 8854236, 65963, 6662, 504.25, -43.63, 7.13, 11.02, -69.54
0, 8862406, 63747, 6438, 485.31, -41.94, 7.13, 8.48, -72.15
0, 8868121, 62046, 6279, 485.31, -41.94, 11.37, 10.45, -73.91
0, 8874161, 60091, 6063, 464.37, -40.13, 11.37, 10.45, -75.73
0, 8882410, 57402, 5779, 442.81, -37.94, 11.23, 8.98, -78.11
0, 8892312, 54140, 5475, 421.44, -35.38, 14.12, 9.90, -80.83
0, 8902225, 50902, 5165, 400.56, -32.31, 15.71, 9.00, -83.38
0, 8910046, 48055, 4879, 380.37, -29.50, 14.11, 10.05, -85.28
0, 8915961, 45885, 4658, 380.37, -29.50, 14.11, 10.05, -86.65
0, 8921887, 43825, 4465, 360.94, -26.69, 15.13, 10.26, -87.96
0, 8928546, 41586, 4190, 360.94, -23.56, 14.51, 7.91, -89.35
0, 8935336, 39270, 3927, 342.19, -23.56, 6.23, 10.22, -90.68
0, 8944445, 36022, 3596, 324.19, -20.25, 5.66, 9.91, -92.34
0, 8954500, 32484, 3292, 306.31, -16.69, 2.98, 9.91, -93.99
0, 8962570, 29509, 3040, 288.62, -13.13, 2.98, 8.59, -95.18
0, 8968283, 27421, 2834, 288.62, -13.13, 4.63, 10.25, -95.94
0, 8974301, 25222, 2617, 270.87, -10.25, 4.63, 10.25, -96.67
0, 8982437, 22259, 2291, 252.81, -7.44, 9.82, 9.85, -97.54
0, 8992247, 18723, 1961, 234.25, -4.31, 13.81, 9.33, -98.43
0, 9002109, 15115, 1609, 214.94, -1.00, 15.71, 8.48, -99.12
0, 9009922, 12243, 1338, 194.75, 2.31, 17.05, 8.79, -99.52
0, 9015722, 10132, 1118, 194.75, 2.31, 17.05, 8.79, -99.74
0, 9021605, 7961, 915, 173.69, 5.37, 19.25, 11.01, -99.90
0, 9027729, 5821, 657, 173.69, 5.37, 15.84, 9.48, -99.99
0, 9035133, 3096, 347, 151.81, 8.56, 12.35, 8.91, -99.99
0, 9044748, -379, 7, 129.44, 11.88, 8.16, 9.73, -99.82
0, 9054424, -3849, -301, 106.94, 15.44, 7.38, 9.73, -99.47
0, 9062301, -6762, -554, 84.50, 19.19, 7.38, 11.75, -99.03
0, 9068010, -8838, -778, 84.50, 19.19, 4.29, 8.55, -98.64
0, 9073863, -10965, -990, 62.56, 22.12, 4.29, 8.55, -98.17
0, 9081708, -13845, -1307, 41.25, 25.06, 7.36, 10.16, -97.44
0, 9090189, -16945, -1605, 20.87, 28.31, 10.74, 8.40, -96.50
0, 9098793, -20069, -1898, 20.87, 31.62, 13.02, 8.83, -95.41
0, 9107280, -23176, -2182, 1.44, 31.62, 15.28, 11.22, -94.19
0, 9114061, -25645, -2429, -17.19, 34.94, 15.28, 11.22, -93.12
0, 9119775, -27642, -2625, -35.25, 38.00, 18.50, 9.25, -92.15
0, 9125745, -29710, -2861, -35.25, 38.00, 15.76, 9.25, -91.06
0, 9133680, -32453, -3221, -52.94, 41.19, 13.71, 9.57, -89.52
0, 9142969, -35668, -3542, -70.50, 44.44, 13.71, 9.77, -87.57
0, 9152390, -38922, -3809, -88.25, 48.06, 12.19, 11.04, -85.44
0, 9160205, -41552, -4050, -106.44, 51.69, 10.09, 10.02, -83.55
0, 9166272, -43565, -4204, -106.44, 51.69, 6.46, 10.02, -82.01
0, 9172014, -45465, -4423, -125.12, 54.56, 6.46, 9.64, -80.49
0, 9178087, -47518, -4627, -125.12, 54.56, 3.17, 9.23, -78.83
0, 9186127, -50222, -4918, -144.44, 57.38, 4.95, 9.11, -76.55
0, 9195012, -53171, -5213, -164.56, 59.88, 5.90, 10.74, -73.90
0, 9204639, -56196, -5504, -185.44, 63.00, 11.56, 10.74, -70.90
0, 9212929, -58715, -5727, -207.06, 66.19, 11.56, 9.51, -68.21
0, 9218636, -60483, -5910, -207.06, 66.19, 13.96, 9.51, -66.30
0, 9224429, -62211, -6087, -229.19, 68.94, 13.96, 12.67, -64.31
0, 9231888, -64117, -6268, -251.44, 71.56, 12.79, 8.04, -61.69
0, 9240061, -65956, -6480, -273.44, 74.19, 14.12, 10.43, -58.74
0, 9248415, -67583, -6729, -273.44, 76.87, 12.09, 10.00, -55.64
0, 9257892, -69278, -6900, -295.06, 76.87, 11.97, 10.00, -52.03
0, 9264934, -70507, -7014, -315.87, 79.37, 11.97, 12.71, -49.29
0, 9270844, -71477, -7114, -335.25, 81.87, 10.44, 9.38, -46.95
0, 9276566, -72345, -7189, -335.25, 81.87, 10.27, 9.55, -44.65
0, 9284798, -73475, -7271, -351.87, 83.31, 8.60, 9.55, -41.28
0, 9294616, -74647, -7373, -367.19, 84.62, 9.13, 10.30, -37.20
0, 9304503, -75680, -7476, -381.06, 85.56, 8.90, 9.77, -33.02
0, 9312370, -76426, -7545, -392.94, 86.56, 8.90, 9.69, -29.64
0, 9318264, -76882, -7584, -392.94, 86.56, 9.20, 9.69, -27.08
0, 9324170, -77243, -7612, -403.12, 87.50, 9.20, 9.97, -24.50
0, 9330827, -77554, -7636, -411.94, 88.25, 8.72, 10.12, -21.57
0, 9339614, -77826, -7655, -419.62, 88.69, 8.39, 10.00, -17.68
0, 9347868, -77915, -7662, -419.62, 88.69, 9.06, 10.10, -13.99
0, 9357705, -77906, -7664, -425.25, 88.94, 8.92, 10.10, -9.57
0, 9364725, -77893, -7666, -428.87, 89.06, 8.92, 9.75, -6.41
0, 9370433, -77882, -7667, -429.06, 89.06, 9.31, 9.89, -3.83
0, 9376737, -77865, -7670, -429.06, 89.06, 9.31, 9.89, -0.98
0, 9385124, -77837, -7672, -429.25, 89.06, 9.59, 9.37, 2.81
0, 9394775, -77756, -7673, -429.12, 89.12, 9.76, 9.90, 7.17
0, 9404849, -77516, -7675, -428.94, 89.19, 8.79, 9.82, 11.70
0, 9412668, -77170, -7683, -428.62, 89.25, 8.79, 9.96, 15.21
0, 9418593, -77065, -7705, -428.62, 89.25, 9.83, 9.96, 17.85
0, 9424302, -77027, -7709, -426.81, 89.25, 9.83, 9.51, 20.38
0, 9430961, -76968, -7705, -424.94, 89.50, 10.57, 10.86, 23.32
0, 9439225, -76776, -7684, -424.94, 89.50, 9.66, 9.70, 26.94
0, 9448096, -76387, -7645, -421.75, 89.56, 8.91, 10.10, 30.78
0, 9458101, -75757, -7583, -420.62, 89.44, 8.64, 10.10, 35.05
0, 9465322, -75185, -7529, -419.62, 89.06, 8.64, 10.15, 38.09
0, 9471038, -74607, -7472, -415.06, 89.06, 9.09, 9.87, 40.47
0, 9477240, -73878, -7408, -415.06, 88.50, 8.14, 9.87, 43.01
0, 9485531, -72811, -7317, -410.44, 87.75, 8.31, 10.13, 46.37
0, 9495248, -71513, -7202, -401.87, 86.81, 9.28, 9.75, 50.21
0, 9505353, -70164, -7076, -391.37, 85.81, 10.46, 9.73, 54.11
0, 9513450, -68985, -6977, -380.06, 84.75, 10.46, 9.69, 57.15
0, 9519301, -68040, -6890, -380.06, 84.75, 9.67, 9.69, 59.31
0, 9525417, -66970, -6789, -368.56, 83.62, 9.67, 9.28, 61.51
0, 9532418, -65620, -6656, -355.87, 82.37, 9.56, 10.51, 63.97
0, 9542095, -63381, -6437, -341.06, 80.94, 9.99, 10.01, 67.28
0, 9551845, -60864, -6171, -323.62, 79.12, 11.61, 11.26, 70.47
0, 9560768, -58603, -5880, -303.31, 79.12, 12.58, 11.26, 73.28
0, 9566481, -56981, -5713, -303.31, 77.00, 13.64, 10.22, 75.01
0, 9572254, -55217, -5528, -282.12, 74.37, 13.64, 8.66, 76.71
0, 9577971, -53401, -5347, -282.12, 74.37, 14.40, 9.96, 78.34
0, 9586000, -50761, -5107, -260.56, 71.69, 13.32, 9.96, 80.55
0, 9595638, -47715, -4817, -238.50, 68.81, 11.24, 10.70, 83.05
0, 9605400, -44381, -4499, -216.44, 66.06, 8.19, 9.38, 85.43
0, 9613490, -41463, -4190, -194.69, 63.44, 8.19, 10.59, 87.27
0, 9619436, -39270, -3966, -194.69, 63.44, 6.71, 10.59, 88.55
0, 9625601, -37010, -3757, -173.56, 60.56, 6.71, 9.96, 89.81
0, 9632448, -34524, -3535, -153.19, 57.13, 2.06, 8.00, 91.13
0, 9642299, -31078, -3201, -133.69, 53.88, 5.09, 9.48, 92.88
0, 9652238, -27425, -2837, -114.87, 50.81, 12.43, 8.82, 94.45
0, 9661174, -24290, -2525, -96.56, 50.81, 13.01, 9.60, 95.70
0, 9666889, -22326, -2295, -96.56, 47.69, 16.49, 9.60, 96.42
0, 9672600, -20228, -2066, -78.69, 44.44, 16.49, 10.21, 97.07
0, 9678370, -18142, -1833, -78.69, 44.44, 15.77, 8.12, 97.66
0, 9686693, -15098, -1545, -61.00, 41.13, 16.51, 8.12, 98.40
0, 9696081, -11749, -1233, -43.31, 37.56, 16.01, 8.09, 99.07
0, 9705683, -8256, -895, -25.44, 34.19, 15.18, 11.32, 99.57
0, 9713683, -5319, -589, -7.06, 31.31, 15.18, 10.09, 99.84
0, 9719610, -3110, -359, -7.06, 31.31, 6.38, 10.09, 99.95
0, 9725505, -1011, -168, 12.00, 28.25, 6.38, 8.37, 100.00
0, 9732151, 1399, 49, 32.00, 24.94, 4.81, 9.95, 99.96
0, 9742011, 5038, 405, 52.81, 21.69, 2.19, 11.65, 99.75
0, 9751875, 8720, 779, 74.50, 18.50, 5.95, 8.54, 99.33
0, 9760771, 11955, 1078, 96.81, 18.50, 10.40, 8.54, 98.79
0, 9766720, 13956, 1297, 96.81, 15.13, 12.92, 9.59, 98.33
0, 9772431, 16022, 1518, 119.44, 15.13, 12.92, 8.88, 97.83
0, 9778681, 18296, 1763, 119.44, 11.81, 15.34, 8.09, 97.21
0, 9787163, 21414, 2058, 141.87, 8.63, 16.19, 8.09, 96.23
0, 9796231, 24752, 2386, 163.94, 5.25, 17.02, 10.58, 95.04
0, 9805808, 28259, 2731, 185.31, 1.87, 18.39, 11.14, 93.60
0, 9813749, 31145, 3018, 205.87, -1.25, 18.39, 11.18, 92.28
0, 9819467, 33255, 3254, 205.87, -1.25, 12.45, 11.18, 91.25
0, 9825392, 35468, 3463, 225.56, -4.50, 12.45, 10.68, 90.12
0, 9831611, 37714, 3654, 244.44, -7.75, 8.07, 9.06, 88.87
0, 9840345, 40890, 3952, 262.69, -7.75, 4.90, 8.48, 86.99
0, 9849348, 44214, 4287, 262.69, -11.06, 1.68, 8.45, 84.91
0, 9858866, 47709, 4622, 280.50, -14.06, 5.63, 8.45, 82.56
0, 9865643, 50015, 4893, 298.12, -17.31, 5.63, 8.59, 80.79
0, 9871360, 51808, 5073, 315.75, -17.31, 9.64, 8.59, 79.24
0, 9877364, 53681, 5251, 315.75, -20.69, 13.19, 8.26, 77.55
0, 9884768, 56101, 5510, 333.69, -24.12, 14.26, 9.09, 75.40
0, 9893747, 59158, 5803, 352.31, -27.06, 14.26, 9.33, 72.67
0, 9903227, 62262, 6107, 371.56, -30.06, 15.21, 10.39, 69.66
0, 9912126, 65048, 6402, 391.50, -30.06, 16.13, 10.39, 66.72
0, 9917834, 66698, 6564, 391.50, -32.94, 14.09, 10.41, 64.77
0, 9923793, 68307, 6720, 412.25, -32.94, 14.09, 10.83, 62.69
0, 9929501, 69741, 6871, 412.25, -35.75, 11.68, 9.26, 60.66
0, 9938641, 71837, 7068, 433.56, -38.56, 9.13, 10.27, 57.33
0, 9948469, 73938, 7246, 455.12, -41.00, 7.00, 9.73, 53.63
0, 9958444, 75858, 7432, 476.75, -43.13, 6.63, 9.73, 49.77
0, 9965459, 77093, 7546, 498.06, -44.81, 6.63, 9.35, 46.99
0, 9971353, 78043, 7640, 517.69, -44.81, 7.63, 9.35, 44.62
0, 9977427, 78965, 7733, 517.69, -46.50, 7.05, 9.64, 42.15
0, 9984367, 79983, 7835, 534.94, -48.00, 8.44, 9.41, 39.28
0, 9993560, 81280, 7963, 550.06, -49.44, 8.44, 9.49, 35.43
0, 10003137, 82505, 8079, 563.62, -50.81, 8.40, 9.33, 31.35
