********************************************************************************
Obsolete PIO Core v6.1.11 is used (previous was 6.1.14)
Please remove multiple PIO Cores from a system:
https://docs.platformio.org/en/latest/core/installation/troubleshooting.html
********************************************************************************
--- Terminal on /dev/cu.usbmodem14303 | 230400 8-N-1
--- Available filters and text transformations: colorize, debug, default, direct, hexlify, log2file, nocontrol, printable, send_on_enter, time
--- More details at https://bit.ly/pio-monitor-filters
--- Quit: Ctrl+C | Menu: Ctrl+T | Help: Ctrl+T followed by Ctrl+H
start
pain
Waiting for ODrive...
pin
found ODrive
DC voltage: 24.00
Enabling closed loop control...
ODrive running!
end time:10000000
0, 34, -65536, 65535, 339.94, 0.81, 12.09, 9.52, 100.00
0, 9147, 369, -20, 340.00, 0.81, 12.10, 9.52, 97.71
0, 16540, 870, -24, 340.00, 0.81, 12.09, 9.52, 92.59
0, 23204, 1192, -60, 340.00, 0.94, 13.21, 10.65, 85.59
0, 30178, 1402, -40, 341.62, 1.06, 11.81, 9.10, 76.04
0, 39225, 1684, -15, 347.37, 1.31, 11.81, 8.32, 60.69
0, 48881, 1912, 11, 352.12, 1.12, 10.95, 10.36, 41.32
0, 58894, 1969, 17, 355.12, 0.88, 10.89, 8.71, 19.03
0, 65673, 1949, 23, 355.12, 0.88, 11.83, 8.71, 3.27
0, 71569, 1925, 30, 357.87, 0.69, 11.83, 9.54, -10.52
0, 77265, 1875, 33, 359.06, 0.69, 11.68, 9.24, -23.66
0, 84012, 1763, 35, 359.06, 0.62, 11.74, 9.24, -38.65
0, 92148, 1534, 40, 359.00, 0.56, 11.82, 10.19, -55.42
0, 101751, 1121, 61, 358.44, 0.50, 11.26, 9.83, -72.59
0, 111754, 791, 65, 356.87, 0.37, 11.26, 9.41, -86.57
0, 117862, 649, 56, 353.75, 0.37, 11.67, 9.41, -92.82
0, 123818, 434, 37, 353.75, 0.25, 12.42, 9.60, -97.09
0, 129729, 221, 18, 349.62, 0.25, 12.42, 9.69, -99.47
0, 138143, -50, -6, 347.00, 0.50, 11.25, 9.79, -99.56
0, 147064, -306, -30, 343.81, 0.50, 12.21, 9.76, -95.45
0, 156313, -571, -55, 340.50, 0.81, 11.87, 9.72, -86.81
0, 164507, -641, -62, 340.50, 1.00, 12.26, 9.72, -75.75
0, 170291, -636, -63, 337.62, 1.25, 12.26, 9.84, -66.24
0, 176003, -631, -64, 337.62, 1.25, 13.20, 9.84, -55.65
0, 182027, -625, -65, 334.81, 1.37, 12.41, 9.79, -43.42
0, 191240, -616, -66, 333.87, 1.44, 12.04, 9.72, -23.12
0, 200005, -597, -71, 333.87, 1.44, 12.04, 9.72, -2.80
0, 209388, -549, -74, 334.00, 1.44, 12.04, 9.70, 19.06
0, 216524, -456, -76, 334.12, 1.44, 11.86, 9.70, 35.12
0, 222231, -330, -77, 334.12, 1.50, 11.86, 9.80, 47.29
0, 228314, -128, -79, 334.37, 1.50, 12.54, 9.68, 59.32
0, 235080, 157, -83, 334.37, 1.56, 12.80, 9.68, 71.28
0, 242790, 385, -113, 335.37, 1.56, 12.37, 9.78, 82.72
0, 252042, 607, -118, 337.62, 1.62, 10.96, 10.62, 92.86
0, 261346, 865, -95, 341.37, 1.94, 10.96, 9.32, 98.69
0, 268186, 1056, -75, 344.19, 1.94, 11.62, 9.32, 100.00
0, 274145, 1194, -62, 344.19, 1.94, 12.44, 9.74, 99.05
0, 280253, 1369, -45, 346.56, 1.69, 12.44, 9.49, 96.09
0, 288558, 1689, -15, 349.37, 1.44, 11.58, 9.94, 88.92
0, 297774, 2054, 23, 351.81, 1.44, 12.43, 9.73, 77.06
0, 307392, 2269, 44, 355.00, 1.19, 12.06, 9.64, 60.88
0, 315350, 2413, 57, 355.00, 0.81, 11.24, 9.64, 45.12
0, 321047, 2485, 65, 358.94, 0.81, 11.24, 9.91, 32.85
0, 326878, 2511, 68, 361.62, 0.50, 11.86, 9.91, 19.68
0, 332579, 2499, 72, 361.62, 0.37, 11.58, 9.74, 6.45
0, 341027, 2472, 78, 363.44, 0.25, 11.65, 9.78, -13.29
0, 350467, 2390, 79, 364.37, 0.19, 11.86, 10.12, -34.70
0, 360088, 2183, 81, 364.25, 0.13, 11.86, 9.73, -54.78
0, 367323, 1916, 86, 363.81, 0.13, 11.79, 9.73, -68.10
0, 373023, 1598, 101, 363.81, 0.13, 11.45, 9.73, -77.24
0, 379013, 1260, 109, 362.44, 0.13, 11.45, 9.78, -85.37
0, 386633, 947, 84, 359.56, 0.06, 11.46, 9.78, -93.26
0, 395221, 607, 54, 359.56, -0.06, 11.68, 10.70, -98.59
0, 404802, 155, 13, 354.50, 0.00, 11.99, 9.64, -99.84
0, 413902, -178, -18, 349.94, 0.31, 11.57, 9.88, -96.40
0, 419854, -390, -37, 346.06, 0.31, 11.57, 9.88, -91.76
0, 425705, -557, -53, 346.06, 0.69, 12.59, 9.82, -85.47
0, 431614, -622, -60, 341.56, 1.00, 12.41, 9.78, -77.50
0, 440869, -622, -62, 338.00, 1.25, 13.33, 9.90, -62.09
0, 450625, -614, -63, 334.94, 1.37, 12.20, 9.66, -42.72
0, 459422, -601, -65, 334.00, 1.37, 12.20, 9.76, -23.32
0, 467384, -583, -70, 334.06, 1.44, 12.09, 9.76, -4.89
0, 473092, -562, -72, 334.06, 1.44, 12.07, 9.77, 8.47
0, 479065, -506, -74, 334.12, 1.44, 12.07, 9.86, 22.28
0, 486873, -380, -75, 334.31, 1.50, 11.97, 9.86, 39.64
0, 495503, -154, -78, 334.31, 1.50, 12.48, 9.64, 57.26
0, 503654, 161, -82, 334.69, 1.56, 12.89, 9.83, 71.78
0, 511550, 392, -112, 336.00, 1.56, 12.89, 9.94, 83.36
0, 518524, 560, -121, 338.31, 1.56, 11.86, 9.94, 91.23
0, 524235, 710, -109, 338.31, 1.62, 11.47, 9.90, 95.88
0, 530201, 895, -92, 341.87, 1.62, 11.47, 9.33, 98.90
0, 538190, 1116, -69, 344.50, 1.94, 12.09, 9.87, 99.93
0, 548289, 1402, -42, 347.06, 1.87, 12.24, 9.57, 96.24
0, 558501, 1827, -2, 349.94, 1.62, 11.46, 9.77, 87.06
0, 566829, 2128, 32, 349.94, 1.37, 12.22, 9.77, 75.87
0, 572592, 2261, 45, 352.56, 1.37, 12.22, 9.66, 66.42
0, 578784, 2389, 55, 356.19, 1.12, 11.66, 9.66, 54.92
0, 586141, 2517, 68, 356.19, 0.69, 11.31, 9.73, 39.77
0, 595406, 2602, 77, 360.06, 0.44, 11.88, 9.91, 19.09
0, 603923, 2596, 83, 362.44, 0.31, 11.59, 9.71, -0.74
0, 612046, 2556, 87, 364.31, 0.19, 11.59, 9.62, -19.64
0, 619051, 2469, 88, 365.31, 0.19, 11.64, 9.62, -35.39
0, 624756, 2335, 89, 365.31, 0.13, 11.73, 9.89, -47.54
0, 630702, 2143, 93, 365.25, 0.13, 11.73, 9.75, -59.29
0, 638924, 1759, 107, 364.62, 0.06, 11.52, 9.73, -73.60
0, 648023, 1304, 113, 362.75, 0.00, 11.24, 9.73, -86.26
0, 656696, 976, 86, 359.12, -0.06, 11.70, 9.55, -94.69
0, 664808, 658, 59, 359.12, -0.19, 11.72, 9.60, -99.06
0, 670958, 353, 31, 354.25, -0.19, 11.72, 9.60, -100.00
0, 676836, 80, 6, 350.31, -0.06, 11.71, 9.88, -98.96
0, 682873, -141, -14, 350.31, 0.25, 11.38, 9.61, -95.95
0, 690506, -402, -38, 346.44, 0.25, 12.72, 9.94, -89.40
0, 699183, -595, -58, 341.81, 0.62, 12.72, 9.75, -78.52
0, 709075, -613, -61, 338.06, 1.00, 12.51, 9.75, -62.21
0, 717433, -605, -62, 338.06, 1.25, 13.16, 9.76, -45.79
0, 723143, -595, -64, 335.06, 1.25, 13.16, 9.82, -33.53
0, 729277, -586, -65, 334.06, 1.37, 12.22, 9.82, -19.69
0, 737003, -570, -70, 334.12, 1.44, 12.00, 9.84, -1.73
0, 745942, -522, -72, 334.12, 1.44, 12.00, 9.76, 19.09
0, 753385, -429, -73, 334.25, 1.50, 12.14, 9.70, 35.83
0, 761276, -245, -75, 334.44, 1.50, 12.14, 9.72, 52.37
0, 769319, 54, -79, 334.87, 1.50, 12.59, 9.72, 67.40
0, 775023, 273, -86, 334.87, 1.50, 12.86, 9.57, 76.64
0, 781119, 431, -119, 336.12, 1.56, 11.24, 9.95, 85.00
0, 789981, 655, -114, 338.75, 1.56, 11.24, 10.72, 94.03
0, 799321, 929, -88, 342.37, 1.62, 12.40, 9.96, 99.18
0, 808978, 1176, -63, 345.00, 1.94, 12.47, 9.96, 99.52
0, 816731, 1406, -42, 345.00, 1.87, 11.86, 9.68, 96.13
0, 822670, 1641, -19, 347.56, 1.87, 11.86, 9.59, 91.38
0, 828591, 1900, 6, 350.31, 1.62, 11.74, 9.59, 84.88
0, 835340, 2122, 31, 350.31, 1.37, 12.09, 9.96, 75.50
0, 843114, 2290, 47, 353.00, 1.06, 11.41, 9.48, 62.38
0, 851253, 2449, 61, 356.75, 0.69, 11.49, 9.96, 46.44
0, 860030, 2569, 74, 360.37, 0.69, 11.49, 9.70, 27.39
0, 868417, 2593, 78, 362.56, 0.50, 11.98, 9.70, 8.09
0, 874114, 2574, 83, 362.56, 0.31, 11.56, 9.85, -5.24
0, 880040, 2540, 86, 364.37, 0.31, 11.56, 9.85, -19.01
0, 888125, 2428, 88, 365.25, 0.19, 11.68, 9.49, -37.15
0, 896222, 2234, 90, 365.25, 0.13, 11.78, 10.15, -53.98
0, 902553, 2008, 95, 365.06, 0.06, 11.39, 9.74, -65.83
0, 911184, 1543, 116, 364.19, 0.06, 11.39, 9.55, -79.60
0, 919274, 1191, 105, 362.19, 0.06, 11.33, 9.55, -89.58
0, 924985, 970, 86, 362.19, 0.00, 11.38, 8.78, -94.70
0, 930918, 731, 65, 358.56, 0.00, 11.38, 10.56, -98.24
0, 938773, 342, 30, 353.62, -0.13, 11.92, 10.56, -100.00
0, 947650, -49, -6, 349.69, 0.00, 11.52, 9.74, -97.93
0, 954780, -292, -28, 349.69, 0.31, 11.92, 9.79, -93.20
0, 962127, -528, -50, 345.50, 0.31, 12.81, 9.75, -85.62
0, 970095, -621, -60, 340.87, 0.75, 12.81, 9.75, -74.54
0, 975805, -616, -62, 340.87, 1.06, 13.26, 9.76, -64.99
0, 981748, -611, -62, 337.31, 1.06, 12.86, 9.78, -53.81
0, 989874, -604, -63, 334.62, 1.31, 12.86, 9.80, -36.90
0, 999056, -591, -65, 334.06, 1.44, 11.98, 9.80, -16.21
0, 1008078, -566, -72, 334.12, 1.44, 12.09, 9.75, 4.84
0, 1014722, -522, -73, 334.12, 1.50, 12.06, 9.88, 20.26
0, 1021520, -422, -74, 334.25, 1.50, 12.06, 9.88, 35.53
0, 1027230, -295, -75, 334.25, 1.50, 12.21, 9.81, 47.68
0, 1033115, -100, -78, 334.44, 1.50, 12.52, 9.66, 59.31
0, 1040937, 216, -83, 334.94, 1.56, 12.52, 9.69, 72.98
0, 1049574, 442, -122, 336.50, 1.56, 12.47, 9.69, 85.23
0, 1058790, 665, -112, 339.56, 1.56, 10.77, 10.68, 94.45
0, 1065859, 868, -94, 339.56, 1.69, 12.94, 9.07, 98.57
0, 1072623, 1064, -74, 343.00, 1.69, 12.94, 9.07, 99.99
0, 1078321, 1199, -61, 345.37, 1.56, 12.61, 9.79, 99.25
0, 1085092, 1404, -42, 345.37, 1.31, 11.59, 9.47, 96.07
0, 1091875, 1674, -16, 347.94, 1.31, 12.13, 10.01, 90.46
0, 1101160, 2054, 22, 350.69, 1.06, 12.01, 9.74, 79.14
0, 1110694, 2284, 46, 353.44, 0.75, 12.01, 9.74, 63.63
0, 1118542, 2448, 61, 357.31, 0.37, 11.31, 9.56, 48.46
0, 1124244, 2543, 71, 357.31, 0.37, 11.72, 9.73, 36.38
0, 1129945, 2593, 77, 360.75, 0.19, 11.72, 9.73, 23.66
0, 1137350, 2595, 80, 363.00, 0.00, 11.93, 9.72, 6.54
0, 1144384, 2571, 85, 363.00, -0.13, 11.60, 9.82, -9.91
0, 1152196, 2520, 87, 364.75, -0.13, 11.76, 9.95, -27.85
0, 1161490, 2336, 89, 365.31, -0.19, 11.76, 9.95, -47.94
0, 1170020, 2072, 95, 365.06, -0.19, 11.77, 9.82, -64.40
0, 1175721, 1801, 106, 365.06, -0.19, 11.50, 9.72, -74.01
0, 1181721, 1451, 117, 364.19, -0.25, 11.60, 9.72, -82.70
0, 1190009, 1079, 95, 362.00, -0.31, 11.60, 9.67, -91.99
0, 1198931, 730, 65, 358.19, -0.44, 11.67, 10.46, -98.13
0, 1206663, 363, 32, 358.19, -0.25, 12.10, 9.57, -99.99
0, 1213581, 49, 3, 353.06, -0.25, 11.51, 9.92, -98.89
0, 1221585, -230, -22, 348.94, 0.06, 11.51, 9.92, -94.39
0, 1227291, -431, -41, 348.94, 0.50, 12.28, 9.84, -89.14
0, 1233416, -573, -55, 344.75, 0.50, 12.61, 9.80, -81.75
0, 1241262, -610, -60, 340.37, 0.81, 13.45, 9.80, -69.85
0, 1250165, -602, -61, 336.94, 1.06, 13.45, 9.90, -53.52
0, 1260082, -593, -62, 334.50, 1.12, 12.53, 9.68, -32.64
0, 1267383, -577, -65, 334.50, 1.19, 11.97, 9.84, -16.08
0, 1274048, -560, -70, 334.12, 1.19, 12.08, 9.84, -0.54
0, 1280188, -529, -71, 334.25, 1.19, 12.08, 9.80, 13.80
0, 1288055, -434, -73, 334.37, 1.25, 11.91, 9.71, 31.71
0, 1295209, -294, -74, 334.37, 1.25, 12.36, 9.72, 47.08
0, 1302930, -43, -77, 334.56, 1.25, 12.38, 9.91, 62.18
0, 1312231, 306, -88, 335.31, 1.25, 12.38, 9.91, 77.64
0, 1320355, 491, -122, 336.94, 1.31, 11.92, 9.87, 88.16
0, 1326059, 633, -116, 336.94, 1.31, 11.11, 9.80, 93.66
0, 1331967, 799, -101, 340.00, 1.44, 11.11, 9.80, 97.60
0, 1340448, 1053, -75, 343.25, 1.75, 12.39, 9.33, 99.98
0, 1350310, 1302, -51, 345.62, 1.56, 12.37, 9.97, 97.80
0, 1360472, 1689, -15, 348.37, 1.31, 11.50, 9.58, 90.13
0, 1367327, 1986, 15, 348.37, 1.06, 12.52, 9.80, 82.05
0, 1374225, 2178, 37, 351.00, 1.06, 11.78, 9.80, 71.79
0, 1380107, 2302, 49, 353.87, 0.75, 11.78, 9.65, 61.55
0, 1387874, 2449, 62, 357.94, 0.37, 11.28, 9.72, 46.27
0, 1393864, 2535, 71, 357.94, 0.37, 11.84, 9.90, 33.42
0, 1402621, 2577, 75, 361.12, 0.19, 11.87, 9.73, 13.52
0, 1412434, 2554, 83, 363.12, 0.00, 11.87, 9.73, -9.40
0, 1421021, 2498, 85, 364.69, -0.06, 11.63, 9.72, -29.10
0, 1426721, 2396, 86, 364.69, -0.06, 11.98, 9.94, -41.58
0, 1432640, 2227, 88, 365.06, -0.13, 11.64, 9.94, -53.75
0, 1440905, 1892, 97, 364.81, -0.13, 11.64, 9.80, -68.96
0, 1450250, 1394, 114, 363.81, -0.19, 11.30, 9.71, -83.04
0, 1459010, 1062, 94, 361.19, -0.31, 11.90, 9.58, -92.65
0, 1465149, 830, 73, 361.19, -0.31, 12.76, 9.64, -97.09
0, 1473051, 473, 42, 356.81, -0.37, 12.76, 9.64, -99.84
0, 1478754, 194, 16, 352.19, -0.19, 11.41, 9.94, -99.71
0, 1485740, -89, -10, 352.19, -0.19, 11.47, 9.64, -97.13
0, 1492730, -326, -31, 348.56, 0.13, 12.63, 9.88, -91.95
0, 1502540, -587, -57, 344.19, 0.50, 12.34, 9.79, -80.58
0, 1512599, -621, -62, 339.81, 0.81, 12.34, 9.79, -64.53
0, 1519998, -613, -63, 336.44, 1.06, 13.23, 9.77, -50.39
0, 1525735, -605, -64, 336.44, 1.06, 12.32, 9.77, -38.37
0, 1531782, -597, -65, 334.25, 1.19, 12.32, 9.80, -24.95
0, 1539704, -583, -69, 334.00, 1.19, 12.04, 9.79, -6.66
0, 1547352, -554, -72, 334.00, 1.25, 12.03, 9.77, 11.23
0, 1555778, -464, -74, 334.12, 1.25, 12.11, 9.83, 30.49
0, 1563941, -304, -75, 334.25, 1.25, 12.44, 9.83, 48.04
0, 1571901, -43, -78, 334.44, 1.31, 12.44, 9.78, 63.46
0, 1577606, 186, -82, 334.44, 1.31, 12.47, 9.52, 73.19
0, 1585625, 414, -119, 335.25, 1.31, 11.51, 9.94, 84.63
0, 1594684, 637, -115, 337.06, 1.31, 11.96, 10.80, 93.95
0, 1603555, 893, -92, 340.31, 1.44, 11.66, 8.86, 98.99
0, 1613233, 1151, -65, 343.56, 1.75, 11.66, 8.86, 99.64
0, 1621224, 1376, -44, 345.94, 1.56, 12.09, 9.71, 96.33
0, 1626936, 1595, -24, 345.94, 1.56, 11.56, 9.59, 91.88
0, 1632645, 1839, 0, 348.69, 1.31, 12.67, 9.59, 85.80
0, 1640501, 2111, 30, 351.25, 1.06, 12.67, 9.96, 74.96
0, 1649223, 2297, 47, 354.31, 0.75, 12.17, 9.53, 59.97
0, 1658130, 2460, 63, 358.31, 0.37, 11.33, 9.96, 42.10
0, 1665254, 2547, 72, 358.31, 0.37, 11.96, 9.67, 26.45
0, 1673198, 2563, 76, 361.25, 0.19, 11.96, 9.67, 8.15
0, 1678905, 2543, 81, 363.19, 0.19, 11.79, 9.69, -5.20
0, 1685671, 2502, 84, 363.19, 0.06, 11.70, 9.69, -20.90
0, 1692694, 2401, 85, 364.62, -0.06, 11.78, 9.53, -36.63
0, 1702460, 2166, 89, 364.94, -0.13, 11.77, 10.11, -56.77
0, 1712418, 1748, 104, 364.44, -0.13, 11.77, 9.79, -74.26
0, 1719067, 1392, 114, 363.12, -0.19, 11.30, 9.54, -83.75
0, 1726108, 1102, 97, 363.12, -0.19, 11.86, 9.54, -91.58
0, 1731985, 869, 77, 360.62, -0.31, 11.86, 9.24, -96.23
0, 1739846, 524, 46, 356.25, -0.37, 12.68, 10.39, -99.58
0, 1748684, 100, 8, 351.69, -0.13, 11.67, 9.82, -99.33
0, 1756518, -185, -18, 351.69, -0.13, 11.81, 9.80, -95.56
0, 1764983, -480, -46, 347.75, 0.19, 12.78, 9.80, -87.89
0, 1773485, -622, -60, 343.25, 0.56, 12.78, 9.77, -76.71
0, 1779190, -626, -62, 339.12, 0.56, 11.94, 9.73, -67.48
0, 1786171, -621, -63, 339.12, 0.88, 13.01, 9.73, -54.57
0, 1793138, -613, -64, 335.81, 1.12, 12.04, 9.79, -40.23
0, 1803029, -603, -66, 334.06, 1.19, 12.11, 9.77, -18.14
0, 1812924, -578, -72, 333.94, 1.25, 12.11, 9.77, 4.93
0, 1819593, -536, -73, 334.06, 1.25, 12.09, 9.72, 20.41
0, 1826616, -428, -75, 334.06, 1.25, 12.08, 9.72, 36.16
0, 1832319, -298, -76, 334.19, 1.31, 12.08, 9.87, 48.26
0, 1840214, -22, -79, 334.44, 1.31, 12.51, 9.66, 63.54
0, 1847505, 259, -88, 334.44, 1.31, 12.59, 9.60, 75.74
0, 1856606, 477, -123, 335.37, 1.37, 10.86, 10.77, 87.84
0, 1865356, 698, -110, 337.50, 1.37, 12.71, 10.77, 95.73
0, 1873823, 955, -85, 341.06, 1.56, 12.71, 9.10, 99.55
0, 1879527, 1105, -70, 343.87, 1.56, 11.59, 9.79, 99.93
0, 1886517, 1283, -53, 343.87, 1.81, 11.74, 9.79, 97.96
0, 1893564, 1532, -30, 346.25, 1.62, 11.91, 9.73, 93.33
0, 1903498, 1957, 12, 349.12, 1.31, 12.58, 9.99, 82.54
0, 1913373, 2233, 42, 351.69, 1.06, 12.58, 9.71, 67.40
0, 1920021, 2379, 55, 354.94, 0.75, 12.09, 9.56, 55.13
0, 1926802, 2501, 67, 354.94, 0.75, 11.64, 9.56, 41.24
0, 1932506, 2569, 75, 358.94, 0.37, 11.64, 9.76, 28.74
0, 1940635, 2587, 78, 361.75, 0.19, 11.87, 9.76, 10.09
0, 1949091, 2564, 85, 363.81, 0.06, 11.63, 9.82, -9.68
0, 1957327, 2512, 86, 363.81, 0.06, 11.79, 10.06, -28.58
0, 1965816, 2343, 88, 365.00, 0.00, 11.78, 10.06, -46.95
0, 1974303, 2078, 93, 365.12, -0.06, 11.78, 9.77, -63.46
0, 1980317, 1794, 103, 364.75, -0.06, 11.63, 9.73, -73.68
0, 1987528, 1382, 115, 364.75, -0.13, 11.42, 9.73, -83.99
0, 1994037, 1104, 97, 363.31, -0.19, 11.98, 9.77, -91.26
0, 2003829, 715, 64, 360.37, -0.25, 11.93, 10.41, -98.17
0, 2013950, 236, 20, 355.62, -0.31, 11.93, 9.54, -99.90
0, 2020599, -37, -5, 351.00, -0.06, 12.04, 9.92, -97.99
0, 2027392, -260, -25, 351.00, -0.06, 12.15, 9.92, -93.59
0, 2033101, -457, -44, 347.00, 0.31, 12.65, 9.81, -88.06
0, 2040977, -601, -58, 342.56, 0.69, 12.65, 9.82, -77.87
0, 2049527, -611, -61, 338.69, 0.94, 11.88, 9.91, -63.83
0, 2058009, -603, -62, 338.69, 0.94, 12.70, 9.68, -47.38
0, 2066237, -593, -63, 335.56, 1.19, 12.01, 9.68, -29.64
0, 2074773, -578, -66, 334.12, 1.25, 12.13, 9.84, -10.08
0, 2080756, -559, -70, 334.06, 1.25, 12.13, 9.80, 3.91
0, 2088335, -498, -72, 334.19, 1.25, 12.08, 9.80, 21.49
0, 2095056, -403, -73, 334.19, 1.25, 12.32, 9.66, 36.54
0, 2104426, -172, -76, 334.31, 1.31, 12.46, 9.70, 55.93
0, 2114311, 194, -82, 334.69, 1.37, 12.46, 9.85, 73.46
0, 2121054, 386, -108, 335.81, 1.37, 12.80, 9.81, 83.21
0, 2127823, 550, -121, 335.81, 1.37, 10.97, 9.81, 90.92
0, 2133710, 706, -109, 338.00, 1.37, 13.03, 9.82, 95.78
0, 2141561, 949, -86, 341.44, 1.56, 13.03, 9.24, 99.42
0, 2150234, 1171, -63, 344.19, 1.81, 11.58, 9.96, 99.54
0, 2159546, 1457, -37, 346.69, 1.81, 11.54, 9.62, 95.12
0, 2166955, 1764, -8, 346.69, 1.56, 12.32, 9.62, 88.36
0, 2175332, 2089, 27, 349.56, 1.31, 12.37, 9.78, 77.54
0, 2181094, 2226, 41, 352.12, 1.06, 12.37, 9.68, 68.34
0, 2188867, 2385, 55, 355.62, 1.06, 11.90, 9.68, 54.00
0, 2195233, 2499, 67, 355.62, 0.69, 11.78, 9.79, 40.89
0, 2204664, 2590, 76, 359.56, 0.37, 11.88, 9.88, 19.91
0, 2214503, 2587, 83, 362.06, 0.19, 11.88, 9.81, -3.00
0, 2221343, 2551, 86, 363.94, 0.06, 11.56, 9.63, -18.91
0, 2228110, 2461, 87, 363.94, 0.06, 11.81, 9.63, -34.17
0, 2233996, 2327, 89, 365.06, 0.00, 11.70, 9.95, -46.76
0, 2241851, 2075, 93, 365.12, -0.06, 11.70, 9.78, -62.14
0, 2249656, 1698, 111, 364.56, -0.06, 11.68, 9.67, -75.35
0, 2258502, 1264, 111, 362.75, -0.13, 11.33, 9.45, -87.26
0, 2266839, 948, 84, 362.75, -0.25, 12.40, 9.45, -95.08
0, 2274827, 631, 56, 359.50, -0.25, 12.40, 9.87, -99.18
0, 2280838, 332, 29, 354.62, -0.25, 11.69, 9.89, -99.99
0, 2288627, -13, -3, 350.56, 0.00, 11.80, 9.89, -98.10
0, 2294702, -220, -22, 350.56, 0.37, 12.58, 9.54, -94.36
0, 2304172, -527, -50, 346.69, 0.75, 12.46, 9.96, -84.76
0, 2314295, -622, -60, 342.12, 1.06, 12.46, 9.79, -69.92
0, 2320271, -614, -62, 338.31, 1.06, 12.13, 9.74, -59.27
0, 2328025, -607, -63, 338.31, 1.25, 12.52, 9.74, -43.74
0, 2333998, -597, -64, 335.19, 1.31, 11.99, 9.82, -30.78
0, 2341810, -586, -66, 333.94, 1.31, 11.99, 9.77, -12.95
0, 2349637, -563, -71, 334.00, 1.31, 12.04, 9.67, 5.34
0, 2357467, -502, -73, 334.00, 1.37, 12.00, 9.67, 23.46
0, 2366185, -360, -74, 334.12, 1.37, 12.44, 9.74, 42.69
0, 2373028, -181, -76, 334.31, 1.44, 12.44, 9.78, 56.57
0, 2379922, 92, -79, 334.69, 1.44, 12.46, 9.57, 69.09
0, 2386868, 343, -96, 334.69, 1.44, 12.93, 9.57, 79.89
0, 2396262, 560, -121, 335.87, 1.44, 11.49, 9.92, 91.09
0, 2405061, 795, -101, 338.25, 1.69, 11.99, 10.76, 97.61
0, 2414798, 1078, -73, 341.94, 1.81, 11.99, 8.98, 100.00
0, 2421236, 1232, -58, 344.44, 1.81, 12.16, 9.58, 98.73
0, 2428829, 1482, -34, 344.44, 1.62, 11.53, 9.58, 94.36
0, 2434668, 1721, -12, 346.94, 1.37, 12.61, 9.65, 88.97
0, 2442426, 2037, 21, 349.75, 1.12, 12.61, 9.91, 79.25
0, 2450652, 2239, 42, 352.25, 0.75, 12.20, 9.58, 66.11
0, 2459851, 2428, 59, 355.81, 0.75, 11.72, 9.95, 48.54
0, 2467708, 2554, 73, 355.81, 0.44, 11.91, 9.95, 31.72
0, 2475432, 2596, 77, 358.25, 0.25, 11.78, 9.78, 14.14
0, 2481260, 2582, 82, 360.62, 0.25, 11.78, 9.65, 0.54
0, 2488894, 2548, 86, 362.50, 0.13, 11.52, 9.65, -17.25
0, 2495110, 2484, 87, 362.50, 0.06, 11.83, 9.54, -31.36
0, 2503969, 2283, 89, 363.56, 0.00, 11.65, 9.97, -50.25
0, 2513014, 1976, 96, 363.44, -0.06, 11.65, 9.77, -67.31
0, 2519782, 1622, 114, 361.50, -0.06, 11.55, 9.77, -78.14
0, 2527577, 1238, 110, 361.50, -0.13, 11.28, 9.57, -88.17
0, 2533280, 1013, 90, 359.56, -0.19, 12.78, 8.72, -93.67
0, 2541273, 689, 62, 356.25, -0.19, 12.78, 10.64, -98.55
0, 2548960, 311, 27, 352.06, -0.19, 11.60, 9.84, -100.00
0, 2557870, -69, -8, 352.06, 0.06, 11.67, 9.84, -97.63
0, 2566576, -374, -36, 347.94, 0.44, 12.79, 9.78, -91.23
0, 2573438, -570, -55, 343.37, 0.81, 12.79, 9.76, -83.50
0, 2580685, -626, -61, 338.75, 0.81, 12.04, 9.76, -73.00
0, 2587680, -619, -62, 338.75, 1.12, 12.92, 9.72, -60.88
0, 2594275, -613, -63, 335.81, 1.31, 12.02, 9.77, -47.95
0, 2603332, -604, -64, 335.06, 1.31, 12.13, 9.82, -28.39
0, 2612438, -587, -68, 335.12, 1.31, 12.13, 9.77, -7.46
0, 2619633, -560, -72, 335.25, 1.37, 11.96, 9.77, 9.37
0, 2627378, -482, -74, 335.25, 1.37, 11.92, 9.87, 27.18
0, 2633121, -384, -75, 335.44, 1.44, 11.92, 9.74, 39.84
0, 2641025, -166, -77, 335.94, 1.44, 12.49, 9.72, 56.04
0, 2648110, 106, -80, 335.94, 1.44, 12.53, 9.72, 68.95
0, 2655528, 353, -102, 337.31, 1.44, 12.74, 9.58, 80.44
0, 2664074, 547, -121, 340.12, 1.50, 12.74, 10.72, 90.64
0, 2671073, 730, -107, 343.62, 1.50, 12.68, 9.08, 96.32
0, 2678934, 973, -83, 346.06, 1.81, 11.45, 9.08, 99.61
0, 2685098, 1131, -67, 346.06, 1.87, 12.47, 9.85, 99.84
0, 2692687, 1337, -48, 348.62, 1.87, 12.47, 9.74, 97.27
0, 2700869, 1652, -18, 351.44, 1.62, 11.87, 9.99, 91.07
0, 2710989, 2069, 24, 354.12, 1.37, 12.63, 9.73, 78.83
0, 2718822, 2267, 44, 354.12, 1.12, 12.14, 9.73, 66.28
0, 2726784, 2442, 60, 357.94, 0.75, 11.42, 9.56, 51.25
0, 2732692, 2554, 73, 361.62, 0.75, 11.42, 9.83, 38.92
0, 2740793, 2630, 80, 364.00, 0.44, 11.94, 9.83, 20.85
0, 2747895, 2628, 84, 364.00, 0.25, 11.60, 9.76, 4.36
0, 2757668, 2600, 90, 365.94, 0.06, 11.60, 9.80, -18.42
0, 2766584, 2507, 91, 366.69, 0.06, 12.04, 9.47, -38.39
0, 2773379, 2328, 93, 366.56, 0.06, 12.04, 9.82, -52.54
0, 2781021, 2034, 99, 366.00, 0.00, 11.46, 9.82, -66.85
0, 2787881, 1666, 117, 366.00, -0.06, 11.41, 9.79, -77.89
0, 2794455, 1324, 116, 363.94, -0.13, 11.43, 9.71, -86.58
0, 2802279, 995, 88, 360.00, -0.13, 11.43, 10.55, -94.25
0, 2811302, 615, 55, 354.94, -0.25, 12.64, 9.70, -99.16
0, 2819260, 222, 18, 354.94, -0.19, 12.06, 9.70, -99.84
0, 2826973, -96, -10, 350.69, 0.13, 11.64, 9.85, -97.19
0, 2833294, -316, -30, 346.44, 0.13, 11.64, 9.61, -92.65
0, 2841522, -564, -54, 341.87, 0.50, 12.71, 9.61, -83.73
0, 2849257, -629, -61, 338.25, 0.88, 11.95, 9.81, -72.51
0, 2858349, -620, -62, 338.25, 1.19, 13.30, 9.86, -56.32
0, 2866652, -611, -64, 335.56, 1.31, 12.82, 9.69, -39.29
0, 2873756, -600, -66, 335.06, 1.31, 12.06, 9.79, -23.52
0, 2881588, -585, -70, 335.12, 1.37, 12.06, 9.79, -5.40
0, 2889355, -553, -73, 335.25, 1.37, 12.02, 9.78, 12.76
0, 2895646, -487, -74, 335.25, 1.37, 11.88, 9.78, 27.18
0, 2903299, -343, -75, 335.44, 1.44, 12.56, 9.77, 43.90
0, 2911936, -83, -78, 336.00, 1.44, 12.56, 9.84, 61.06
0, 2919652, 216, -85, 337.62, 1.50, 12.51, 9.84, 74.30
0, 2926310, 395, -116, 337.62, 1.50, 12.34, 9.84, 83.79
0, 2933286, 566, -121, 340.50, 1.50, 12.34, 9.86, 91.55
0, 2941161, 782, -103, 343.94, 1.50, 12.81, 9.86, 97.38
0, 2948351, 1005, -80, 343.94, 1.81, 11.48, 9.53, 99.81
0, 2955738, 1188, -62, 346.37, 1.87, 12.46, 9.84, 99.37
0, 2963610, 1430, -39, 349.06, 1.87, 12.46, 9.57, 95.64
0, 2971456, 1753, -9, 351.81, 1.62, 11.62, 9.57, 88.70
0, 2979793, 2083, 26, 354.62, 1.37, 12.48, 9.87, 78.05
0, 2986114, 2238, 42, 354.62, 1.06, 12.02, 9.62, 67.98
0, 2993403, 2394, 56, 358.56, 1.06, 12.02, 9.82, 54.53
0, 3001537, 2545, 72, 362.00, 0.69, 11.24, 9.84, 37.67
0, 3010804, 2625, 80, 364.25, 0.44, 11.92, 9.84, 16.84
0, 3018524, 2614, 86, 364.25, 0.25, 11.60, 9.73, -1.16
0, 3025378, 2583, 89, 366.00, 0.13, 11.58, 9.65, -17.13
0, 3032390, 2505, 90, 366.62, 0.13, 11.58, 9.90, -33.01
0, 3040388, 2317, 92, 366.44, 0.06, 11.79, 9.90, -50.01
0, 3047128, 2098, 97, 366.44, 0.00, 11.78, 9.93, -63.00
0, 3054091, 1755, 112, 365.44, -0.06, 11.47, 9.68, -74.77
0, 3063108, 1293, 114, 363.06, -0.06, 11.47, 9.47, -87.03
0, 3070948, 987, 87, 359.00, -0.13, 11.67, 9.47, -94.56
0, 3078710, 675, 60, 359.00, -0.25, 11.65, 9.84, -98.88
0, 3084759, 374, 33, 354.06, -0.13, 11.91, 9.91, -100.00
0, 3092619, 11, 0, 350.19, -0.13, 11.91, 9.91, -98.45
0, 3100647, -274, -27, 345.94, 0.13, 11.57, 9.56, -93.44
0, 3108888, -544, -52, 345.94, 0.56, 12.56, 9.91, -84.87
0, 3116312, -630, -61, 341.37, 0.88, 12.04, 9.80, -74.44
0, 3123326, -625, -63, 337.81, 0.88, 12.04, 9.72, -62.52
0, 3131376, -618, -63, 335.37, 1.19, 13.47, 9.72, -46.78
0, 3138152, -609, -65, 335.37, 1.31, 12.54, 9.79, -32.23
0, 3144764, -598, -67, 335.06, 1.31, 12.09, 9.85, -17.24
0, 3152790, -579, -72, 335.12, 1.37, 12.09, 9.72, 1.47
0, 3161565, -522, -73, 335.25, 1.37, 12.02, 9.72, 21.84
0, 3168590, -422, -74, 335.25, 1.44, 11.90, 9.71, 37.53
0, 3174581, -282, -75, 335.44, 1.44, 12.54, 9.75, 50.13
0, 3182538, 8, -79, 336.12, 1.44, 12.54, 9.75, 65.29
0, 3191030, 321, -94, 337.81, 1.50, 12.92, 9.87, 78.97
0, 3198740, 487, -122, 337.81, 1.50, 11.76, 9.88, 88.70
0, 3205615, 662, -113, 341.06, 1.56, 12.39, 10.61, 94.96
0, 3213844, 908, -90, 344.31, 1.56, 12.39, 9.13, 99.21
0, 3221892, 1125, -67, 346.62, 1.87, 11.90, 9.13, 99.81
0, 3229647, 1331, -48, 346.62, 1.87, 12.36, 9.64, 97.04
0, 3235421, 1544, -28, 349.37, 1.87, 11.46, 9.64, 92.90
0, 3243332, 1882, 4, 352.06, 1.62, 11.46, 9.92, 84.49
0, 3251734, 2153, 34, 354.94, 1.37, 12.28, 9.92, 72.40
0, 3261079, 2355, 52, 358.87, 1.06, 11.88, 9.71, 55.69
0, 3267876, 2486, 66, 358.87, 0.69, 11.24, 9.90, 41.82
0, 3274603, 2568, 75, 362.12, 0.69, 11.80, 9.74, 27.05
0, 3282466, 2583, 78, 364.25, 0.44, 11.80, 9.74, 8.96
0, 3290329, 2559, 85, 365.87, 0.25, 11.51, 9.74, -9.43
0, 3296858, 2523, 86, 365.87, 0.13, 11.69, 9.54, -24.48
0, 3303830, 2406, 87, 366.25, 0.13, 11.87, 10.02, -39.92
0, 3313277, 2145, 92, 365.94, 0.06, 11.87, 10.02, -59.07
0, 3321515, 1788, 104, 364.81, 0.00, 11.65, 9.86, -73.44
0, 3328174, 1418, 115, 364.81, 0.00, 11.47, 9.65, -83.09
0, 3335183, 1121, 99, 362.25, 0.00, 11.78, 8.61, -91.07
0, 3343287, 802, 70, 358.06, -0.06, 11.78, 8.61, -97.23
0, 3351843, 407, 35, 353.25, -0.19, 11.60, 10.64, -99.94
0, 3361421, -23, -4, 349.37, -0.06, 11.87, 9.81, -98.23
0, 3368075, -251, -25, 349.37, 0.25, 11.57, 9.75, -94.12
0, 3374863, -487, -47, 344.94, 0.25, 12.20, 9.78, -87.59
0, 3382705, -617, -60, 340.69, 0.62, 12.20, 9.78, -77.30
0, 3390521, -622, -62, 337.31, 0.88, 12.57, 9.76, -64.46
0, 3397337, -616, -63, 337.31, 0.88, 13.23, 9.89, -51.49
0, 3404231, -608, -64, 335.25, 1.19, 12.16, 9.84, -37.04
0, 3414035, -597, -66, 335.06, 1.31, 12.16, 9.84, -14.93
0, 3422461, -570, -72, 335.19, 1.31, 12.02, 9.75, 4.75
0, 3429110, -526, -73, 335.19, 1.31, 12.03, 9.71, 20.19
0, 3436462, -416, -74, 335.31, 1.31, 11.86, 9.80, 36.67
0, 3443871, -242, -76, 335.56, 1.37, 11.86, 9.80, 52.18
0, 3452251, 67, -80, 336.37, 1.44, 12.39, 9.69, 67.81
0, 3460783, 353, -103, 338.31, 1.44, 12.87, 9.59, 81.05
0, 3467062, 490, -122, 338.31, 1.44, 11.32, 10.70, 88.76
0, 3474489, 681, -111, 341.62, 1.50, 11.93, 10.70, 95.39
0, 3482927, 936, -87, 344.69, 1.81, 11.93, 9.15, 99.43
0, 3490737, 1137, -66, 347.06, 1.81, 12.27, 9.82, 99.71
0, 3497555, 1316, -49, 347.06, 1.81, 12.03, 9.75, 97.24
0, 3504485, 1568, -26, 349.81, 1.50, 11.58, 9.98, 92.19
0, 3514433, 1987, 15, 352.44, 1.31, 11.58, 9.98, 80.75
0, 3522726, 2208, 39, 355.44, 1.00, 12.17, 9.71, 67.85
0, 3529634, 2350, 52, 359.37, 0.62, 11.65, 9.59, 55.13
0, 3537622, 2484, 66, 359.37, 0.62, 11.34, 9.84, 38.65
0, 3544610, 2554, 73, 362.44, 0.37, 11.76, 9.84, 23.11
0, 3552897, 2556, 78, 364.37, 0.19, 11.76, 9.75, 3.91
0, 3562837, 2520, 84, 365.75, 0.13, 11.57, 9.77, -19.25
0, 3569621, 2449, 84, 365.75, 0.06, 11.77, 9.57, -34.53
0, 3576379, 2290, 86, 366.00, 0.06, 11.92, 9.82, -48.89
0, 3584756, 2000, 91, 365.69, 0.00, 11.49, 9.82, -64.96
0, 3592576, 1592, 111, 364.44, -0.06, 11.49, 9.77, -77.72
0, 3600405, 1218, 108, 361.62, -0.13, 11.30, 9.65, -87.89
0, 3607317, 953, 84, 361.62, -0.25, 11.50, 11.00, -94.43
0, 3615429, 624, 55, 357.00, -0.25, 11.82, 11.00, -98.95
0, 3623503, 228, 19, 352.44, -0.13, 11.82, 9.62, -99.90
0, 3631000, -77, -9, 348.62, 0.19, 11.58, 9.89, -97.60
0, 3638332, -327, -31, 348.62, 0.19, 11.79, 9.64, -92.45
0, 3645367, -546, -52, 344.12, 0.62, 11.90, 9.64, -84.94
0, 3653701, -625, -60, 340.12, 0.94, 13.19, 9.78, -73.10
0, 3663352, -617, -62, 336.81, 1.19, 13.19, 9.92, -55.94
0, 3670436, -608, -63, 335.12, 1.31, 12.98, 9.67, -41.49
0, 3677023, -598, -65, 335.12, 1.31, 11.93, 9.86, -27.01
0, 3685354, -585, -68, 335.12, 1.31, 12.02, 9.86, -7.83
0, 3693506, -553, -72, 335.25, 1.37, 12.02, 9.78, 11.23
0, 3701713, -469, -74, 335.37, 1.37, 11.89, 9.68, 30.01
0, 3710268, -299, -76, 335.62, 1.44, 12.05, 9.73, 48.39
0, 3717102, -83, -78, 335.62, 1.44, 12.58, 9.84, 61.72
0, 3725149, 240, -85, 336.56, 1.44, 12.58, 9.84, 75.37
0, 3732965, 438, -122, 338.56, 1.44, 12.80, 9.84, 86.07
0, 3740797, 633, -116, 342.06, 1.56, 10.95, 9.84, 93.91
0, 3747620, 826, -98, 342.06, 1.56, 12.71, 9.46, 98.18
0, 3754530, 1034, -77, 345.00, 1.87, 12.53, 9.46, 99.96
0, 3764202, 1271, -53, 347.44, 1.75, 12.53, 9.90, 98.06
0, 3770850, 1499, -32, 350.25, 1.50, 11.76, 9.56, 93.83
0, 3777455, 1770, -7, 350.25, 1.50, 11.90, 9.87, 87.38
0, 3785335, 2068, 25, 352.81, 1.25, 12.08, 9.87, 76.97
0, 3793153, 2242, 42, 356.00, 1.00, 12.08, 9.66, 64.05
0, 3800997, 2390, 56, 359.94, 0.62, 11.36, 9.69, 48.95
0, 3807745, 2485, 66, 359.94, 0.62, 11.60, 9.84, 34.61
0, 3816206, 2528, 71, 362.62, 0.37, 11.63, 9.84, 15.47
0, 3824404, 2507, 78, 364.44, 0.25, 11.63, 9.78, -3.67
0, 3831071, 2472, 80, 365.56, 0.13, 11.58, 9.57, -19.17
0, 3839798, 2351, 82, 365.56, 0.13, 11.89, 10.03, -38.69
0, 3846362, 2211, 84, 365.56, 0.06, 11.76, 10.03, -52.35
0, 3853799, 1939, 88, 365.06, 0.06, 11.76, 9.82, -66.33
0, 3863084, 1430, 112, 363.62, 0.00, 11.35, 9.68, -80.91
0, 3868792, 1197, 105, 363.62, 0.00, 11.35, 9.42, -88.02
0, 3876434, 906, 80, 360.75, -0.06, 12.03, 9.42, -95.07
0, 3884671, 568, 50, 355.87, -0.19, 12.07, 9.99, -99.25
0, 3892568, 189, 16, 351.69, -0.06, 12.07, 10.02, -99.81
0, 3900613, -124, -13, 347.94, -0.06, 11.41, 9.56, -96.87
0, 3907375, -359, -34, 347.94, 0.25, 12.32, 9.87, -91.74
0, 3916347, -593, -57, 343.37, 0.62, 12.58, 9.87, -81.43
0, 3924112, -629, -62, 339.56, 1.00, 12.58, 9.76, -69.58
0, 3930784, -622, -63, 336.37, 1.25, 13.35, 9.71, -57.56
0, 3938643, -615, -64, 336.37, 1.25, 12.70, 9.71, -41.62
0, 3945480, -605, -66, 335.00, 1.31, 11.99, 9.80, -26.59
0, 3953291, -592, -69, 335.06, 1.37, 11.99, 9.81, -8.61
0, 3961952, -560, -73, 335.12, 1.37, 12.08, 9.77, 11.64
0, 3968535, -498, -74, 335.12, 1.37, 11.96, 9.80, 26.76
0, 3976360, -352, -75, 335.31, 1.44, 12.17, 9.80, 43.87
0, 3983911, -133, -78, 335.62, 1.44, 12.17, 9.77, 58.99
0, 3991997, 190, -83, 336.69, 1.44, 12.63, 9.85, 73.14
0, 4001827, 446, -122, 339.00, 1.50, 12.18, 9.89, 86.77
0, 4011733, 690, -110, 342.62, 1.56, 11.12, 10.59, 95.88
0, 4018513, 892, -92, 342.62, 1.56, 12.41, 9.05, 99.16
0, 4026398, 1110, -69, 345.31, 1.87, 12.47, 9.05, 99.85
0, 4034132, 1309, -50, 347.69, 1.81, 12.47, 9.67, 97.22
0, 4042059, 1600, -23, 350.50, 1.81, 11.53, 9.61, 91.22
0, 4049110, 1899, 6, 350.50, 1.50, 12.29, 9.91, 83.25
0, 4056038, 2118, 32, 353.06, 1.31, 11.98, 9.91, 73.20
0, 4065770, 2312, 49, 356.37, 1.00, 11.98, 9.71, 55.92
0, 4073188, 2437, 61, 360.31, 0.62, 11.21, 9.97, 40.74
0, 4079399, 2500, 68, 360.31, 0.62, 11.78, 9.77, 27.07
0, 4088744, 2506, 72, 362.75, 0.44, 11.81, 9.77, 5.53
0, 4095802, 2478, 78, 364.50, 0.25, 11.69, 9.70, -10.98
0, 4103700, 2412, 80, 365.44, 0.19, 11.69, 9.65, -29.07
0, 4112198, 2259, 82, 365.37, 0.13, 11.72, 10.07, -47.42
0, 4118970, 2064, 85, 365.37, 0.13, 11.83, 9.74, -60.73
0, 4126658, 1695, 97, 364.81, 0.06, 11.24, 9.74, -73.97
0, 4133519, 1313, 110, 363.25, 0.06, 11.24, 9.67, -83.79
0, 4142080, 985, 87, 360.12, 0.06, 11.73, 8.71, -92.98
0, 4149077, 734, 65, 360.12, -0.06, 12.58, 8.71, -97.74
0, 4156096, 407, 35, 355.06, -0.19, 11.87, 10.50, -99.88
0, 4166190, -36, -5, 351.00, 0.06, 11.87, 9.86, -98.24
0, 4173278, -275, -27, 347.25, 0.37, 11.36, 9.88, -93.81
0, 4179886, -503, -48, 347.25, 0.37, 12.58, 9.81, -87.34
0, 4189353, -630, -61, 342.69, 0.75, 12.33, 9.81, -74.50
0, 4195813, -626, -63, 339.06, 1.06, 13.27, 9.74, -63.59
0, 4203674, -620, -63, 336.00, 1.31, 13.27, 9.87, -48.39
0, 4212457, -610, -65, 335.00, 1.37, 12.33, 9.80, -29.49
0, 4219249, -596, -68, 335.00, 1.37, 12.01, 9.80, -13.98
0, 4226962, -575, -72, 335.06, 1.37, 12.01, 9.82, 4.03
0, 4233793, -529, -74, 335.19, 1.44, 12.03, 9.83, 19.90
0, 4242389, -400, -75, 335.37, 1.44, 11.93, 9.85, 39.09
0, 4249552, -230, -77, 335.37, 1.44, 12.42, 9.85, 53.91
0, 4256010, 12, -80, 335.75, 1.50, 12.94, 9.70, 65.99
0, 4265221, 343, -102, 337.00, 1.50, 12.94, 9.55, 80.54
0, 4270959, 465, -122, 337.00, 1.50, 11.76, 10.05, 87.76
0, 4278645, 663, -113, 339.44, 1.50, 11.71, 10.05, 94.92
0, 4286953, 913, -90, 343.12, 1.69, 11.82, 9.17, 99.21
0, 4294368, 1111, -69, 345.62, 1.94, 11.82, 9.82, 99.88
0, 4302541, 1322, -48, 348.19, 1.94, 12.14, 9.72, 97.14
0, 4309971, 1595, -23, 348.19, 1.81, 11.49, 10.02, 91.56
0, 4318783, 1965, 13, 351.06, 1.50, 12.62, 10.02, 81.38
0, 4326742, 2180, 38, 353.56, 1.31, 12.62, 9.73, 69.20
0, 4333592, 2315, 49, 357.12, 1.00, 11.78, 9.56, 56.78
0, 4342460, 2455, 63, 360.87, 1.00, 11.25, 9.93, 38.59
0, 4349399, 2519, 70, 360.87, 0.62, 11.89, 9.93, 23.15
0, 4355967, 2519, 73, 363.19, 0.44, 11.79, 9.70, 7.97
0, 4365839, 2491, 80, 364.81, 0.25, 11.79, 9.77, -15.08
0, 4371936, 2447, 80, 365.62, 0.25, 11.69, 9.51, -29.00
0, 4379380, 2299, 82, 365.62, 0.19, 12.08, 9.51, -45.16
0, 4387964, 2042, 86, 365.44, 0.13, 11.48, 9.74, -62.07
0, 4394877, 1715, 97, 364.94, 0.13, 11.48, 9.72, -73.90
0, 4402958, 1275, 110, 363.00, 0.13, 11.29, 9.72, -85.25
0, 4410519, 991, 87, 359.50, 0.06, 11.61, 9.20, -93.13
0, 4418266, 703, 62, 359.50, 0.00, 13.09, 9.20, -98.17
0, 4426207, 325, 28, 354.44, -0.13, 13.09, 9.52, -100.00
0, 4432313, 55, 4, 350.56, 0.06, 11.65, 9.86, -99.06
0, 4441400, -260, -26, 346.62, 0.06, 11.69, 9.86, -93.93
0, 4448122, -493, -47, 346.62, 0.37, 12.75, 9.71, -87.38
0, 4454936, -610, -59, 342.19, 0.81, 11.92, 9.74, -78.54
0, 4464261, -620, -62, 338.62, 1.06, 11.92, 9.95, -63.27
0, 4471028, -612, -63, 338.62, 1.06, 13.08, 9.72, -50.25
0, 4478924, -604, -64, 335.75, 1.31, 12.07, 9.72, -33.50
0, 4486887, -591, -66, 335.06, 1.37, 12.10, 9.73, -15.45
0, 4494402, -571, -71, 335.12, 1.44, 12.10, 9.88, 2.09
0, 4502570, -516, -73, 335.25, 1.44, 11.99, 9.82, 21.06
0, 4509493, -419, -74, 335.25, 1.44, 12.04, 9.82, 36.57
0, 4518228, -207, -76, 335.44, 1.50, 12.39, 9.71, 54.71
0, 4525080, 47, -79, 335.94, 1.50, 12.39, 9.87, 67.39
0, 4531803, 303, -90, 337.31, 1.50, 12.53, 9.86, 78.14
0, 4541254, 524, -121, 340.00, 1.50, 11.23, 9.86, 89.93
0, 4547616, 685, -111, 340.00, 1.56, 12.79, 9.88, 95.43
0, 4554819, 902, -91, 343.56, 1.69, 12.79, 9.89, 99.09
0, 4564282, 1151, -65, 346.06, 2.00, 11.34, 9.96, 99.62
0, 4571099, 1332, -48, 348.62, 2.00, 11.81, 9.96, 96.98
0, 4578666, 1612, -22, 348.62, 1.81, 11.72, 9.60, 91.16
0, 4586520, 1942, 11, 351.44, 1.56, 12.62, 9.88, 82.10
0, 4594276, 2160, 36, 354.00, 1.56, 12.62, 9.70, 70.43
0, 4602103, 2313, 49, 357.69, 1.25, 11.45, 9.70, 56.31
0, 4609132, 2426, 60, 357.69, 0.88, 11.47, 9.69, 42.01
0, 4618273, 2507, 68, 361.25, 0.69, 11.91, 9.85, 21.77
0, 4625152, 2507, 73, 363.37, 0.56, 11.91, 9.78, 5.83
0, 4631940, 2480, 79, 364.87, 0.56, 11.68, 9.52, -10.05
0, 4640965, 2406, 80, 365.50, 0.50, 11.68, 9.52, -30.70
0, 4646977, 2306, 81, 365.50, 0.44, 11.88, 9.94, -43.75
0, 4654499, 2094, 84, 365.25, 0.37, 11.88, 9.87, -58.83
0, 4662834, 1711, 97, 364.50, 0.37, 11.82, 9.68, -73.40
0, 4670572, 1296, 109, 364.50, 0.31, 11.25, 9.68, -84.44
0, 4678465, 1003, 88, 362.50, 0.25, 11.96, 9.43, -92.85
0, 4685361, 752, 66, 358.62, 0.13, 12.36, 9.99, -97.61
0, 4694003, 348, 30, 353.69, 0.13, 12.36, 9.55, -99.99
0, 4702006, 2, -1, 350.00, 0.37, 12.01, 9.55, -98.54
0, 4708780, -227, -22, 350.00, 0.69, 12.24, 9.59, -94.62
0, 4717645, -522, -50, 346.00, 1.06, 12.65, 9.83, -85.92
0, 4723438, -616, -60, 341.62, 1.06, 12.65, 9.77, -78.21
0, 4731088, -623, -62, 341.62, 1.37, 11.80, 9.77, -65.85
0, 4739990, -617, -63, 338.19, 1.62, 12.87, 9.71, -48.84
0, 4746448, -607, -64, 335.50, 1.69, 12.01, 9.74, -35.14
0, 4754501, -597, -66, 335.00, 1.69, 12.01, 9.84, -16.96
0, 4762867, -574, -72, 335.12, 1.69, 12.12, 9.68, 2.55
0, 4770746, -523, -73, 335.12, 1.69, 12.01, 9.68, 20.85
0, 4778672, -407, -75, 335.25, 1.75, 12.36, 9.70, 38.54
0, 4785877, -233, -77, 335.44, 1.75, 12.45, 9.76, 53.49
0, 4794597, 101, -81, 336.00, 1.75, 12.45, 9.87, 69.52
0, 4802824, 363, -106, 337.56, 1.81, 12.66, 9.89, 82.00
0, 4812775, 598, -119, 340.50, 1.81, 10.85, 10.53, 93.00
0, 4820581, 812, -100, 340.50, 2.00, 12.88, 10.53, 98.13
0, 4828534, 1048, -75, 343.94, 2.19, 11.47, 9.14, 100.00
0, 4835333, 1210, -59, 346.31, 2.00, 11.60, 9.64, 98.85
0, 4844205, 1497, -33, 349.00, 2.00, 11.60, 9.67, 93.60
0, 4851997, 1819, -2, 351.69, 1.75, 12.10, 9.67, 85.66
0, 4858772, 2068, 26, 351.69, 1.50, 12.48, 9.91, 76.42
0, 4866500, 2235, 42, 354.37, 1.19, 12.48, 9.73, 63.57
0, 4873417, 2359, 53, 358.19, 1.19, 11.24, 10.01, 50.28
0, 4881275, 2461, 64, 361.56, 0.81, 11.72, 10.01, 33.62
0, 4890402, 2495, 68, 361.56, 0.69, 11.86, 9.76, 12.87
0, 4896631, 2476, 73, 363.56, 0.56, 11.64, 9.66, -1.68
0, 4904643, 2430, 78, 364.94, 0.56, 11.64, 9.46, -20.31
0, 4912456, 2334, 79, 365.37, 0.50, 11.77, 9.46, -37.78
0, 4920720, 2150, 81, 365.37, 0.44, 11.94, 10.06, -54.89
0, 4928693, 1833, 88, 365.00, 0.37, 11.85, 9.78, -69.45
0, 4934799, 1479, 108, 364.06, 0.31, 11.60, 9.65, -79.00
0, 4943366, 1101, 97, 361.94, 0.31, 11.60, 8.76, -89.63
0, 4951081, 827, 72, 357.87, 0.25, 12.36, 8.76, -96.14
0, 4957107, 583, 52, 357.87, 0.19, 11.79, 10.39, -99.06
0, 4965945, 160, 13, 352.87, 0.44, 11.79, 10.00, -99.76
0, 4973170, -114, -12, 349.31, 0.44, 12.07, 9.87, -97.17
0, 4981267, -393, -38, 345.12, 0.75, 12.52, 9.87, -90.97
0, 4990320, -608, -59, 345.12, 1.12, 12.45, 9.80, -80.19
0, 4996647, -632, -62, 340.87, 1.44, 12.10, 9.76, -70.49
0, 5004562, -626, -63, 337.56, 1.44, 12.10, 9.82, -56.21
0, 5012413, -617, -64, 335.25, 1.62, 12.47, 9.82, -40.14
0, 5020168, -606, -66, 335.25, 1.69, 12.07, 9.77, -22.93
0, 5026271, -593, -69, 335.00, 1.69, 12.04, 9.73, -8.83
0, 5033534, -567, -73, 335.06, 1.69, 12.04, 9.77, 8.16
0, 5042652, -478, -74, 335.19, 1.75, 11.96, 9.77, 29.10
0, 5049430, -358, -75, 335.19, 1.75, 12.38, 9.82, 43.85
0, 5056189, -162, -78, 335.44, 1.81, 12.39, 9.74, 57.47
0, 5064056, 155, -82, 336.12, 1.81, 12.39, 9.74, 71.49
0, 5071463, 373, -112, 336.12, 1.81, 12.94, 9.58, 82.49
0, 5078116, 530, -122, 337.87, 1.81, 11.07, 10.06, 90.26
0, 5085007, 710, -109, 341.06, 2.06, 12.41, 9.17, 96.01
0, 5093832, 980, -82, 344.37, 2.06, 12.41, 9.84, 99.70
0, 5101880, 1179, -62, 346.75, 2.19, 12.03, 9.84, 99.38
0, 5108459, 1366, -45, 346.75, 2.00, 11.48, 9.73, 96.49
0, 5115920, 1652, -18, 349.50, 2.00, 11.48, 10.01, 90.46
0, 5123585, 1974, 14, 352.12, 1.75, 12.52, 10.01, 81.39
0, 5131835, 2193, 39, 355.00, 1.50, 12.28, 9.72, 68.72
0, 5140312, 2363, 53, 355.00, 1.12, 11.84, 9.53, 53.04
0, 5146755, 2470, 65, 358.94, 0.81, 11.87, 9.93, 39.69
0, 5154669, 2538, 72, 362.06, 0.81, 11.87, 9.67, 22.10
0, 5162520, 2535, 77, 364.06, 0.62, 11.78, 9.67, 3.89
0, 5170238, 2505, 82, 364.06, 0.50, 11.58, 9.81, -14.14
0, 5176327, 2455, 82, 365.44, 0.50, 11.80, 9.57, -28.06
0, 5183747, 2314, 84, 365.81, 0.44, 11.80, 9.81, -44.24
0, 5193207, 2035, 88, 365.44, 0.37, 11.70, 9.81, -62.86
0, 5200123, 1710, 101, 365.44, 0.37, 11.68, 9.72, -74.58
0, 5206694, 1343, 112, 364.25, 0.37, 11.77, 9.69, -83.91
0, 5214543, 1030, 91, 361.81, 0.31, 11.77, 9.69, -92.44
0, 5222085, 748, 66, 357.56, 0.19, 12.54, 9.46, -97.71
0, 5229111, 423, 37, 357.56, 0.19, 11.58, 9.51, -99.87
0, 5235698, 117, 9, 352.75, 0.44, 11.82, 9.92, -99.46
0, 5244671, -206, -20, 349.00, 0.44, 11.82, 9.70, -95.10
0, 5252718, -486, -46, 344.69, 0.75, 12.70, 9.70, -87.62
0, 5259495, -609, -59, 344.69, 1.12, 12.13, 9.74, -78.90
0, 5266651, -621, -62, 340.56, 1.12, 12.59, 9.95, -67.55
0, 5274178, -615, -62, 337.19, 1.44, 12.59, 9.95, -53.57
0, 5282406, -606, -63, 335.19, 1.62, 12.14, 9.73, -36.41
0, 5290378, -594, -66, 335.19, 1.69, 12.12, 9.73, -18.49
0, 5296853, -578, -70, 335.06, 1.69, 12.05, 9.90, -3.43
0, 5304763, -538, -73, 335.19, 1.69, 12.05, 9.90, 15.04
0, 5312970, -442, -74, 335.31, 1.69, 12.01, 9.83, 33.65
0, 5319620, -306, -75, 335.31, 1.75, 12.37, 9.72, 47.85
0, 5326124, -93, -78, 335.56, 1.75, 12.51, 9.84, 60.62
0, 5333945, 222, -84, 336.37, 1.81, 12.51, 9.84, 74.09
0, 5343341, 461, -122, 338.25, 1.81, 12.98, 9.92, 86.97
0, 5350516, 636, -116, 338.25, 1.81, 12.01, 9.91, 94.00
0, 5356966, 819, -99, 341.69, 2.06, 11.75, 9.86, 98.06
0, 5365190, 1062, -74, 344.75, 2.06, 11.75, 9.91, 100.00
0, 5373484, 1267, -54, 347.06, 2.19, 12.44, 9.91, 98.21
0, 5380127, 1493, -33, 347.06, 2.00, 11.56, 9.58, 94.10
0, 5386584, 1757, -8, 349.87, 1.75, 12.68, 9.88, 87.92
0, 5395538, 2090, 28, 352.50, 1.75, 12.68, 9.88, 76.08
0, 5403624, 2269, 45, 355.56, 1.50, 12.16, 9.64, 62.50
0, 5410976, 2407, 58, 355.56, 1.12, 11.55, 9.76, 48.20
0, 5417819, 2503, 68, 359.50, 1.12, 11.91, 9.82, 33.60
0, 5425262, 2541, 72, 362.37, 0.81, 11.91, 9.82, 16.76
0, 5433634, 2522, 79, 364.31, 0.62, 11.70, 9.74, -2.77
0, 5441335, 2480, 82, 365.56, 0.50, 11.57, 9.53, -20.66
0, 5448031, 2389, 82, 365.56, 0.44, 11.75, 10.04, -35.69
0, 5455561, 2220, 85, 365.69, 0.44, 11.75, 9.84, -51.52
0, 5463849, 1922, 91, 365.25, 0.37, 11.77, 9.84, -67.09
0, 5470527, 1561, 109, 365.25, 0.37, 11.50, 9.68, -77.82
0, 5476988, 1246, 109, 363.94, 0.37, 11.12, 9.46, -86.40
0, 5484849, 947, 83, 361.25, 0.31, 11.12, 9.46, -94.16
0, 5494008, 583, 51, 356.62, 0.19, 12.42, 9.91, -99.17
0, 5501877, 207, 17, 352.12, 0.19, 11.94, 9.56, -99.85
0, 5508107, -48, -6, 352.12, 0.50, 11.58, 9.55, -97.98
0, 5515906, -314, -30, 348.44, 0.50, 12.73, 9.55, -92.72
0, 5524150, -564, -54, 344.00, 0.81, 12.73, 9.89, -83.82
0, 5531568, -631, -61, 340.06, 1.19, 11.85, 9.80, -73.13
0, 5538841, -623, -63, 340.06, 1.50, 13.21, 9.72, -60.50
0, 5546668, -617, -63, 336.75, 1.50, 11.99, 9.72, -44.98
0, 5554494, -606, -65, 335.06, 1.69, 11.99, 9.72, -27.94
0, 5562299, -592, -68, 335.00, 1.69, 12.09, 9.88, -10.02
0, 5568875, -571, -72, 335.00, 1.69, 12.03, 9.78, 5.36
0, 5576055, -511, -74, 335.12, 1.69, 11.90, 9.78, 22.00
0, 5584399, -381, -75, 335.25, 1.75, 11.90, 9.83, 40.52
0, 5594326, -113, -78, 335.56, 1.81, 12.43, 9.76, 60.50
0, 5602175, 188, -83, 336.56, 1.81, 12.39, 9.88, 74.03
0, 5609034, 382, -112, 336.56, 1.81, 12.52, 9.91, 83.83
0, 5616251, 558, -121, 338.56, 1.81, 12.52, 9.91, 91.81
0, 5624158, 774, -103, 341.87, 1.87, 12.82, 10.67, 97.54
0, 5631224, 993, -81, 341.87, 2.12, 11.41, 8.99, 99.84
0, 5638762, 1179, -62, 344.87, 2.25, 12.50, 9.89, 99.28
0, 5646908, 1422, -40, 347.31, 2.25, 11.85, 9.60, 95.22
0, 5654911, 1742, -10, 350.19, 2.00, 11.85, 9.60, 87.86
0, 5662715, 2047, 23, 352.75, 1.75, 12.59, 9.96, 77.72
0, 5669020, 2194, 39, 352.75, 1.75, 12.11, 9.74, 67.61
0, 5676455, 2331, 51, 355.87, 1.50, 11.37, 9.74, 53.82
0, 5684722, 2450, 63, 359.87, 1.12, 11.37, 10.01, 36.60
0, 5694638, 2504, 68, 362.50, 0.81, 11.93, 9.75, 14.20
0, 5702452, 2481, 76, 364.19, 0.69, 11.70, 9.67, -4.06
0, 5709430, 2442, 78, 364.19, 0.69, 11.61, 9.86, -20.26
0, 5716559, 2349, 79, 365.25, 0.56, 11.61, 9.86, -36.25
0, 5724843, 2168, 82, 365.31, 0.50, 11.84, 9.96, -53.54
0, 5731874, 1912, 86, 365.31, 0.44, 11.83, 9.81, -66.66
0, 5739193, 1502, 107, 364.75, 0.37, 11.47, 9.65, -78.40
0, 5747387, 1138, 100, 363.31, 0.37, 11.29, 8.81, -88.80
0, 5755439, 851, 74, 360.50, 0.25, 11.29, 8.81, -95.85
0, 5763735, 505, 45, 355.56, 0.31, 12.18, 10.37, -99.55
0, 5770174, 199, 17, 355.56, 0.56, 12.14, 10.01, -99.84
0, 5777246, -82, -10, 351.37, 0.56, 11.32, 10.01, -97.56
0, 5785516, -368, -35, 347.75, 0.94, 12.62, 9.59, -91.50
0, 5795288, -610, -59, 343.31, 1.25, 12.62, 9.83, -79.96
0, 5803346, -634, -63, 339.50, 1.56, 11.82, 9.75, -67.28
0, 5810407, -628, -63, 339.50, 1.56, 13.35, 9.83, -54.18
0, 5817322, -621, -65, 336.31, 1.75, 11.96, 9.83, -39.92
0, 5825404, -611, -66, 334.94, 1.75, 11.96, 9.78, -21.95
0, 5832720, -594, -71, 334.94, 1.81, 12.01, 9.73, -5.00
0, 5841071, -558, -74, 334.94, 1.81, 12.03, 9.70, 14.51
0, 5849492, -458, -75, 335.06, 1.81, 11.92, 9.70, 33.61
0, 5856273, -316, -76, 335.19, 1.87, 12.49, 9.77, 48.09
0, 5864408, -39, -79, 335.50, 1.87, 12.49, 9.71, 63.82
0, 5870454, 202, -85, 335.50, 1.87, 12.73, 9.62, 74.05
0, 5877821, 399, -119, 336.56, 1.87, 12.15, 9.62, 84.49
0, 5885596, 591, -120, 338.94, 1.94, 12.51, 10.04, 92.78
0, 5895199, 865, -95, 342.50, 2.25, 12.51, 9.21, 98.76
0, 5903031, 1086, -71, 345.25, 2.25, 11.71, 9.77, 99.97
0, 5909783, 1251, -55, 345.25, 2.25, 12.38, 9.75, 98.31
0, 5916544, 1476, -35, 347.69, 2.00, 12.38, 9.75, 94.19
0, 5924547, 1805, -4, 350.56, 1.75, 12.31, 10.00, 86.29
0, 5931055, 2051, 24, 350.56, 1.50, 12.39, 9.71, 77.61
0, 5938802, 2221, 41, 353.06, 1.50, 11.98, 9.57, 64.96
0, 5948543, 2390, 56, 356.44, 1.12, 11.17, 9.57, 46.08
0, 5956135, 2482, 66, 360.31, 0.88, 11.91, 9.87, 29.65
0, 5964407, 2502, 70, 362.75, 0.69, 11.91, 9.75, 10.71
0, 5970648, 2481, 75, 362.75, 0.69, 11.57, 9.78, -3.88
0, 5978076, 2436, 78, 364.37, 0.62, 11.68, 9.78, -21.12
0, 5986268, 2325, 80, 365.31, 0.56, 11.88, 9.52, -39.37
0, 5996422, 2076, 83, 365.25, 0.50, 11.81, 9.78, -59.92
0, 6004336, 1728, 93, 364.56, 0.44, 11.81, 9.66, -73.65
0, 6012393, 1283, 109, 363.06, 0.44, 11.36, 9.76, -85.03
0, 6018322, 1057, 93, 363.06, 0.37, 11.36, 9.76, -91.50
0, 6025239, 799, 70, 360.06, 0.25, 11.59, 9.78, -96.81
0, 6031837, 510, 45, 360.06, 0.31, 11.44, 9.48, -99.51
0, 6039961, 124, 10, 355.12, 0.31, 12.00, 9.91, -99.58
0, 6049673, -229, -23, 351.00, 0.62, 11.37, 9.91, -94.96
0, 6056688, -478, -46, 347.12, 1.00, 12.27, 9.77, -88.55
0, 6064570, -618, -60, 342.62, 1.31, 12.27, 9.72, -78.52
0, 6070666, -627, -62, 342.62, 1.31, 12.40, 9.92, -68.91
0, 6078463, -621, -63, 338.94, 1.56, 13.25, 9.92, -54.60
0, 6086465, -613, -64, 335.87, 1.75, 12.11, 9.73, -38.03
0, 6096344, -601, -66, 334.94, 1.75, 12.04, 9.79, -15.81
0, 6104343, -576, -72, 335.00, 1.75, 12.04, 9.86, 2.85
0, 6112410, -521, -74, 335.12, 1.75, 11.92, 9.88, 21.58
0, 6118742, -431, -74, 335.12, 1.81, 11.90, 9.88, 35.77
0, 6126485, -247, -76, 335.25, 1.87, 11.90, 9.69, 52.03
0, 6133048, -14, -79, 335.69, 1.87, 12.52, 9.84, 64.49
0, 6140921, 290, -90, 335.69, 1.87, 12.83, 9.88, 77.41
0, 6150326, 503, -122, 336.94, 1.87, 11.72, 9.88, 89.37
0, 6157358, 679, -111, 339.50, 1.94, 11.81, 9.90, 95.52
0, 6165197, 917, -89, 343.06, 2.25, 11.81, 9.89, 99.32
0, 6171497, 1090, -71, 343.06, 2.25, 12.19, 9.96, 99.95
0, 6179216, 1284, -52, 345.56, 2.25, 12.19, 9.96, 97.77
0, 6186976, 1559, -27, 348.06, 2.00, 11.52, 9.62, 92.37
0, 6196831, 1968, 14, 350.94, 1.75, 12.19, 9.86, 81.16
0, 6204642, 2178, 37, 353.50, 1.44, 12.19, 9.69, 69.18
0, 6212534, 2328, 50, 357.00, 1.44, 11.81, 9.65, 54.73
0, 6218238, 2418, 59, 357.00, 1.12, 11.23, 9.65, 43.09
0, 6226017, 2490, 67, 360.81, 0.81, 11.23, 9.89, 26.03
0, 6232177, 2498, 69, 360.81, 0.81, 11.71, 9.72, 11.87
0, 6240725, 2474, 77, 363.06, 0.69, 11.64, 9.55, -8.11
0, 6250652, 2404, 78, 364.62, 0.62, 11.67, 9.55, -30.86
0, 6257583, 2284, 79, 365.31, 0.56, 11.78, 9.99, -45.82
0, 6265712, 2038, 82, 365.19, 0.50, 11.78, 9.77, -61.82
0, 6271642, 1764, 89, 365.19, 0.50, 11.60, 9.70, -72.10
0, 6279415, 1315, 110, 364.56, 0.44, 11.18, 9.70, -83.46
0, 6287181, 1013, 89, 362.87, 0.37, 11.71, 9.46, -92.05
0, 6297024, 642, 57, 359.37, 0.25, 11.75, 9.81, -98.54
0, 6304847, 273, 23, 354.19, 0.31, 11.75, 9.57, -99.99
0, 6312717, -50, -6, 350.25, 0.31, 11.68, 9.54, -98.07
0, 6318645, -243, -24, 350.25, 0.62, 11.69, 9.54, -94.43
0, 6326046, -491, -47, 346.37, 1.00, 11.69, 9.80, -87.34
0, 6332224, -602, -58, 346.37, 1.00, 11.93, 9.82, -79.40
0, 6341124, -616, -61, 341.94, 1.31, 12.90, 9.70, -65.10
0, 6351123, -609, -62, 338.50, 1.56, 13.14, 9.70, -45.71
0, 6357696, -597, -64, 335.69, 1.75, 12.04, 9.75, -31.53
0, 6365519, -586, -66, 335.00, 1.75, 12.04, 9.78, -13.71
0, 6372051, -568, -70, 335.00, 1.75, 12.05, 9.78, 1.54
0, 6380143, -512, -72, 335.12, 1.75, 11.93, 9.78, 20.35
0, 6388389, -398, -74, 335.25, 1.81, 12.08, 9.76, 38.76
0, 6398034, -153, -76, 335.37, 1.81, 12.39, 9.69, 58.43
0, 6405793, 143, -79, 335.94, 1.87, 12.39, 9.86, 72.13
0, 6415401, 419, -120, 337.25, 1.87, 12.81, 9.82, 85.77
0, 6422106, 582, -120, 337.25, 1.87, 11.40, 10.83, 92.75
0, 6430163, 806, -100, 339.87, 1.94, 11.82, 10.83, 98.12
0, 6438106, 1046, -76, 343.37, 2.25, 12.42, 8.85, 100.00
0, 6447914, 1298, -51, 345.87, 2.25, 11.93, 10.01, 97.56
0, 6455786, 1584, -25, 348.44, 1.94, 11.93, 9.59, 91.88
0, 6463605, 1912, 7, 351.31, 1.94, 11.68, 9.95, 83.15
0, 6469576, 2102, 30, 351.31, 1.69, 12.08, 9.95, 74.60
0, 6477250, 2256, 44, 353.94, 1.44, 12.08, 9.70, 61.49
0, 6483454, 2360, 53, 357.69, 1.44, 11.46, 9.99, 49.43
0, 6492409, 2464, 64, 361.19, 1.06, 11.41, 9.71, 30.24
0, 6501477, 2486, 68, 361.19, 0.81, 11.74, 9.71, 9.47
0, 6507925, 2463, 74, 363.25, 0.69, 11.56, 9.77, -5.61
0, 6516012, 2410, 77, 364.62, 0.62, 11.56, 9.74, -24.31
0, 6521777, 2334, 78, 364.62, 0.62, 11.70, 10.12, -37.15
0, 6529991, 2143, 80, 365.25, 0.56, 11.79, 10.12, -54.21
0, 6537856, 1838, 85, 364.94, 0.50, 11.38, 9.82, -68.69
0, 6547783, 1302, 109, 364.12, 0.44, 11.16, 9.69, -83.58
0, 6555646, 1028, 90, 362.12, 0.44, 11.16, 8.82, -92.22
0, 6563445, 749, 66, 358.31, 0.44, 11.99, 8.82, -97.71
0, 6569556, 476, 42, 358.31, 0.25, 11.91, 10.26, -99.75
0, 6576384, 158, 13, 353.44, 0.37, 11.91, 9.96, -99.61
0, 6583086, -94, -11, 349.94, 0.37, 11.42, 9.52, -97.00
0, 6591986, -392, -38, 349.94, 0.69, 12.14, 9.84, -89.86
0, 6601481, -605, -58, 346.00, 1.06, 11.76, 9.84, -77.97
0, 6607935, -620, -62, 341.62, 1.37, 13.19, 9.72, -67.66
0, 6616038, -614, -62, 338.25, 1.37, 13.19, 9.83, -52.55
0, 6621930, -606, -63, 338.25, 1.62, 12.97, 9.83, -40.35
0, 6630344, -597, -65, 335.56, 1.75, 11.98, 9.76, -21.65
0, 6638328, -578, -70, 335.00, 1.75, 11.97, 9.73, -3.12
0, 6648120, -530, -72, 335.06, 1.81, 11.89, 9.72, 19.68
0, 6655988, -430, -74, 335.19, 1.81, 11.89, 9.74, 37.31
0, 6663792, -243, -75, 335.37, 1.81, 12.21, 9.74, 53.55
0, 6669498, -35, -78, 335.37, 1.87, 12.69, 9.76, 64.33
0, 6675201, 204, -82, 335.94, 1.87, 12.69, 9.71, 73.95
0, 6682387, 407, -117, 335.94, 1.87, 12.68, 9.99, 84.18
0, 6690860, 617, -117, 337.37, 1.87, 10.78, 9.99, 93.17
0, 6700870, 903, -91, 340.31, 1.94, 11.52, 9.14, 99.06
0, 6707679, 1087, -71, 343.94, 2.31, 12.48, 9.77, 99.98
0, 6715557, 1280, -52, 346.37, 2.31, 12.48, 9.75, 97.87
0, 6721264, 1470, -35, 346.37, 2.19, 11.63, 9.75, 94.26
0, 6729024, 1779, -6, 349.06, 1.94, 11.63, 9.53, 86.67
0, 6735654, 2030, 22, 351.69, 1.69, 12.08, 9.68, 77.92
0, 6744561, 2219, 41, 354.37, 1.69, 12.09, 9.59, 63.25
0, 6754028, 2370, 54, 358.12, 1.44, 11.23, 9.92, 44.66
0, 6760999, 2446, 62, 358.12, 1.06, 11.68, 9.92, 29.53
0, 6768015, 2461, 65, 361.37, 0.81, 11.68, 9.74, 13.50
0, 6774342, 2441, 70, 363.25, 0.81, 11.62, 9.79, -1.28
0, 6782250, 2402, 74, 363.25, 0.69, 11.62, 9.79, -19.67
0, 6791170, 2296, 76, 364.56, 0.62, 11.85, 9.51, -39.58
0, 6800972, 2057, 78, 364.94, 0.56, 11.91, 10.03, -59.44
0, 6807785, 1764, 85, 364.56, 0.50, 11.24, 9.66, -71.46
0, 6815872, 1299, 107, 363.69, 0.50, 11.24, 9.76, -83.35
0, 6821575, 1084, 95, 363.69, 0.50, 11.44, 9.76, -89.97
0, 6828218, 848, 74, 361.69, 0.44, 11.44, 9.64, -95.65
0, 6834894, 583, 51, 357.62, 0.44, 11.96, 9.45, -99.02
0, 6844207, 147, 12, 352.69, 0.25, 12.03, 9.85, -99.69
0, 6854212, -206, -21, 349.12, 0.44, 11.29, 9.85, -95.15
0, 6861225, -448, -43, 349.12, 0.69, 12.52, 9.83, -88.84
0, 6868143, -593, -57, 345.00, 1.06, 12.52, 9.82, -80.28
0, 6873846, -617, -60, 340.87, 1.06, 11.98, 9.92, -71.62
0, 6881854, -610, -62, 340.87, 1.37, 13.36, 9.92, -57.35
0, 6890805, -602, -63, 337.56, 1.62, 12.51, 9.72, -39.05
0, 6899734, -590, -65, 335.31, 1.75, 12.06, 9.70, -19.08
0, 6906783, -570, -69, 335.06, 1.75, 12.06, 9.86, -2.69
0, 6915025, -529, -72, 335.12, 1.75, 11.98, 9.86, 16.54
0, 6920888, -465, -73, 335.12, 1.75, 11.92, 9.85, 29.88
0, 6927507, -334, -74, 335.25, 1.81, 11.92, 9.75, 44.26
0, 6934540, -124, -76, 335.50, 1.81, 12.26, 9.83, 58.36
0, 6944375, 252, -85, 336.12, 1.81, 12.80, 9.97, 75.36
0, 6953948, 478, -122, 337.94, 1.81, 11.86, 9.97, 88.09
0, 6960724, 643, -115, 337.94, 1.94, 11.13, 9.86, 94.46
0, 6967511, 838, -97, 341.19, 1.94, 11.13, 10.02, 98.47
0, 6973626, 1021, -78, 344.31, 2.25, 11.94, 10.02, 99.95
0, 6981763, 1217, -58, 344.31, 2.12, 12.34, 9.93, 98.75
0, 6988426, 1418, -40, 346.56, 1.87, 11.51, 9.57, 95.10
0, 6997315, 1766, -7, 349.31, 1.62, 12.44, 9.87, 86.65
0, 7006283, 2082, 29, 351.94, 1.62, 12.44, 9.71, 74.34
0, 7014220, 2234, 42, 354.69, 1.37, 11.98, 9.71, 60.69
0, 7019922, 2321, 50, 354.69, 1.00, 11.18, 9.67, 49.57
0, 7026419, 2391, 56, 358.50, 1.00, 11.18, 9.87, 35.83
0, 7033960, 2419, 59, 361.56, 0.81, 11.84, 9.87, 18.87
0, 7042569, 2399, 66, 363.31, 0.69, 11.61, 9.84, -1.18
0, 7051690, 2356, 69, 363.31, 0.62, 11.76, 9.46, -22.35
0, 7058170, 2283, 70, 364.31, 0.56, 11.79, 10.08, -36.83
0, 7066001, 2102, 73, 364.37, 0.56, 11.79, 10.08, -53.17
0, 7071705, 1892, 76, 364.37, 0.56, 11.89, 9.83, -63.98
0, 7077406, 1592, 87, 364.06, 0.56, 11.89, 9.65, -73.64
0, 7084772, 1198, 103, 363.12, 0.50, 11.12, 9.42, -84.16
0, 7093065, 920, 81, 360.62, 0.37, 11.78, 9.42, -93.00
0, 7101789, 620, 54, 360.62, 0.25, 13.30, 10.45, -98.52
0, 7108253, 326, 28, 355.94, 0.44, 11.59, 9.50, -99.98
0, 7116385, -5, -2, 351.50, 0.44, 11.59, 9.50, -98.56
0, 7122087, -184, -18, 351.50, 0.69, 11.68, 9.67, -95.43
0, 7128920, -412, -39, 348.25, 1.06, 12.62, 9.79, -89.45
0, 7135737, -574, -55, 344.19, 1.06, 12.62, 9.79, -81.21
0, 7144958, -609, -60, 340.37, 1.37, 12.10, 9.71, -66.82
0, 7154708, -601, -61, 337.25, 1.62, 13.21, 9.71, -48.24
0, 7161464, -590, -63, 337.25, 1.69, 12.19, 9.81, -33.83
0, 7168345, -580, -65, 335.25, 1.69, 12.19, 9.76, -18.30
0, 7174952, -564, -69, 335.06, 1.69, 12.02, 9.76, -2.92
0, 7183295, -522, -71, 335.19, 1.75, 11.96, 9.71, 16.54
0, 7192110, -417, -72, 335.19, 1.75, 12.06, 9.78, 36.41
0, 7199307, -261, -74, 335.31, 1.81, 12.31, 9.73, 51.51
0, 7207158, 24, -77, 335.56, 1.81, 13.06, 9.85, 66.32
0, 7215609, 336, -91, 336.37, 1.81, 13.06, 9.85, 79.74
0, 7223476, 512, -121, 338.12, 1.81, 11.45, 9.87, 89.45
0, 7230657, 696, -109, 338.12, 1.94, 11.85, 10.88, 95.67
0, 7237088, 889, -92, 341.50, 1.94, 11.80, 8.82, 98.95
0, 7245441, 1115, -68, 344.62, 2.25, 11.80, 10.05, 99.87
0, 7254970, 1367, -44, 347.00, 2.12, 11.99, 10.05, 96.27
0, 7261864, 1623, -21, 347.00, 1.81, 11.56, 9.64, 90.66
0, 7268629, 1902, 6, 349.81, 1.81, 11.56, 9.95, 82.87
0, 7274570, 2085, 29, 352.31, 1.62, 12.67, 9.95, 74.31
0, 7282311, 2224, 41, 352.31, 1.31, 11.65, 9.68, 61.02
0, 7289158, 2323, 50, 355.31, 0.94, 11.26, 9.96, 47.59
0, 7297143, 2400, 57, 359.12, 0.75, 11.92, 9.75, 30.41
0, 7306198, 2412, 61, 361.87, 0.75, 11.92, 9.75, 9.67
0, 7314199, 2385, 68, 363.37, 0.69, 11.60, 9.75, -9.04
0, 7319902, 2356, 69, 363.37, 0.69, 11.72, 9.68, -22.22
0, 7325800, 2279, 70, 364.31, 0.62, 11.72, 9.68, -35.43
0, 7333812, 2096, 73, 364.37, 0.56, 11.87, 10.14, -52.26
0, 7342109, 1776, 79, 364.37, 0.50, 11.73, 9.79, -67.74
0, 7348559, 1410, 101, 363.94, 0.44, 11.13, 9.69, -78.04
0, 7357018, 1072, 94, 362.69, 0.44, 11.13, 9.49, -88.82
0, 7365255, 814, 71, 359.87, 0.37, 11.56, 9.49, -95.98
0, 7370959, 605, 53, 359.87, 0.25, 12.71, 9.77, -98.86
0, 7376885, 327, 28, 355.12, 0.25, 12.71, 10.06, -99.99
0, 7384924, -7, -2, 351.12, 0.44, 11.27, 10.06, -98.45
0, 7393855, -300, -29, 347.94, 0.75, 11.97, 9.58, -92.67
0, 7401328, -536, -51, 347.94, 1.12, 12.68, 9.80, -84.71
0, 7408534, -620, -60, 343.69, 1.37, 11.80, 9.76, -74.58
0, 7416542, -616, -62, 339.94, 1.37, 11.80, 9.76, -60.84
0, 7422248, -609, -62, 339.94, 1.62, 13.04, 9.82, -49.73
0, 7428153, -602, -63, 336.75, 1.62, 12.06, 9.84, -37.29
0, 7436046, -593, -65, 335.00, 1.69, 12.06, 9.74, -19.60
0, 7445161, -573, -70, 335.00, 1.75, 12.06, 9.74, 1.62
0, 7454755, -511, -72, 335.06, 1.75, 12.03, 9.77, 23.86
0, 7461504, -414, -73, 335.06, 1.75, 12.21, 9.74, 38.85
0, 7468590, -234, -75, 335.19, 1.75, 12.21, 9.74, 53.54
0, 7474540, -12, -79, 335.44, 1.81, 12.32, 9.66, 64.75
0, 7480245, 222, -83, 335.44, 1.81, 12.73, 9.73, 74.32
0, 7487286, 415, -118, 336.37, 1.81, 10.89, 9.99, 84.30
0, 7496673, 648, -114, 338.50, 1.87, 10.89, 9.05, 94.00
0, 7505584, 905, -91, 342.06, 2.00, 12.59, 9.05, 99.03
0, 7513207, 1108, -69, 345.06, 2.25, 11.57, 9.77, 99.92
0, 7519304, 1256, -55, 345.06, 2.25, 11.57, 9.77, 98.35
0, 7525401, 1455, -37, 347.50, 2.06, 11.70, 9.78, 94.77
0, 7532667, 1743, -10, 347.50, 1.81, 11.90, 9.50, 88.00
0, 7539040, 1998, 18, 350.25, 1.56, 12.57, 9.68, 79.96
0, 7547386, 2189, 38, 352.75, 1.56, 11.27, 9.51, 66.77
0, 7557112, 2349, 52, 355.94, 1.25, 11.27, 9.51, 48.24
0, 7565526, 2448, 62, 359.81, 0.94, 11.57, 9.98, 30.15
0, 7571227, 2470, 65, 359.81, 0.75, 11.97, 9.68, 17.19
0, 7577463, 2452, 70, 362.25, 0.75, 11.67, 9.76, 2.67
0, 7585848, 2422, 74, 363.87, 0.62, 11.67, 9.76, -16.88
0, 7595398, 2324, 76, 364.87, 0.56, 11.82, 9.52, -38.33
0, 7605348, 2094, 79, 364.81, 0.50, 11.93, 9.99, -58.62
0, 7612469, 1798, 84, 364.81, 0.44, 11.79, 9.73, -71.26
0, 7619207, 1394, 109, 364.37, 0.44, 11.79, 9.73, -81.40
0, 7625364, 1123, 99, 363.12, 0.44, 11.15, 9.77, -88.90
0, 7631489, 898, 79, 363.12, 0.31, 12.27, 9.73, -94.53
0, 7638288, 642, 57, 360.37, 0.31, 11.95, 9.45, -98.51
0, 7647628, 208, 17, 355.44, 0.19, 11.32, 9.84, -99.90
0, 7657574, -158, -16, 351.06, 0.44, 11.32, 9.76, -96.14
0, 7666090, -450, -43, 347.37, 0.75, 12.36, 9.76, -88.78
0, 7671798, -584, -56, 347.37, 0.75, 12.59, 9.84, -81.86
0, 7677806, -625, -60, 343.75, 1.12, 11.80, 9.84, -72.99
0, 7686121, -617, -62, 340.12, 1.44, 11.80, 9.91, -58.38
0, 7695960, -609, -63, 336.94, 1.62, 12.68, 9.69, -38.29
0, 7706047, -595, -65, 335.69, 1.69, 12.04, 9.70, -15.61
0, 7713914, -570, -71, 335.69, 1.75, 11.98, 9.88, 2.75
0, 7719784, -536, -72, 335.69, 1.75, 11.98, 9.88, 16.43
0, 7726240, -451, -73, 335.81, 1.75, 12.05, 9.82, 31.10
0, 7732888, -317, -74, 335.81, 1.81, 12.37, 9.71, 45.46
0, 7740041, -96, -78, 336.00, 1.81, 12.47, 9.68, 59.68
0, 7748312, 225, -84, 336.37, 1.81, 12.04, 9.93, 74.01
0, 7758112, 466, -122, 337.56, 1.81, 11.02, 9.93, 87.37
0, 7766239, 665, -112, 339.94, 1.87, 11.02, 9.96, 94.99
0, 7771947, 828, -98, 339.94, 1.87, 12.39, 9.81, 98.31
0, 7778079, 1015, -79, 342.50, 2.06, 12.39, 9.81, 99.92
0, 7786383, 1217, -58, 345.06, 2.25, 11.80, 9.93, 98.82
0, 7795698, 1521, -30, 347.50, 2.06, 11.54, 9.59, 93.15
0, 7804653, 1892, 5, 350.00, 1.81, 12.29, 9.89, 83.54
0, 7811806, 2116, 32, 350.00, 1.81, 12.39, 9.78, 73.20
0, 7818824, 2249, 43, 353.37, 1.56, 12.39, 9.78, 61.07
0, 7824524, 2339, 51, 357.19, 1.25, 11.16, 9.63, 49.99
0, 7830461, 2410, 58, 357.19, 1.25, 11.77, 9.90, 37.50
0, 7838367, 2451, 62, 361.00, 0.88, 11.83, 9.75, 19.79
0, 7848199, 2431, 70, 363.37, 0.75, 11.63, 9.45, -3.10
0, 7858116, 2373, 73, 364.06, 0.62, 11.88, 9.45, -26.03
0, 7866127, 2260, 75, 363.94, 0.56, 11.88, 10.09, -43.58
0, 7871834, 2118, 77, 363.94, 0.56, 11.88, 9.84, -55.19
0, 7877594, 1888, 81, 363.37, 0.50, 11.88, 9.84, -65.90
0, 7884824, 1473, 101, 361.94, 0.50, 11.78, 9.72, -77.63
0, 7892409, 1138, 100, 361.94, 0.44, 11.78, 9.51, -87.55
0, 7901406, 838, 73, 358.62, 0.31, 12.97, 10.17, -95.72
0, 7910081, 498, 44, 353.44, 0.31, 11.75, 10.17, -99.59
0, 7917643, 158, 13, 349.69, 0.25, 11.75, 9.45, -99.62
0, 7923361, -58, -7, 346.25, 0.25, 11.36, 9.60, -97.58
0, 7929367, -248, -24, 346.25, 0.50, 12.49, 9.60, -93.54
0, 7937606, -513, -49, 341.94, 0.81, 12.35, 9.83, -85.03
0, 7946945, -620, -60, 338.50, 1.19, 12.35, 9.79, -71.58
0, 7956515, -611, -62, 335.44, 1.44, 12.09, 9.84, -54.27
0, 7964348, -602, -63, 334.31, 1.69, 12.54, 9.84, -38.04
0, 7970048, -592, -65, 334.31, 1.69, 12.05, 9.84, -25.39
0, 7975922, -581, -67, 334.37, 1.75, 12.05, 9.84, -11.88
0, 7982589, -561, -71, 334.37, 1.75, 12.02, 9.73, 3.70
0, 7990538, -502, -72, 334.44, 1.75, 12.02, 9.75, 22.14
0, 7999234, -371, -74, 334.62, 1.75, 12.37, 9.77, 41.40
0, 8008352, -126, -77, 335.06, 1.81, 12.42, 9.77, 59.75
0, 8016247, 181, -81, 336.31, 1.81, 12.42, 9.87, 73.48
0, 8021955, 362, -102, 336.31, 1.81, 12.99, 9.87, 81.86
0, 8027956, 502, -122, 338.69, 1.81, 12.99, 9.59, 89.10
0, 8034614, 677, -111, 342.25, 1.87, 11.17, 10.82, 95.07
0, 8043203, 936, -87, 342.25, 2.06, 12.45, 8.95, 99.35
0, 8051416, 1146, -65, 344.87, 2.06, 12.05, 9.97, 99.69
0, 8061010, 1424, -40, 347.50, 2.25, 11.53, 9.97, 95.45
0, 8068286, 1709, -13, 350.31, 2.00, 11.53, 9.63, 89.00
0, 8073992, 1947, 11, 350.31, 2.00, 12.61, 9.94, 82.14
0, 8080126, 2121, 32, 352.87, 1.75, 12.16, 9.94, 73.12
0, 8088412, 2277, 46, 356.44, 1.44, 11.28, 9.66, 58.60
0, 8098155, 2424, 59, 360.06, 1.12, 11.94, 9.92, 38.75
0, 8108211, 2497, 67, 362.19, 0.94, 11.85, 9.74, 16.16
0, 8116344, 2476, 75, 363.69, 0.81, 11.85, 9.74, -2.81
0, 8122198, 2448, 77, 363.69, 0.81, 11.58, 9.74, -16.45
0, 8128131, 2383, 78, 364.50, 0.75, 11.58, 9.83, -29.95
0, 8135050, 2257, 80, 364.31, 0.69, 11.81, 9.94, -44.95
0, 8143819, 1996, 85, 363.56, 0.69, 11.77, 9.83, -62.23
0, 8151847, 1601, 103, 363.56, 0.69, 11.55, 9.65, -75.76
0, 8161582, 1161, 102, 361.69, 0.62, 11.71, 9.65, -88.55
0, 8168556, 929, 82, 358.19, 0.50, 11.71, 8.99, -94.93
0, 8174255, 724, 65, 353.25, 0.50, 13.09, 10.31, -98.27
0, 8180376, 439, 38, 353.25, 0.44, 11.65, 10.31, -99.91
0, 8188567, 68, 5, 349.81, 0.69, 11.62, 9.87, -98.89
0, 8198487, -271, -26, 346.00, 1.06, 12.71, 9.61, -92.82
0, 8208350, -567, -55, 341.56, 1.37, 12.05, 9.83, -81.84
0, 8216453, -625, -61, 338.06, 1.69, 12.05, 9.72, -69.53
0, 8222358, -618, -62, 338.06, 1.69, 12.62, 9.72, -58.95
0, 8228055, -613, -63, 335.12, 1.87, 12.62, 9.86, -47.68
0, 8234698, -605, -64, 334.19, 1.94, 12.16, 9.75, -33.49
0, 8242963, -594, -66, 334.19, 1.94, 12.05, 9.72, -14.74
0, 8251924, -569, -72, 334.31, 2.00, 12.04, 9.81, 6.19
0, 8261980, -482, -73, 334.44, 2.00, 11.93, 9.81, 29.31
0, 8268958, -360, -74, 334.56, 2.06, 11.93, 9.85, 44.48
0, 8274663, -198, -76, 335.06, 2.06, 12.45, 9.66, 56.01
0, 8280599, 42, -80, 335.06, 2.06, 12.58, 9.66, 66.95
0, 8287270, 303, -90, 336.37, 2.06, 12.58, 9.68, 77.70
0, 8296308, 513, -122, 339.19, 2.06, 12.98, 10.02, 89.19
0, 8305867, 759, -104, 342.87, 2.37, 12.72, 9.06, 97.00
0, 8315042, 1030, -77, 345.31, 2.37, 11.41, 9.78, 99.95
0, 8320928, 1170, -63, 345.31, 2.44, 11.41, 9.78, 99.42
0, 8326645, 1325, -48, 347.94, 2.25, 12.46, 9.71, 97.10
0, 8332349, 1529, -30, 347.94, 2.25, 11.69, 9.56, 93.06
0, 8340226, 1852, 1, 350.62, 2.00, 12.64, 9.56, 84.76
0, 8349709, 2145, 35, 353.25, 1.75, 12.12, 9.70, 70.99
0, 8359750, 2336, 51, 356.87, 1.37, 11.43, 9.57, 52.63
0, 8367703, 2454, 63, 360.44, 1.06, 11.43, 9.88, 35.97
0, 8373652, 2501, 68, 360.44, 1.06, 11.97, 9.88, 22.66
0, 8380034, 2496, 72, 362.50, 0.94, 11.70, 9.75, 7.90
0, 8387579, 2472, 78, 364.00, 0.81, 11.70, 9.80, -9.74
0, 8396673, 2402, 79, 364.56, 0.75, 11.52, 9.53, -30.56
0, 8406351, 2221, 81, 364.31, 0.69, 11.89, 10.00, -51.18
0, 8415780, 1893, 88, 363.56, 0.69, 11.78, 9.67, -68.75
0, 8421676, 1574, 105, 363.56, 0.62, 11.51, 9.67, -78.10
0, 8427559, 1259, 109, 361.69, 0.56, 11.51, 9.72, -85.93
0, 8433492, 1026, 90, 361.69, 0.56, 11.55, 9.79, -92.19
0, 8442638, 677, 60, 358.06, 0.44, 12.41, 9.54, -98.32
0, 8452513, 219, 18, 352.94, 0.44, 11.97, 9.89, -99.89
0, 8462548, -157, -16, 349.00, 0.75, 11.54, 9.89, -96.03
0, 8469550, -398, -38, 344.94, 1.06, 11.54, 9.71, -90.19
0, 8475257, -553, -53, 340.69, 1.06, 12.70, 9.83, -83.63
0, 8480961, -614, -59, 340.69, 1.44, 11.82, 9.83, -75.58
0, 8488723, -610, -61, 337.31, 1.69, 13.30, 9.93, -62.50
0, 8498464, -603, -62, 334.75, 1.87, 12.02, 9.69, -43.22
0, 8508260, -591, -64, 334.31, 1.94, 12.02, 9.74, -21.58
0, 8516683, -570, -69, 334.37, 1.94, 12.13, 9.71, -2.02
0, 8522578, -546, -71, 334.37, 1.94, 11.94, 9.71, 11.76
0, 8528296, -485, -72, 334.50, 1.94, 11.94, 9.83, 24.91
0, 8534393, -380, -73, 334.69, 1.94, 12.30, 9.84, 38.44
0, 8543332, -142, -76, 334.69, 2.00, 12.49, 9.69, 56.79
0, 8552886, 209, -82, 335.37, 2.06, 12.66, 9.98, 73.64
0, 8562685, 457, -122, 337.06, 2.06, 12.09, 9.98, 87.10
0, 8569572, 625, -117, 340.06, 2.06, 12.09, 9.84, 93.86
0, 8575273, 783, -103, 343.25, 2.06, 12.77, 9.84, 97.62
0, 8581156, 968, -84, 343.25, 2.31, 11.54, 10.03, 99.67
0, 8586871, 1117, -68, 345.56, 2.44, 11.54, 9.90, 99.86
0, 8596074, 1368, -45, 348.25, 2.19, 12.54, 9.58, 96.42
0, 8605309, 1725, -11, 351.00, 2.19, 12.08, 9.92, 88.48
0, 8614387, 2068, 26, 353.75, 1.94, 12.44, 9.92, 76.66
0, 8620419, 2201, 39, 353.75, 1.69, 12.44, 9.75, 66.85
0, 8626302, 2305, 49, 357.56, 1.69, 12.05, 9.78, 56.00
0, 8632000, 2389, 56, 357.56, 1.31, 11.27, 9.78, 44.48
0, 8639894, 2463, 64, 360.81, 1.00, 11.87, 9.88, 27.26
0, 8649773, 2470, 69, 362.69, 0.88, 11.67, 9.74, 4.47
0, 8659703, 2430, 76, 363.94, 0.75, 11.64, 9.55, -18.68
0, 8667525, 2353, 77, 364.31, 0.75, 11.64, 9.69, -36.26
0, 8673432, 2233, 78, 364.31, 0.75, 11.98, 9.69, -48.77
0, 8679386, 2041, 82, 364.00, 0.62, 11.98, 9.99, -60.43
0, 8685368, 1758, 90, 363.19, 0.62, 11.68, 9.77, -70.96
0, 8694451, 1258, 107, 360.94, 0.62, 11.20, 9.41, -84.24
0, 8703300, 957, 84, 360.94, 0.56, 12.78, 10.29, -93.53
0, 8712937, 606, 54, 356.50, 0.44, 11.61, 10.29, -99.08
0, 8719847, 286, 24, 351.81, 0.44, 11.61, 9.53, -99.97
0, 8725906, 32, 1, 348.44, 0.44, 12.02, 9.53, -98.60
0, 8731788, -163, -17, 348.44, 0.75, 11.30, 9.60, -95.37
0, 8739061, -406, -39, 344.50, 1.06, 12.57, 9.83, -88.90
0, 8747891, -594, -58, 340.37, 1.44, 12.57, 9.78, -77.60
0, 8757499, -610, -61, 337.12, 1.69, 11.88, 9.83, -61.57
0, 8766398, -601, -62, 334.69, 1.69, 13.26, 9.83, -43.93
0, 8772330, -591, -64, 334.69, 1.87, 12.03, 9.79, -31.06
0, 8778278, -581, -65, 334.31, 1.87, 12.03, 9.76, -17.56
0, 8784271, -567, -69, 334.44, 1.87, 12.05, 9.74, -3.62
0, 8793423, -522, -72, 334.44, 1.94, 12.02, 9.74, 17.72
0, 8803094, -403, -73, 334.56, 1.94, 12.19, 9.74, 39.37
0, 8812489, -167, -76, 334.81, 2.00, 12.47, 9.73, 58.49
0, 8819249, 95, -79, 335.44, 2.00, 12.47, 9.80, 70.54
0, 8825712, 337, -93, 337.00, 2.00, 12.87, 9.65, 80.43
0, 8833564, 522, -121, 337.00, 2.00, 12.20, 9.65, 89.94
0, 8841719, 736, -106, 340.06, 2.06, 12.44, 10.79, 96.60
0, 8850730, 1009, -79, 343.50, 2.37, 11.76, 8.90, 99.87
0, 8859466, 1222, -58, 345.94, 2.37, 12.40, 10.03, 98.81
0, 8867681, 1488, -33, 348.69, 2.37, 12.40, 9.62, 94.05
0, 8873389, 1715, -12, 348.69, 2.12, 12.42, 9.62, 88.69
0, 8879096, 1948, 12, 351.31, 1.87, 12.42, 9.98, 81.74
0, 8884940, 2112, 32, 354.25, 1.87, 12.24, 9.70, 73.11
0, 8893907, 2277, 46, 354.25, 1.62, 11.84, 9.56, 57.28
0, 8903226, 2414, 58, 358.06, 1.25, 11.24, 9.56, 38.18
0, 8912900, 2479, 65, 361.00, 1.00, 11.82, 9.75, 16.44
0, 8919896, 2459, 72, 362.75, 0.88, 11.82, 9.68, 0.13
0, 8925599, 2435, 75, 364.00, 0.88, 11.60, 9.68, -13.19
0, 8931303, 2384, 76, 364.00, 0.75, 11.59, 9.77, -26.28
0, 8937572, 2287, 78, 364.25, 0.69, 11.59, 9.90, -40.11
0, 8946291, 2062, 81, 363.81, 0.69, 11.75, 9.85, -57.85
0, 8955843, 1631, 98, 362.62, 0.69, 11.67, 9.65, -74.51
0, 8965793, 1177, 103, 360.19, 0.62, 11.27, 9.65, -87.90
0, 8971498, 992, 88, 360.19, 0.56, 12.73, 9.46, -93.47
0, 8977210, 789, 70, 355.81, 0.56, 12.73, 9.46, -97.37
0, 8983133, 533, 47, 355.81, 0.37, 11.41, 10.24, -99.59
0, 8989773, 213, 18, 351.56, 0.44, 11.73, 9.90, -99.79
0, 8998876, -135, -14, 348.19, 0.75, 11.41, 9.59, -96.17
0, 9008589, -466, -45, 343.94, 1.06, 12.24, 9.84, -87.51
0, 9017191, -621, -60, 339.81, 1.06, 12.24, 9.84, -76.05
0, 9023074, -626, -62, 339.81, 1.44, 12.28, 9.72, -66.41
0, 9028775, -621, -63, 336.50, 1.44, 12.28, 9.86, -55.87
0, 9034482, -615, -64, 334.37, 1.69, 13.29, 9.86, -44.32
0, 9043466, -606, -65, 334.37, 1.87, 12.05, 9.80, -24.62
0, 9052969, -588, -70, 334.19, 1.87, 11.99, 9.72, -2.61
0, 9062833, -536, -73, 334.25, 1.94, 12.09, 9.84, 20.35
0, 9069839, -446, -75, 334.37, 1.94, 12.09, 9.63, 36.07
0, 9075782, -311, -76, 334.62, 1.94, 12.08, 9.63, 48.66
0, 9081492, -118, -78, 334.62, 2.00, 12.61, 9.73, 59.87
0, 9087383, 130, -81, 335.37, 2.00, 12.61, 9.62, 70.32
0, 9096449, 399, -118, 337.31, 2.00, 12.98, 10.02, 83.72
0, 9106279, 636, -115, 340.87, 2.00, 11.33, 10.59, 93.99
0, 9116604, 934, -87, 343.94, 2.06, 11.82, 10.59, 99.43
0, 9122316, 1086, -71, 343.94, 2.37, 12.34, 9.80, 99.96
0, 9128268, 1229, -57, 346.31, 2.37, 12.34, 9.80, 98.61
0, 9134268, 1415, -40, 346.31, 2.37, 12.06, 9.75, 95.32
0, 9141225, 1680, -15, 349.06, 2.12, 12.60, 9.48, 89.15
0, 9149614, 2011, 19, 351.56, 1.87, 12.17, 9.72, 78.59
0, 9159083, 2224, 41, 354.56, 1.56, 11.71, 9.60, 63.07
0, 9168211, 2377, 55, 358.44, 1.56, 11.71, 9.60, 45.17
0, 9174146, 2448, 63, 358.44, 1.25, 11.25, 9.78, 32.37
0, 9180069, 2473, 65, 361.25, 1.25, 11.25, 9.77, 18.97
0, 9186472, 2457, 70, 363.00, 1.00, 11.77, 9.73, 4.09
0, 9196417, 2426, 75, 364.12, 0.81, 11.52, 9.53, -19.08
0, 9206378, 2314, 77, 364.12, 0.75, 11.79, 10.00, -41.26
0, 9216446, 2056, 80, 363.81, 0.69, 11.59, 10.00, -61.40
0, 9222147, 1811, 86, 363.81, 0.62, 11.62, 9.77, -71.36
0, 9228328, 1431, 108, 362.75, 0.62, 11.62, 9.77, -80.72
0, 9234265, 1154, 102, 362.75, 0.56, 11.23, 9.73, -88.12
0, 9240178, 927, 82, 360.31, 0.56, 11.58, 9.62, -93.80
0, 9249025, 574, 51, 355.62, 0.62, 11.72, 10.58, -98.93
0, 9257889, 164, 13, 350.81, 0.62, 11.72, 9.88, -99.81
0, 9267145, -173, -18, 347.06, 0.94, 11.56, 9.88, -96.17
0, 9272852, -373, -36, 347.06, 1.31, 12.01, 9.71, -91.66
0, 9278760, -545, -52, 342.69, 1.31, 12.01, 9.71, -85.26
0, 9284841, -618, -60, 338.94, 1.62, 11.80, 9.85, -76.98
0, 9293186, -618, -62, 338.94, 1.87, 13.21, 9.92, -63.12
0, 9300828, -611, -63, 335.75, 2.00, 12.94, 9.72, -48.31
0, 9309482, -602, -64, 334.25, 2.00, 12.14, 9.74, -29.69
0, 9318407, -586, -67, 334.25, 2.00, 12.14, 9.74, -9.23
0, 9324108, -568, -71, 334.25, 2.06, 12.01, 9.77, 4.11
0, 9330028, -522, -73, 334.31, 2.06, 12.01, 9.68, 17.88
0, 9335730, -446, -74, 334.44, 2.06, 11.89, 9.68, 30.82
0, 9343292, -291, -75, 334.44, 2.12, 12.16, 9.75, 47.10
0, 9350817, -52, -78, 334.81, 2.12, 12.53, 9.70, 61.83
0, 9358783, 250, -86, 335.87, 2.12, 12.58, 9.94, 75.34
0, 9367564, 462, -122, 338.06, 2.12, 12.58, 9.94, 87.18
0, 9373270, 601, -119, 338.06, 2.19, 10.98, 9.83, 92.93
0, 9379073, 760, -104, 341.44, 2.19, 10.98, 9.83, 97.08
0, 9385135, 952, -86, 344.25, 2.56, 11.62, 9.90, 99.50
0, 9393138, 1158, -64, 344.25, 2.50, 12.55, 9.90, 99.62
0, 9400921, 1378, -44, 346.62, 2.19, 11.75, 9.59, 96.39
0, 9408915, 1684, -15, 349.50, 1.94, 12.52, 9.94, 89.76
0, 9417820, 2033, 21, 352.06, 1.94, 12.52, 9.94, 78.68
0, 9423524, 2169, 37, 352.06, 1.69, 12.09, 9.73, 69.76
0, 9429328, 2273, 45, 355.31, 1.69, 12.09, 9.73, 59.41
0, 9435259, 2363, 53, 359.12, 1.31, 11.37, 9.73, 47.70
0, 9442084, 2438, 61, 359.12, 1.06, 11.52, 9.82, 33.10
0, 9449381, 2462, 64, 361.62, 0.94, 11.67, 9.77, 16.57
0, 9458192, 2440, 72, 363.19, 0.94, 11.62, 9.53, -3.99
0, 9467368, 2386, 74, 364.06, 0.88, 11.62, 9.53, -25.21
0, 9473072, 2313, 75, 364.06, 0.81, 11.91, 10.08, -37.87
0, 9478985, 2181, 77, 364.00, 0.81, 11.91, 10.08, -50.28
0, 9484683, 1987, 81, 363.56, 0.81, 11.79, 9.81, -61.34
0, 9491411, 1651, 94, 363.56, 0.75, 11.26, 9.74, -72.97
0, 9499094, 1243, 105, 362.19, 0.69, 11.32, 9.36, -84.03
0, 9508099, 935, 82, 359.06, 0.69, 12.18, 10.34, -93.52
0, 9517310, 600, 53, 354.00, 0.50, 12.18, 10.34, -98.93
0, 9523008, 334, 29, 354.00, 0.69, 12.10, 9.53, -99.99
0, 9528855, 80, 6, 350.19, 0.69, 12.10, 9.53, -99.23
0, 9534559, -120, -13, 350.19, 0.94, 11.28, 9.65, -96.70
0, 9541329, -342, -33, 346.69, 1.31, 12.30, 9.81, -91.46
0, 9549223, -561, -54, 342.37, 1.62, 11.82, 9.80, -82.47
0, 9558343, -615, -61, 338.75, 1.62, 13.17, 9.86, -68.60
0, 9567417, -608, -62, 335.69, 1.87, 13.17, 9.86, -51.72
0, 9573121, -599, -63, 335.69, 2.00, 12.80, 9.85, -39.85
0, 9578874, -591, -64, 334.25, 2.00, 12.80, 9.85, -27.17
0, 9584577, -581, -66, 334.31, 2.00, 12.05, 9.86, -14.11
0, 9591764, -562, -71, 334.31, 2.06, 12.05, 9.77, 2.67
0, 9599520, -510, -72, 334.44, 2.06, 11.94, 9.74, 20.69
0, 9608596, -377, -74, 334.56, 2.06, 12.36, 9.79, 40.86
0, 9617436, -147, -76, 334.94, 2.12, 12.36, 9.79, 58.75
0, 9623151, 73, -78, 334.94, 2.12, 12.62, 9.82, 69.03
0, 9629851, 326, -91, 336.00, 2.12, 12.42, 9.60, 79.48
0, 9637699, 509, -122, 338.12, 2.12, 12.42, 9.60, 89.24
0, 9646831, 747, -105, 341.62, 2.19, 10.99, 10.86, 96.78
0, 9656193, 1026, -78, 344.50, 2.56, 11.61, 8.90, 99.94
0, 9663921, 1214, -59, 344.50, 2.44, 12.45, 10.01, 98.94
0, 9670847, 1429, -39, 347.00, 2.44, 12.45, 10.01, 95.29
0, 9676992, 1666, -16, 349.81, 2.19, 11.62, 9.60, 89.95
0, 9682696, 1903, 6, 349.81, 1.94, 12.22, 9.96, 83.33
0, 9689013, 2097, 30, 352.31, 1.94, 12.02, 9.71, 74.28
0, 9698589, 2278, 45, 355.69, 1.69, 11.23, 9.51, 57.52
0, 9707852, 2415, 58, 359.44, 1.31, 11.23, 9.51, 38.57
0, 9717392, 2480, 65, 361.75, 1.12, 11.76, 9.74, 17.17
0, 9723095, 2466, 70, 361.75, 1.12, 11.68, 9.71, 3.89
0, 9729124, 2442, 75, 363.31, 1.00, 11.68, 9.71, -10.21
0, 9734828, 2402, 76, 363.31, 0.88, 11.58, 9.83, -23.37
0, 9740922, 2317, 77, 364.25, 0.81, 11.79, 9.94, -36.96
0, 9749239, 2127, 80, 364.12, 0.81, 11.77, 9.79, -54.25
0, 9758874, 1734, 91, 363.50, 0.75, 11.33, 9.70, -71.67
0, 9767855, 1270, 107, 361.87, 0.75, 11.33, 9.70, -84.65
0, 9773559, 1076, 95, 361.87, 0.75, 11.75, 9.52, -90.99
0, 9779370, 863, 76, 358.69, 0.62, 11.75, 9.52, -95.78
0, 9785068, 636, 56, 353.87, 0.50, 12.83, 10.55, -98.75
0, 9791497, 323, 28, 353.87, 0.62, 11.91, 9.92, -100.00
0, 9799515, -18, -3, 350.12, 0.62, 11.35, 9.57, -98.38
0, 9809159, -345, -33, 346.31, 0.94, 12.57, 9.84, -91.87
0, 9819329, -608, -59, 341.81, 1.31, 12.57, 9.84, -79.96
0, 9825032, -640, -62, 338.25, 1.62, 12.12, 9.72, -71.25
0, 9830976, -633, -64, 338.25, 1.62, 12.12, 9.72, -60.82
0, 9836903, -627, -64, 335.12, 1.87, 13.22, 9.83, -49.26
0, 9844596, -620, -66, 335.12, 2.00, 12.55, 9.74, -32.86
0, 9853229, -607, -68, 334.00, 2.00, 11.98, 9.71, -13.23
0, 9862891, -578, -74, 334.06, 2.06, 11.98, 9.82, 9.35
0, 9870720, -509, -75, 334.19, 2.06, 11.98, 9.82, 27.35
0, 9876646, -405, -76, 334.31, 2.06, 12.01, 9.88, 40.39
0, 9882347, -253, -78, 334.31, 2.06, 12.42, 9.66, 52.21
0, 9888344, -29, -80, 334.69, 2.12, 12.42, 9.66, 63.64
0, 9897124, 307, -95, 335.94, 2.12, 12.98, 9.61, 78.05
0, 9905581, 489, -123, 338.62, 2.12, 11.68, 10.06, 88.82
0, 9913683, 694, -110, 338.62, 2.25, 11.62, 10.68, 95.89
0, 9921508, 930, -88, 342.25, 2.25, 11.62, 10.68, 99.46
0, 9927235, 1086, -71, 344.69, 2.56, 12.13, 9.84, 99.96
0, 9932941, 1224, -58, 344.69, 2.56, 12.25, 9.71, 98.67
0, 9938900, 1407, -41, 347.19, 2.44, 11.49, 9.71, 95.44
0, 9948016, 1766, -7, 350.06, 2.12, 11.49, 9.47, 86.95
0, 9957718, 2105, 30, 352.56, 1.94, 12.53, 9.71, 73.59
0, 9967749, 2302, 48, 356.00, 1.62, 11.90, 9.58, 55.81
0, 9973447, 2394, 57, 356.00, 1.62, 11.20, 9.81, 44.27
0, 9979144, 2454, 63, 359.75, 1.25, 11.20, 9.81, 31.95
0, 9984844, 2474, 65, 362.00, 1.06, 11.94, 9.89, 19.05
0, 9991101, 2459, 70, 362.00, 1.06, 11.58, 9.81, 4.51
0, 9999999, 2429, 75, 363.62, 0.94, 11.73, 9.50, -16.26
0, 10009649, 2335, 76, 364.19, 0.81, 11.95, 10.00, -37.95
