********************************************************************************
Obsolete PIO Core v6.1.11 is used (previous was 6.1.14)
Please remove multiple PIO Cores from a system:
https://docs.platformio.org/en/latest/core/installation/troubleshooting.html
********************************************************************************
--- Terminal on /dev/cu.usbmodem14303 | 230400 8-N-1
--- Available filters and text transformations: colorize, debug, default, direct, hexlify, log2file, nocontrol, printable, send_on_enter, time
--- More details at https://bit.ly/pio-monitor-filters
--- Quit: Ctrl+C | Menu: Ctrl+T | Help: Ctrl+T followed by Ctrl+H
start
pain
Waiting for ODrive...
pin
found ODrive
DC voltage: 24.00
Enabling closed loop control...
ODrive running!
end time:10000000
0, 803, 2, 1, -0.06, 0.00, 12.03, 9.53, 99.87
0, 11322, 800, -34, -0.06, 0.00, 11.99, 9.50, 75.75
0, 18812, 1603, 64, -0.06, 0.25, 15.90, 10.43, 37.91
0, 27327, 2115, 132, 0.69, 0.13, 15.90, 9.97, -14.57
0, 37629, 2100, 195, 8.56, -0.88, 9.88, 9.88, -71.28
0, 47935, 1870, 188, 17.62, -1.44, 8.91, 9.29, -99.16
0, 58194, 1377, 139, 20.37, -1.75, 11.68, 9.92, -87.04
0, 65564, 982, 96, 19.25, -1.75, 11.43, 9.92, -55.88
0, 72013, 710, 72, 19.25, -1.56, 11.01, 9.41, -18.66
0, 79034, 673, 59, 16.12, -1.00, 12.33, 9.48, 25.08
0, 89162, 774, 28, 11.06, -0.62, 13.68, 9.67, 77.70
0, 99495, 1386, 38, 6.94, -0.37, 11.91, 9.90, 99.95
0, 110350, 2742, 198, 6.62, -0.13, 11.91, 10.37, 79.59
0, 116922, 3767, 298, 8.63, -0.13, 15.81, 9.46, 48.60
0, 123563, 4459, 368, 8.63, -0.62, 14.99, 9.46, 9.02
0, 130350, 4671, 390, 15.75, -2.00, 8.36, 9.42, -32.99
0, 140623, 4585, 434, 29.00, -3.19, 9.11, 9.99, -83.14
0, 150706, 4166, 422, 41.50, -3.69, 12.20, 9.06, -99.90
0, 161162, 3558, 366, 44.94, -3.94, 10.82, 9.78, -76.40
0, 167586, 3225, 335, 43.81, -3.94, 10.82, 9.14, -44.92
0, 174190, 3153, 325, 39.69, -3.81, 11.85, 9.14, -5.09
0, 181152, 3178, 305, 39.69, -3.31, 13.16, 9.66, 37.70
0, 190946, 3382, 279, 33.88, -3.00, 12.22, 9.06, 84.25
0, 200818, 4161, 336, 30.44, -2.75, 13.68, 9.49, 99.87
0, 211157, 5800, 481, 30.69, -2.56, 14.98, 9.64, 76.42
0, 217573, 6857, 590, 33.19, -2.56, 14.98, 9.87, 44.99
0, 224162, 7497, 654, 41.75, -3.19, 11.86, 9.87, 5.26
0, 230751, 7633, 672, 41.75, -4.50, 9.28, 9.48, -35.35
0, 240998, 7428, 727, 57.25, -5.69, 10.81, 9.83, -84.43
0, 250973, 6878, 696, 70.62, -6.19, 11.47, 9.69, -99.81
0, 261095, 5998, 603, 73.81, -6.56, 11.47, 9.25, -76.67
0, 267757, 5535, 557, 71.62, -6.56, 11.19, 9.35, -43.95
0, 274543, 5239, 524, 66.06, -6.25, 11.19, 9.35, -2.87
0, 281481, 5233, 502, 66.06, -5.44, 12.81, 9.72, 39.60
0, 291020, 5469, 474, 57.94, -4.87, 14.24, 9.80, 84.50
0, 300923, 6357, 543, 51.75, -4.62, 12.62, 9.23, 99.83
0, 311027, 7985, 696, 50.69, -4.37, 12.62, 9.60, 76.94
0, 317442, 8976, 791, 53.50, -4.37, 14.90, 9.79, 45.72
0, 324062, 9543, 840, 53.50, -4.94, 10.67, 9.79, 5.89
0, 330737, 9614, 862, 62.75, -6.31, 10.08, 9.36, -35.27
0, 341001, 9279, 944, 78.25, -7.44, 12.12, 9.32, -84.44
0, 350937, 8598, 902, 90.56, -7.87, 11.43, 9.08, -99.83
0, 361170, 7645, 796, 92.87, -8.50, 10.80, 9.74, -76.37
0, 367896, 7140, 738, 89.56, -8.50, 10.80, 9.29, -43.17
0, 374609, 6789, 697, 82.94, -8.19, 11.30, 9.29, -2.46
0, 381495, 6731, 681, 82.94, -7.31, 11.88, 9.53, 39.69
0, 390905, 7096, 630, 74.19, -6.56, 14.03, 10.10, 84.11
0, 400497, 8069, 697, 67.25, -6.25, 12.28, 9.97, 99.95
0, 410408, 9762, 840, 65.37, -5.87, 12.28, 8.30, 79.37
0, 417239, 10906, 961, 69.31, -5.87, 13.89, 8.30, 46.85
0, 423656, 11529, 1026, 69.31, -6.37, 9.72, 8.38, 8.44
0, 430343, 11660, 1043, 79.81, -7.75, 11.73, 9.64, -32.94
0, 439951, 11386, 1073, 96.19, -9.13, 12.75, 9.95, -80.72
0, 449546, 10692, 1121, 109.37, -9.56, 11.02, 9.83, -99.96
0, 459506, 9729, 1032, 112.31, -9.88, 11.02, 10.04, -82.69
0, 467080, 8903, 936, 109.00, -9.88, 10.59, 10.04, -47.73
0, 473762, 8466, 886, 109.00, -10.06, 10.94, 9.74, -7.77
0, 480616, 8362, 867, 101.94, -9.19, 10.86, 9.44, 34.56
0, 489725, 8693, 814, 92.31, -8.25, 13.62, 10.28, 79.87
0, 499317, 9581, 827, 83.56, -7.87, 11.85, 9.74, 99.91
0, 509516, 11107, 981, 81.31, -7.44, 11.85, 9.51, 82.65
0, 517206, 12200, 1093, 85.50, -7.44, 11.27, 9.51, 47.04
0, 523852, 12695, 1147, 85.50, -7.69, 10.73, 10.84, 7.21
0, 530615, 12742, 1164, 95.31, -9.06, 12.03, 9.74, -34.55
0, 539762, 12408, 1221, 109.81, -10.31, 12.55, 9.46, -80.01
0, 549641, 11723, 1219, 120.69, -10.69, 11.30, 10.47, -99.97
0, 559585, 10854, 1131, 122.50, -11.25, 11.30, 11.36, -82.41
0, 567340, 10134, 1069, 118.69, -11.25, 10.45, 11.36, -46.29
0, 574126, 9665, 1021, 112.12, -11.13, 10.94, 9.31, -5.49
0, 580967, 9488, 998, 112.12, -10.31, 11.12, 10.09, 36.62
0, 590023, 9784, 955, 103.69, -9.56, 12.42, 9.27, 80.99
0, 599640, 10676, 940, 95.56, -9.13, 11.56, 10.04, 99.97
0, 609689, 12054, 1078, 92.12, -8.69, 11.56, 8.91, 82.04
0, 617348, 13010, 1178, 95.62, -8.69, 11.67, 8.91, 46.25
0, 623978, 13420, 1221, 95.62, -8.63, 10.65, 11.54, 6.42
0, 630664, 13425, 1245, 105.00, -9.94, 12.39, 9.79, -34.84
0, 639939, 13117, 1298, 117.94, -11.00, 12.14, 9.27, -80.68
0, 649667, 12465, 1302, 127.50, -11.44, 11.16, 9.99, -99.98
0, 659938, 11576, 1207, 128.94, -11.94, 10.00, 8.03, -81.13
0, 667639, 10913, 1135, 125.44, -11.94, 10.00, 8.03, -44.62
0, 674302, 10508, 1097, 119.12, -11.94, 10.22, 8.87, -4.39
0, 681371, 10454, 1085, 119.12, -11.00, 10.93, 10.17, 38.97
0, 690116, 10810, 1058, 110.94, -10.25, 11.61, 9.61, 81.33
0, 699739, 11646, 1042, 103.44, -9.94, 11.02, 9.05, 99.99
0, 709925, 12868, 1163, 101.19, -9.63, 10.26, 10.21, 81.18
0, 717656, 13726, 1253, 105.19, -9.63, 10.26, 10.21, 44.52
0, 724297, 14125, 1301, 113.62, -9.44, 10.10, 10.15, 4.42
0, 730933, 14147, 1321, 113.62, -10.63, 11.58, 9.41, -36.42
0, 740131, 13838, 1378, 124.81, -11.69, 12.54, 9.90, -81.38
0, 749863, 13230, 1385, 133.75, -12.13, 10.72, 9.26, -100.00
0, 760077, 12416, 1299, 135.62, -12.63, 9.82, 8.79, -80.62
0, 767567, 11770, 1228, 132.37, -12.63, 9.82, 8.79, -45.02
0, 774440, 11445, 1190, 126.69, -12.75, 10.22, 9.27, -3.52
0, 781572, 11427, 1175, 126.69, -11.94, 10.33, 9.78, 40.13
0, 790299, 11774, 1147, 119.06, -11.13, 11.03, 9.42, 81.99
0, 799647, 12498, 1127, 112.12, -10.75, 10.54, 9.81, 99.98
0, 809768, 13591, 1236, 110.37, -10.44, 10.41, 10.85, 81.75
0, 817469, 14439, 1331, 114.06, -10.44, 10.41, 10.85, 45.57
0, 823919, 14841, 1377, 114.06, -10.25, 9.40, 9.38, 6.79
0, 830751, 14836, 1401, 121.50, -11.31, 12.36, 9.21, -35.35
0, 840047, 14513, 1461, 131.56, -12.38, 12.11, 9.84, -81.07
0, 849798, 13922, 1453, 140.37, -12.88, 10.34, 8.84, -99.99
0, 859641, 13152, 1378, 141.94, -13.38, 9.38, 9.89, -82.21
0, 867629, 12514, 1308, 138.75, -13.38, 9.38, 9.89, -44.68
0, 874108, 12188, 1271, 138.75, -13.44, 10.70, 9.50, -5.60
0, 880697, 12148, 1257, 133.06, -12.69, 9.46, 8.81, 35.03
0, 889141, 12459, 1229, 125.75, -11.94, 10.80, 9.52, 77.61
0, 898716, 13142, 1191, 119.12, -11.50, 10.16, 10.03, 99.67
0, 908311, 14077, 1290, 117.31, -11.50, 10.16, 9.42, 86.67
0, 917220, 15080, 1400, 121.12, -11.19, 10.18, 9.42, 46.96
0, 923625, 15495, 1444, 121.12, -10.94, 8.76, 9.58, 8.63
0, 930310, 15492, 1466, 127.87, -11.94, 12.75, 9.85, -32.75
0, 938799, 15181, 1512, 137.50, -13.06, 11.74, 9.68, -76.24
0, 948774, 14548, 1513, 146.31, -13.50, 10.51, 8.43, -99.70
0, 958342, 13797, 1443, 147.87, -13.50, 10.51, 11.96, -86.58
0, 967606, 13101, 1373, 144.19, -13.94, 10.50, 11.96, -44.81
0, 974038, 12777, 1336, 138.37, -14.00, 10.39, 9.18, -6.04
0, 981212, 12772, 1320, 138.37, -13.25, 9.28, 9.05, 38.05
0, 989275, 13068, 1297, 131.19, -12.56, 10.30, 9.47, 78.14
0, 998863, 13793, 1260, 124.69, -12.19, 10.12, 10.35, 99.74
0, 1008437, 14776, 1366, 123.00, -12.19, 9.42, 9.82, 86.28
0, 1017497, 15800, 1474, 126.69, -11.88, 9.42, 9.82, 45.42
0, 1023914, 16218, 1518, 126.69, -11.56, 8.33, 9.80, 6.82
0, 1030557, 16217, 1540, 133.69, -12.63, 12.58, 9.56, -34.21
0, 1039046, 15945, 1579, 143.50, -13.69, 11.84, 9.74, -77.23
0, 1048712, 15317, 1580, 152.56, -14.19, 9.91, 7.87, -99.67
0, 1058579, 14461, 1507, 154.44, -14.19, 10.63, 12.90, -85.82
0, 1067755, 13730, 1436, 151.31, -14.56, 10.63, 12.90, -43.97
0, 1074323, 13446, 1403, 151.31, -14.69, 9.62, 8.74, -4.25
0, 1080952, 13459, 1387, 145.37, -13.94, 8.81, 10.38, 36.53
0, 1089130, 13774, 1363, 137.44, -13.19, 9.74, 9.92, 77.57
0, 1098825, 14480, 1335, 130.81, -12.81, 10.12, 9.63, 99.73
0, 1108302, 15430, 1434, 129.44, -12.81, 10.12, 9.80, 86.70
0, 1117085, 16445, 1540, 133.12, -12.50, 8.92, 9.80, 47.71
0, 1123489, 16879, 1586, 133.12, -13.50, 8.07, 9.13, 9.48
0, 1130055, 16890, 1604, 139.87, -14.50, 13.23, 9.68, -31.23
0, 1138699, 16609, 1646, 149.44, -14.94, 11.39, 9.80, -75.83
0, 1148395, 16074, 1642, 158.56, -14.94, 10.23, 9.78, -99.49
0, 1158324, 15239, 1576, 160.44, -15.31, 10.23, 10.83, -86.63
0, 1167166, 14444, 1505, 157.31, -15.44, 9.41, 10.83, -47.26
0, 1173724, 14135, 1473, 157.31, -14.75, 10.20, 9.44, -8.01
0, 1180323, 14134, 1458, 152.12, -14.00, 8.04, 9.43, 32.82
0, 1188855, 14443, 1431, 144.19, -13.63, 9.12, 10.14, 76.47
0, 1198593, 15081, 1402, 137.12, -13.63, 10.42, 8.69, 99.61
0, 1208426, 16057, 1500, 135.69, -13.31, 10.42, 8.94, 86.31
0, 1217240, 17093, 1606, 139.25, -13.00, 8.54, 8.94, 46.85
0, 1223644, 17542, 1653, 139.25, -13.94, 7.47, 9.92, 8.51
0, 1230232, 17559, 1671, 145.37, -15.06, 9.81, 9.60, -32.28
0, 1238994, 17316, 1710, 154.81, -15.63, 11.08, 9.86, -77.03
0, 1248933, 16789, 1701, 164.12, -15.88, 9.46, 9.48, -99.78
0, 1258845, 15976, 1633, 166.37, -15.88, 9.46, 10.53, -84.95
0, 1267751, 15222, 1573, 163.81, -16.00, 10.39, 10.53, -43.99
0, 1274255, 14850, 1541, 163.81, -15.44, 9.85, 9.61, -4.68
0, 1281118, 14827, 1524, 158.94, -14.75, 8.33, 9.63, 37.50
0, 1289292, 15133, 1494, 151.69, -14.31, 7.97, 9.58, 78.21
0, 1299072, 15836, 1478, 144.37, -14.00, 10.41, 8.10, 99.83
0, 1308906, 16867, 1583, 141.94, -14.00, 8.16, 9.55, 84.75
0, 1317660, 17940, 1691, 145.25, -13.69, 8.16, 9.55, 44.50
0, 1324068, 18389, 1735, 145.25, -14.63, 6.95, 9.92, 5.85
0, 1330838, 18378, 1753, 151.69, -15.81, 9.67, 9.96, -35.86
0, 1339297, 18073, 1786, 161.31, -16.37, 10.71, 9.84, -78.23
0, 1349209, 17545, 1762, 171.12, -16.62, 9.78, 9.12, -99.88
0, 1359344, 16812, 1701, 173.69, -16.62, 9.26, 10.98, -83.26
0, 1368212, 16144, 1646, 170.75, -16.69, 9.26, 10.98, -41.37
0, 1374694, 15858, 1621, 166.00, -16.12, 8.78, 10.05, -1.92
0, 1381455, 15880, 1613, 166.00, -15.50, 8.09, 9.46, 39.45
0, 1389542, 16240, 1560, 159.69, -15.13, 7.03, 10.74, 79.18
0, 1399285, 16883, 1586, 153.25, -14.81, 6.25, 7.51, 99.90
0, 1409447, 18071, 1703, 151.37, -14.81, 7.08, 10.24, 82.90
0, 1418014, 19251, 1815, 154.81, -14.69, 7.08, 10.24, 42.50
0, 1424412, 19785, 1865, 154.81, -15.63, 5.72, 9.39, 3.70
0, 1431317, 19791, 1880, 160.87, -16.94, 8.96, 9.81, -38.66
0, 1439670, 19469, 1918, 171.12, -16.94, 11.02, 9.74, -79.66
0, 1449574, 19100, 1905, 182.31, -17.94, 8.72, 10.00, -99.96
0, 1459639, 18374, 1837, 185.94, -17.94, 8.61, 9.78, -82.22
0, 1468220, 17709, 1775, 183.25, -18.06, 8.61, 9.78, -41.32
0, 1474856, 17443, 1750, 179.75, -17.50, 7.81, 9.15, -0.91
0, 1481856, 17487, 1738, 179.75, -16.81, 6.94, 9.49, 41.76
0, 1489762, 17799, 1702, 173.75, -16.81, 5.68, 9.72, 80.01
0, 1499613, 18472, 1741, 167.44, -16.37, 6.58, 9.78, 99.97
0, 1509666, 19814, 1864, 165.56, -16.12, 6.58, 10.14, 82.12
0, 1518393, 21133, 1981, 168.44, -16.12, 5.79, 10.14, 40.33
0, 1524796, 21637, 2028, 168.44, -17.12, 4.26, 9.76, 1.28
0, 1531787, 21592, 2044, 174.44, -18.44, 9.98, 9.44, -41.36
0, 1539969, 21244, 2062, 185.56, -18.44, 10.09, 9.59, -80.79
0, 1549874, 20759, 2044, 197.75, -19.12, 8.57, 10.21, -100.00
0, 1560025, 20005, 1987, 201.44, -19.31, 8.78, 10.29, -80.81
0, 1568682, 19407, 1937, 198.69, -19.37, 8.78, 10.29, -38.66
0, 1575234, 19217, 1917, 194.31, -18.87, 7.86, 9.50, 1.47
0, 1582683, 19310, 1897, 194.31, -18.87, 5.30, 9.08, 46.42
0, 1590198, 19661, 1884, 188.19, -18.37, 4.89, 8.65, 81.63
0, 1599979, 20354, 1914, 182.62, -18.00, 6.32, 10.15, 100.00
0, 1610093, 21665, 2030, 181.25, -17.69, 5.36, 10.04, 80.56
0, 1618798, 22832, 2139, 184.19, -17.75, 5.36, 10.04, 37.99
0, 1625273, 23208, 2182, 190.19, -18.56, 5.07, 9.42, -1.71
0, 1632543, 23104, 2189, 190.19, -19.81, 10.02, 9.42, -45.64
0, 1640370, 22827, 2201, 200.50, -19.81, 8.95, 10.24, -82.24
0, 1650159, 22252, 2164, 211.44, -20.44, 7.16, 9.24, -100.00
0, 1660380, 21452, 2100, 214.37, -20.56, 9.16, 10.18, -79.48
0, 1669212, 20789, 2046, 209.81, -20.56, 9.16, 10.18, -35.57
0, 1675619, 20543, 2022, 205.25, -20.00, 8.31, 10.02, 3.89
0, 1683242, 20600, 2004, 205.25, -19.37, 5.24, 9.70, 49.50
0, 1690839, 20951, 1988, 198.75, -19.37, 3.95, 9.01, 83.89
0, 1700342, 21624, 2029, 192.37, -19.00, 6.41, 9.00, 99.98
0, 1710350, 22836, 2140, 190.06, -18.75, 6.16, 9.64, 79.59
0, 1719269, 23907, 2247, 195.87, -18.75, 6.16, 9.64, 35.24
0, 1725698, 24301, 2285, 201.69, -19.56, 5.66, 9.06, -4.38
0, 1733708, 24181, 2295, 201.69, -20.69, 9.26, 10.03, -52.02
0, 1741031, 23892, 2313, 211.06, -20.69, 8.77, 9.66, -84.54
0, 1750500, 23258, 2266, 214.56, -21.37, 6.95, 9.01, -99.95
0, 1760532, 22439, 2185, 212.31, -21.50, 9.19, 9.55, -78.89
0, 1769503, 21745, 2121, 207.37, -21.56, 9.19, 9.55, -33.86
0, 1775949, 21501, 2098, 200.50, -20.94, 7.51, 9.94, 5.96
0, 1783689, 21558, 2078, 200.50, -20.94, 5.26, 8.96, 51.92
0, 1791050, 21902, 2070, 193.87, -20.19, 3.52, 9.06, 84.60
0, 1800685, 22590, 2118, 191.37, -19.75, 5.46, 10.40, 99.91
0, 1810751, 23794, 2237, 193.56, -19.50, 6.13, 9.00, 78.04
0, 1819697, 24967, 2344, 199.31, -19.56, 6.13, 9.00, 32.71
0, 1826110, 25380, 2385, 208.44, -20.31, 5.76, 9.84, -6.97
0, 1833887, 25274, 2400, 208.44, -21.50, 8.59, 10.17, -52.98
0, 1841504, 24995, 2420, 219.25, -21.50, 12.23, 9.30, -86.09
0, 1850962, 24486, 2388, 223.62, -22.25, 6.43, 10.30, -99.82
0, 1860947, 23587, 2299, 221.62, -22.44, 8.65, 9.62, -77.26
0, 1869976, 22880, 2228, 217.56, -22.62, 8.65, 9.62, -31.05
0, 1876383, 22649, 2200, 210.81, -22.00, 8.29, 9.63, 8.68
0, 1884162, 22718, 2184, 210.81, -22.00, 4.77, 9.06, 54.44
0, 1891798, 23077, 2175, 203.81, -21.25, 3.98, 8.64, 87.01
0, 1901145, 23678, 2228, 201.12, -20.75, 5.27, 10.79, 99.74
0, 1911056, 24998, 2347, 203.12, -20.50, 5.97, 8.91, 76.83
0, 1920080, 26276, 2470, 208.12, -20.50, 5.97, 8.91, 30.43
0, 1926631, 26678, 2513, 217.56, -21.25, 6.21, 9.17, -10.23
0, 1934313, 26524, 2531, 217.56, -22.44, 9.68, 10.28, -55.23
0, 1942273, 26204, 2551, 229.50, -22.44, 11.38, 9.61, -88.44
0, 1951460, 25739, 2520, 234.25, -23.37, 7.16, 10.16, -99.58
0, 1961259, 24963, 2438, 232.00, -23.62, 7.59, 9.25, -76.01
0, 1970432, 24335, 2374, 228.19, -23.81, 7.59, 9.25, -28.31
0, 1976845, 24093, 2343, 222.44, -23.31, 8.16, 9.81, 11.56
0, 1985101, 24171, 2322, 216.25, -22.56, 5.80, 9.46, 59.29
0, 1992651, 24503, 2313, 216.25, -22.56, 4.28, 8.88, 89.53
0, 2002357, 25348, 2383, 213.25, -22.06, 6.80, 10.75, 98.91
0, 2011686, 26705, 2514, 214.81, -21.75, 7.21, 9.61, 74.23
0, 2020621, 27987, 2644, 220.25, -21.69, 7.21, 9.61, 27.17
0, 2027045, 28449, 2694, 230.56, -22.50, 7.83, 9.03, -12.81
0, 2035591, 28341, 2712, 242.87, -23.87, 8.86, 10.47, -61.74
0, 2043121, 28022, 2739, 242.87, -23.87, 9.90, 9.96, -90.80
0, 2052941, 27477, 2727, 249.00, -24.87, 7.36, 9.98, -98.30
0, 2062168, 26778, 2634, 247.44, -25.19, 7.77, 10.13, -72.17
0, 2070893, 26183, 2569, 243.50, -25.44, 7.77, 10.13, -25.52
0, 2078026, 26041, 2543, 237.87, -25.19, 7.65, 9.06, 18.90
0, 2086557, 26195, 2511, 231.94, -24.37, 6.74, 9.43, 66.40
0, 2094051, 26500, 2505, 231.94, -23.87, 5.79, 9.88, 93.09
0, 2103651, 27399, 2589, 229.50, -23.50, 7.34, 9.91, 97.38
0, 2112610, 28825, 2730, 231.06, -23.50, 7.12, 9.66, 70.22
0, 2121164, 30015, 2845, 235.87, -23.37, 7.12, 9.66, 23.87
0, 2127798, 30328, 2883, 246.31, -24.12, 9.11, 9.02, -17.49
0, 2136462, 30163, 2912, 259.12, -25.62, 9.19, 10.54, -65.95
0, 2143967, 29829, 2927, 259.12, -26.56, 8.58, 10.24, -92.90
0, 2153823, 29120, 2935, 264.56, -26.87, 7.50, 9.88, -97.13
0, 2162753, 28418, 2856, 262.94, -26.87, 7.93, 9.66, -69.58
0, 2171480, 27886, 2778, 258.50, -27.12, 8.91, 9.66, -21.94
0, 2178403, 27780, 2738, 252.06, -27.06, 8.91, 9.49, 21.22
0, 2186947, 27941, 2685, 246.25, -26.37, 8.17, 9.11, 68.21
0, 2194446, 28305, 2688, 246.25, -25.69, 7.92, 9.72, 93.97
0, 2203909, 29467, 2804, 243.81, -25.12, 6.95, 8.53, 97.00
0, 2212872, 31007, 2940, 245.44, -25.12, 8.19, 10.29, 69.04
0, 2221491, 31994, 3039, 251.12, -25.00, 8.19, 10.29, 21.87
0, 2228232, 32111, 3064, 263.50, -25.94, 9.78, 9.27, -20.17
0, 2236896, 31910, 3081, 276.06, -27.25, 8.36, 10.67, -67.97
0, 2246199, 31514, 3090, 279.69, -28.06, 6.59, 9.75, -97.16
0, 2255993, 30734, 3073, 277.81, -28.37, 7.93, 9.38, -92.99
0, 2263653, 30097, 3022, 277.81, -28.37, 8.23, 10.68, -65.41
0, 2272304, 29514, 2969, 273.69, -28.50, 9.16, 10.68, -16.86
0, 2278713, 29338, 2947, 266.94, -28.50, 9.16, 9.37, 23.12
0, 2287406, 29484, 2842, 260.37, -28.00, 8.88, 9.07, 70.29
0, 2296932, 30062, 2858, 256.81, -27.50, 9.22, 10.56, 98.15
0, 2307457, 31487, 2978, 258.06, -26.87, 8.88, 7.20, 89.22
0, 2314649, 32581, 3106, 258.06, -26.87, 9.24, 9.25, 60.55
0, 2323256, 33293, 3185, 263.50, -26.31, 8.84, 9.25, 10.94
0, 2329860, 33396, 3207, 274.94, -27.69, 7.41, 9.78, -30.06
0, 2338492, 33190, 3214, 286.31, -29.00, 7.41, 9.98, -74.98
0, 2348503, 32606, 3245, 290.62, -29.87, 7.31, 9.08, -99.56
0, 2358300, 31718, 3173, 289.19, -30.00, 8.26, 9.95, -86.71
0, 2365505, 31152, 3118, 289.19, -30.00, 8.49, 11.04, -56.18
0, 2373574, 30636, 3067, 284.50, -30.06, 9.34, 11.04, -8.95
0, 2380176, 30519, 3053, 277.25, -29.31, 9.54, 8.91, 31.95
0, 2388731, 30693, 2949, 270.44, -28.75, 9.54, 9.38, 75.96
0, 2398409, 31347, 2968, 266.69, -28.37, 9.44, 10.52, 99.50
0, 2408308, 32583, 3103, 267.62, -27.62, 9.40, 7.99, 86.68
0, 2415317, 33526, 3207, 272.87, -27.62, 10.36, 9.04, 57.16
0, 2423681, 34202, 3279, 272.87, -28.19, 9.67, 9.04, 8.28
0, 2430132, 34319, 3299, 282.87, -29.56, 7.32, 9.85, -31.69
0, 2438841, 34113, 3322, 293.56, -30.37, 7.32, 10.11, -76.41
0, 2448675, 33537, 3355, 298.44, -30.69, 6.87, 9.89, -99.65
0, 2458899, 32649, 3272, 297.25, -31.06, 8.36, 11.31, -84.77
0, 2465834, 32021, 3211, 297.25, -31.06, 9.12, 9.78, -54.46
0, 2474086, 31517, 3154, 292.69, -30.94, 9.16, 9.78, -5.74
0, 2480507, 31398, 3137, 285.62, -30.19, 10.38, 9.94, 33.91
0, 2489110, 31570, 3040, 278.12, -29.56, 10.38, 8.97, 77.49
0, 2498925, 32169, 3054, 274.12, -29.19, 10.13, 10.99, 99.77
0, 2509001, 33360, 3192, 274.81, -28.37, 10.08, 9.38, 84.43
0, 2515851, 34248, 3285, 279.31, -28.37, 10.41, 9.33, 54.37
0, 2524141, 34890, 3350, 279.31, -28.94, 9.65, 9.33, 5.40
0, 2530673, 34972, 3366, 288.44, -30.12, 7.52, 9.56, -34.89
0, 2539378, 34739, 3413, 299.06, -30.94, 7.52, 10.00, -78.54
0, 2549222, 34209, 3422, 304.12, -31.25, 8.71, 9.51, -99.88
0, 2559594, 33298, 3338, 303.00, -31.69, 8.71, 10.76, -82.38
0, 2566439, 32665, 3276, 298.94, -31.50, 8.28, 9.82, -51.24
0, 2574703, 32198, 3226, 298.94, -31.50, 10.19, 9.82, -1.87
0, 2581434, 32087, 3208, 291.87, -30.81, 10.56, 9.44, 39.33
0, 2589723, 32264, 3118, 284.37, -30.19, 11.07, 9.15, 79.86
0, 2599829, 32969, 3152, 280.06, -29.87, 9.96, 10.54, 99.99
0, 2610334, 34205, 3281, 280.44, -29.12, 9.96, 8.77, 79.65
0, 2617637, 35098, 3370, 285.19, -29.56, 11.19, 9.81, 44.63
0, 2625105, 35630, 3424, 285.19, -29.56, 10.33, 9.81, -0.66
0, 2631785, 35690, 3443, 294.00, -30.62, 7.83, 10.16, -41.35
0, 2640036, 35441, 3509, 304.75, -31.50, 6.62, 10.05, -81.03
0, 2650752, 34742, 3482, 310.37, -31.87, 8.96, 9.06, -99.89
0, 2661363, 33852, 3397, 309.44, -32.50, 8.96, 10.88, -75.58
0, 2669150, 33257, 3337, 304.81, -32.19, 9.98, 10.09, -35.94
0, 2676385, 32923, 3300, 298.12, -32.19, 9.36, 9.31, 8.69
0, 2683850, 32894, 3277, 298.12, -31.50, 11.33, 9.31, 52.78
0, 2691289, 33118, 3204, 290.94, -30.87, 11.26, 8.79, 85.39
0, 2701665, 33929, 3256, 286.75, -30.56, 11.21, 10.33, 99.45
0, 2712014, 35178, 3378, 287.06, -29.94, 11.65, 8.74, 72.84
0, 2719959, 36109, 3466, 291.75, -30.25, 11.65, 9.22, 31.15
0, 2726881, 36502, 3506, 300.37, -30.25, 11.03, 9.28, -11.79
0, 2734515, 36450, 3533, 300.37, -31.25, 8.04, 9.28, -56.28
0, 2741817, 36204, 3597, 311.37, -32.13, 6.09, 9.83, -87.07
0, 2752101, 35558, 3559, 317.56, -32.56, 9.81, 9.03, -99.13
0, 2762433, 34658, 3478, 316.87, -33.13, 10.43, 11.03, -71.01
0, 2770530, 34093, 3421, 312.81, -32.94, 10.43, 9.94, -27.72
0, 2777146, 33850, 3396, 306.19, -32.94, 9.75, 9.20, 13.44
0, 2784801, 33878, 3370, 306.19, -32.31, 12.12, 9.20, 57.76
0, 2791827, 34152, 3326, 298.94, -31.75, 11.34, 8.81, 87.10
0, 2801891, 35003, 3364, 294.87, -31.44, 12.61, 9.09, 99.30
0, 2812091, 36329, 3485, 295.44, -30.87, 12.61, 8.76, 72.51
0, 2819481, 37228, 3570, 300.50, -31.12, 11.99, 9.49, 33.99
0, 2826901, 37634, 3615, 309.69, -31.12, 12.91, 9.61, -11.91
0, 2834404, 37570, 3659, 309.69, -32.13, 6.83, 9.61, -55.71
0, 2841696, 37365, 3701, 321.50, -33.13, 6.78, 9.59, -86.69
0, 2851866, 36940, 3680, 327.75, -33.56, 10.38, 8.69, -99.31
0, 2862312, 36217, 3620, 327.06, -34.19, 10.38, 10.67, -71.54
0, 2869696, 35714, 3576, 324.12, -34.00, 9.72, 9.35, -32.72
0, 2877159, 35461, 3553, 319.06, -34.00, 10.84, 9.40, 13.52
0, 2884613, 35488, 3537, 319.06, -33.50, 11.30, 9.40, 56.79
0, 2891679, 35759, 3518, 312.87, -33.06, 12.07, 9.06, 86.64
0, 2901819, 36665, 3522, 309.00, -32.81, 13.33, 9.23, 99.35
0, 2912152, 38005, 3653, 309.50, -32.56, 13.26, 8.46, 72.24
0, 2919541, 39006, 3765, 314.75, -32.50, 13.26, 9.26, 33.63
0, 2927252, 39589, 3830, 324.37, -32.50, 12.80, 9.67, -14.10
0, 2934726, 39583, 3870, 324.37, -33.56, 7.84, 9.67, -57.37
0, 2941916, 39346, 3903, 336.94, -34.88, 6.43, 9.91, -87.37
0, 2952270, 38957, 3886, 345.44, -35.44, 9.87, 9.19, -98.99
0, 2962441, 38376, 3835, 345.56, -35.94, 10.78, 9.83, -70.98
0, 2969932, 38029, 3800, 342.44, -35.88, 10.78, 9.72, -31.31
0, 2977733, 37948, 3786, 338.19, -35.88, 10.90, 9.50, 17.08
0, 2986256, 38040, 3754, 333.19, -35.44, 12.81, 9.50, 64.97
0, 2994056, 38389, 3719, 333.19, -35.00, 14.20, 8.78, 93.11
0, 3004338, 39491, 3817, 331.06, -34.81, 14.60, 8.78, 96.31
0, 3014242, 41186, 3979, 332.06, -34.44, 14.77, 9.85, 62.57
0, 3022691, 42426, 4102, 336.75, -34.75, 14.28, 8.80, 14.46
0, 3029163, 42785, 4147, 348.12, -36.13, 14.28, 9.69, -25.86
0, 3037790, 42663, 4180, 364.12, -36.13, 7.25, 10.19, -71.98
0, 3046693, 42222, 4183, 374.94, -37.44, 7.75, 10.06, -97.85
0, 3057101, 41509, 4123, 375.50, -38.13, 11.10, 9.09, -90.21
0, 3065646, 40830, 4061, 375.50, -38.38, 11.26, 10.01, -55.45
0, 3074793, 40421, 4023, 371.31, -38.31, 11.82, 10.01, -1.30
0, 3081538, 40452, 3998, 364.87, -37.69, 14.06, 9.22, 39.93
0, 3089804, 40688, 3957, 357.56, -37.19, 15.01, 10.22, 80.17
0, 3099528, 41510, 4013, 354.00, -36.81, 14.42, 9.26, 99.96
0, 3109800, 43155, 4166, 355.19, -36.44, 14.42, 8.88, 81.64
0, 3117281, 44391, 4294, 360.81, -36.44, 14.85, 9.57, 46.62
0, 3126085, 45037, 4357, 373.37, -37.00, 14.46, 9.57, -6.81
0, 3133351, 44982, 4382, 373.37, -38.38, 8.08, 10.04, -50.09
0, 3140889, 44622, 4387, 389.62, -39.63, 10.27, 9.25, -84.05
0, 3150659, 43985, 4392, 397.69, -40.06, 10.90, 10.04, -99.91
0, 3160802, 43130, 4297, 396.56, -40.25, 10.90, 11.20, -77.84
0, 3168200, 42554, 4235, 391.12, -40.25, 11.08, 10.03, -41.44
0, 3176681, 42225, 4199, 383.94, -40.38, 11.40, 10.03, 10.54
0, 3184399, 42315, 4168, 383.94, -39.56, 13.76, 9.06, 55.68
0, 3191608, 42753, 4129, 375.94, -38.88, 14.79, 9.93, 86.42
0, 3200802, 43736, 4222, 371.31, -38.56, 14.99, 9.21, 99.87
0, 3210805, 45304, 4365, 372.56, -38.13, 14.99, 9.71, 77.83
0, 3218305, 46427, 4464, 380.00, -38.13, 13.29, 9.42, 40.84
0, 3226891, 46986, 4525, 392.69, -38.75, 12.49, 9.42, -11.85
0, 3234608, 46892, 4540, 392.69, -39.94, 9.76, 9.25, -56.76
0, 3241848, 46419, 4541, 408.06, -41.13, 10.99, 10.39, -87.16
0, 3251149, 45739, 4601, 416.50, -41.63, 10.69, 9.57, -99.74
0, 3261065, 44912, 4504, 415.62, -41.69, 10.69, 12.65, -76.79
0, 3268529, 44378, 4448, 409.00, -41.69, 12.07, 9.28, -39.55
0, 3277013, 44124, 4417, 401.50, -42.13, 11.91, 9.28, 12.61
0, 3284685, 44274, 4380, 401.50, -41.50, 13.65, 9.25, 57.16
0, 3291755, 44724, 4344, 393.81, -40.81, 14.43, 9.40, 86.88
0, 3300878, 45710, 4400, 389.62, -40.56, 14.42, 7.92, 99.85
0, 3310902, 47308, 4555, 391.25, -40.00, 14.42, 10.43, 77.45
0, 3318517, 48443, 4676, 398.81, -40.00, 12.47, 8.73, 39.62
0, 3327092, 48961, 4734, 411.50, -40.31, 12.19, 8.73, -13.10
0, 3334692, 48871, 4766, 411.50, -41.56, 11.03, 10.29, -57.20
0, 3341775, 48502, 4784, 427.19, -42.94, 11.09, 9.65, -86.94
0, 3350743, 47784, 4807, 435.69, -43.50, 11.60, 9.52, -99.89
0, 3361006, 47017, 4721, 435.12, -43.88, 11.15, 8.17, -77.03
0, 3368715, 46438, 4669, 428.94, -43.88, 11.15, 9.21, -38.48
0, 3377180, 46073, 4631, 421.87, -44.13, 11.36, 9.21, 13.65
0, 3384643, 46213, 4605, 421.87, -43.50, 12.05, 9.32, 56.95
0, 3391741, 46727, 4572, 414.25, -42.88, 14.27, 9.45, 86.83
0, 3400952, 47769, 4607, 408.87, -42.50, 13.02, 8.37, 99.82
0, 3411037, 49241, 4761, 410.12, -42.06, 12.29, 9.14, 76.91
0, 3418534, 50145, 4857, 418.25, -42.06, 12.29, 9.28, 39.52
0, 3427252, 50529, 4899, 430.62, -42.06, 10.97, 9.28, -14.10
0, 3435081, 50415, 4936, 430.62, -43.38, 10.55, 9.15, -59.19
0, 3441928, 49991, 4940, 444.25, -44.56, 10.47, 8.95, -87.41
0, 3451175, 49224, 4969, 451.00, -45.00, 12.70, 10.08, -99.73
0, 3461256, 48539, 4895, 450.25, -45.31, 11.26, 5.87, -76.02
0, 3468820, 48046, 4836, 443.75, -45.31, 11.26, 9.44, -37.87
0, 3477881, 47814, 4804, 436.44, -45.63, 11.85, 9.18, 18.00
0, 3486535, 48038, 4778, 429.81, -45.13, 11.97, 9.18, 66.29
0, 3494037, 48674, 4756, 429.81, -44.44, 12.82, 8.86, 93.06
0, 3502579, 49555, 4795, 425.69, -44.06, 11.19, 10.24, 98.69
0, 3511400, 50657, 4907, 427.00, -43.81, 11.88, 5.64, 75.43
0, 3518882, 51525, 5005, 434.50, -43.81, 11.88, 8.98, 37.51
0, 3527840, 51894, 5048, 445.00, -43.63, 10.35, 8.98, -17.75
0, 3535811, 51725, 5086, 457.00, -44.69, 10.71, 9.96, -62.82
0, 3542690, 51316, 5084, 457.00, -45.88, 10.53, 9.34, -89.63
0, 3551160, 50632, 5104, 464.12, -46.38, 12.45, 9.89, -99.73
0, 3560825, 49896, 5042, 463.19, -46.63, 11.89, 7.63, -77.75
0, 3568561, 49387, 4989, 457.25, -46.63, 11.89, 9.84, -39.37
0, 3577107, 49128, 4958, 450.06, -46.19, 11.31, 9.84, 13.20
0, 3584628, 49256, 4929, 450.06, -45.56, 11.38, 8.64, 56.87
0, 3591722, 49763, 4904, 442.87, -45.19, 12.71, 10.00, 86.77
0, 3600052, 50593, 4903, 438.50, -44.81, 11.76, 8.87, 100.00
0, 3609826, 51836, 5036, 439.62, -44.81, 11.76, 8.20, 81.54
0, 3618326, 52931, 5155, 447.19, -44.63, 10.18, 9.64, 40.72
0, 3627153, 53411, 5209, 457.62, -45.69, 9.66, 9.64, -13.48
0, 3634634, 53273, 5246, 457.62, -46.94, 11.15, 10.21, -56.90
0, 3641987, 52818, 5244, 470.37, -47.56, 11.02, 10.31, -87.59
0, 3650265, 52134, 5236, 478.25, -47.88, 12.46, 9.74, -99.99
0, 3660030, 51343, 5176, 477.56, -47.88, 12.46, 13.00, -80.79
0, 3668590, 50751, 5121, 471.31, -47.94, 10.35, 9.71, -39.20
0, 3677243, 50549, 5099, 463.75, -47.44, 11.17, 9.71, 14.04
0, 3684771, 50707, 5082, 463.75, -46.81, 10.35, 8.31, 57.60
0, 3691880, 51208, 5062, 456.31, -46.50, 11.83, 10.37, 87.26
0, 3699976, 52040, 5061, 452.12, -46.25, 10.97, 8.52, 100.00
0, 3709847, 53329, 5195, 453.44, -46.25, 10.97, 9.67, 81.47
0, 3718570, 54513, 5320, 460.81, -46.00, 8.69, 9.77, 39.32
0, 3727439, 55018, 5373, 471.37, -47.06, 9.17, 9.77, -15.26
0, 3735320, 54833, 5399, 484.50, -48.38, 10.56, 9.82, -60.39
0, 3742057, 54403, 5395, 484.50, -49.06, 11.62, 10.67, -87.80
0, 3750292, 53818, 5378, 493.06, -49.31, 11.88, 7.28, -99.98
0, 3760031, 53114, 5320, 492.44, -49.31, 11.88, 12.78, -80.79
0, 3768609, 52507, 5267, 486.62, -49.31, 9.04, 8.53, -39.09
0, 3777630, 52249, 5244, 480.19, -48.75, 10.64, 8.53, 16.44
0, 3785629, 52424, 5207, 473.25, -48.25, 9.53, 10.46, 61.93
0, 3792354, 52908, 5206, 473.25, -47.94, 10.51, 10.11, 88.68
0, 3800216, 53783, 5248, 468.69, -47.56, 9.94, 8.52, 99.99
0, 3809921, 55131, 5379, 469.44, -47.56, 9.94, 8.62, 81.20
0, 3818617, 56360, 5491, 476.37, -47.63, 6.98, 8.62, 39.04
0, 3827689, 56837, 5537, 487.56, -48.75, 8.67, 9.85, -16.81
0, 3835822, 56639, 5565, 501.00, -50.06, 10.38, 9.70, -62.87
0, 3842369, 56176, 5565, 501.00, -50.69, 10.95, 10.11, -88.72
0, 3850663, 55567, 5542, 509.62, -50.94, 11.72, 9.74, -99.91
0, 3860216, 54708, 5461, 509.12, -50.94, 7.54, 10.74, -80.10
0, 3868852, 54123, 5406, 503.44, -50.94, 7.54, 9.44, -37.68
0, 3878109, 53927, 5387, 496.19, -50.31, 9.44, 9.44, 19.41
0, 3886564, 54183, 5367, 488.56, -49.56, 8.96, 8.77, 66.43
0, 3894073, 54816, 5357, 488.56, -49.25, 8.78, 9.91, 93.14
0, 3901636, 55618, 5425, 484.31, -49.06, 9.65, 9.14, 99.47
0, 3910626, 56890, 5537, 485.37, -49.06, 6.90, 7.24, 78.53
0, 3919142, 58014, 5640, 492.06, -49.19, 6.90, 10.40, 35.99
0, 3928419, 58395, 5674, 502.56, -50.19, 7.72, 10.40, -21.31
0, 3936892, 58104, 5690, 515.37, -51.44, 10.96, 10.66, -67.95
0, 3944652, 57557, 5703, 515.37, -52.00, 11.36, 9.08, -94.41
0, 3952355, 57096, 5660, 523.50, -52.19, 11.04, 10.29, -98.91
0, 3961051, 56397, 5610, 522.94, -52.19, 6.90, 9.12, -76.85
0, 3969522, 55801, 5562, 517.50, -52.19, 6.90, 9.92, -33.75
0, 3978508, 55545, 5538, 511.62, -51.69, 10.20, 9.92, 21.86
0, 3987067, 55803, 5526, 504.56, -51.13, 7.83, 8.72, 68.76
0, 3994646, 56468, 5508, 504.56, -50.75, 7.38, 9.02, 94.39
0, 4001832, 57220, 5568, 499.56, -50.56, 8.66, 9.97, 99.34
0, 4010729, 58482, 5681, 500.00, -50.56, 5.92, 7.78, 78.13
0, 4019321, 59518, 5781, 506.37, -50.56, 5.92, 9.99, 34.93
0, 4028544, 59847, 5816, 516.50, -51.50, 7.72, 9.99, -22.08
0, 4037198, 59567, 5830, 528.75, -52.75, 11.51, 10.65, -69.35
0, 4044935, 59100, 5841, 528.75, -53.38, 10.87, 9.91, -94.98
0, 4052768, 58569, 5784, 536.25, -53.50, 9.29, 8.97, -98.49
0, 4061567, 57861, 5720, 535.81, -53.50, 9.24, 10.83, -74.74
0, 4069845, 57299, 5671, 531.19, -53.50, 8.90, 9.88, -31.83
0, 4078871, 57175, 5657, 525.31, -52.88, 8.90, 9.88, 24.08
0, 4087405, 57449, 5646, 518.19, -52.25, 6.41, 8.55, 70.28
0, 4095133, 58083, 5642, 518.19, -51.94, 6.72, 9.34, 95.36
0, 4103161, 58868, 5715, 513.87, -51.75, 8.07, 9.68, 98.04
0, 4111666, 60013, 5830, 514.69, -51.75, 6.43, 8.54, 74.32
0, 4120027, 61057, 5930, 520.44, -51.88, 6.43, 8.56, 30.75
0, 4129135, 61400, 5968, 529.25, -52.75, 6.43, 8.56, -25.68
0, 4137833, 61079, 5975, 540.81, -54.00, 10.20, 10.25, -72.17
0, 4146274, 60529, 5982, 549.31, -54.69, 14.05, 10.26, -97.27
0, 4154948, 59913, 5918, 549.31, -54.88, 8.65, 8.51, -95.21
0, 4162566, 59259, 5851, 549.25, -54.88, 8.47, 11.98, -70.42
0, 4170786, 58720, 5795, 544.50, -54.94, 8.66, 9.98, -26.17
0, 4179328, 58513, 5771, 538.50, -54.31, 8.66, 9.98, 26.85
0, 4188410, 58808, 5759, 531.37, -53.56, 6.46, 9.05, 74.63
0, 4197008, 59507, 5786, 526.37, -53.06, 5.17, 8.89, 98.24
0, 4205453, 60414, 5870, 526.37, -52.88, 7.52, 9.10, 94.19
0, 4212764, 61543, 5976, 526.37, -52.88, 4.78, 8.80, 69.53
0, 4220864, 62578, 6079, 531.56, -53.00, 5.80, 9.08, 25.70
0, 4229580, 62842, 6109, 539.94, -53.88, 5.80, 9.08, -28.38
0, 4238839, 62546, 6117, 552.37, -55.19, 11.27, 10.64, -76.40
0, 4247389, 62085, 6143, 561.44, -56.00, 13.69, 9.94, -98.66
0, 4256374, 61472, 6084, 561.69, -56.13, 8.47, 8.03, -92.09
0, 4263314, 60877, 6015, 561.69, -56.38, 7.79, 11.42, -67.01
0, 4271337, 60336, 5956, 558.06, -56.38, 7.72, 9.83, -22.82
0, 4279921, 60193, 5934, 552.94, -56.00, 4.46, 9.83, 30.42
0, 4288960, 60547, 5921, 546.06, -55.19, 4.46, 8.47, 76.89
0, 4297520, 61185, 5945, 540.75, -54.63, 4.68, 9.34, 98.79
0, 4306241, 62150, 6037, 540.94, -54.44, 7.08, 9.15, 92.41
0, 4313476, 63220, 6141, 540.94, -54.44, 6.03, 9.44, 66.25
0, 4321354, 64163, 6235, 545.75, -54.44, 7.20, 9.29, 22.71
0, 4330008, 64518, 6272, 553.69, -55.25, 10.11, 9.29, -30.94
0, 4339196, 64198, 6292, 565.37, -56.56, 10.11, 9.92, -77.83
0, 4348155, 63709, 6324, 574.50, -57.44, 11.44, 10.94, -99.33
0, 4358755, 62870, 6235, 575.87, -57.69, 6.00, 8.71, -85.25
0, 4367227, 62241, 6163, 572.25, -58.00, 8.94, 11.12, -46.93
0, 4374211, 61943, 6124, 572.25, -57.69, 6.98, 9.19, -4.96
0, 4381989, 61965, 6100, 566.62, -57.69, 4.35, 8.31, 42.51
0, 4390235, 62360, 6081, 560.00, -56.88, 4.88, 8.31, 81.76
0, 4398925, 63000, 6121, 555.37, -56.31, 4.88, 9.65, 99.77
0, 4409599, 64437, 6261, 555.56, -55.94, 5.98, 9.22, 82.36
0, 4418059, 65942, 6409, 560.12, -55.88, 5.66, 8.38, 42.25
0, 4425454, 66799, 6494, 560.12, -56.75, 6.90, 9.35, -2.85
0, 4434403, 66804, 6534, 567.94, -56.75, 9.60, 10.68, -55.70
0, 4442007, 66416, 6566, 581.12, -58.31, 12.26, 10.72, -87.65
0, 4450412, 65818, 6588, 593.44, -59.56, 7.72, 9.16, -99.97
0, 4461357, 64864, 6485, 595.69, -59.94, 7.08, 11.04, -75.61
0, 4470333, 64235, 6406, 591.69, -60.38, 7.08, 11.04, -28.91
0, 4479053, 63991, 6350, 585.50, -60.19, 8.70, 9.69, 25.19
0, 4487797, 64213, 6286, 578.44, -59.31, 5.26, 9.24, 72.01
0, 4495935, 64761, 6295, 573.31, -58.56, 5.36, 11.18, 96.75
0, 4502894, 65698, 6391, 573.31, -58.56, 5.39, 8.12, 98.35
0, 4512107, 67574, 6560, 572.69, -58.00, 5.74, 8.15, 72.44
0, 4520906, 69098, 6738, 576.62, -57.75, 5.74, 8.15, 25.45
0, 4529725, 69573, 6797, 586.69, -58.81, 9.18, 9.70, -29.25
0, 4538638, 69268, 6825, 603.06, -60.56, 10.68, 11.34, -75.58
0, 4547225, 68754, 6851, 615.69, -62.00, 9.51, 10.46, -98.48
0, 4556243, 67861, 6780, 617.56, -62.38, 7.34, 9.76, -92.41
0, 4563803, 67100, 6706, 617.56, -62.38, 8.05, 11.08, -64.70
0, 4572170, 66410, 6647, 613.94, -62.69, 8.01, 9.31, -17.69
0, 4581320, 66144, 6619, 607.31, -62.31, 7.29, 9.31, 38.67
0, 4589955, 66401, 6512, 598.75, -61.50, 7.29, 8.70, 80.73
0, 4598821, 67133, 6531, 592.06, -60.94, 6.73, 11.00, 99.73
0, 4609338, 68638, 6678, 590.25, -60.56, 6.52, 6.00, 83.28
0, 4616718, 69684, 6801, 593.69, -59.69, 6.34, 9.95, 49.73
0, 4624014, 70234, 6861, 593.69, -59.69, 8.70, 9.70, 6.20
0, 4633290, 70239, 6883, 602.37, -60.38, 8.69, 10.63, -49.76
0, 4641236, 69885, 6912, 614.81, -61.88, 7.85, 10.63, -85.21
0, 4649803, 69164, 6914, 623.12, -62.69, 7.92, 10.39, -99.99
0, 4660403, 67985, 6801, 623.94, -62.94, 7.92, 8.50, -79.39
0, 4668770, 67171, 6719, 620.12, -63.38, 8.51, 9.31, -38.16
0, 4675995, 66702, 6675, 612.56, -62.94, 8.61, 9.71, 6.24
0, 4684718, 66633, 6651, 612.56, -62.94, 7.85, 8.78, 57.33
0, 4692083, 67019, 6559, 603.37, -62.00, 6.91, 8.78, 87.88
0, 4700305, 67827, 6590, 596.19, -61.31, 6.20, 9.76, 99.98
0, 4710941, 69406, 6772, 593.87, -61.06, 6.20, 6.51, 77.29
0, 4719608, 70531, 6892, 597.62, -60.19, 6.25, 10.30, 33.24
0, 4726985, 70922, 6935, 606.44, -60.75, 8.95, 9.25, -12.43
0, 4736690, 70760, 6966, 618.94, -62.31, 8.60, 11.16, -67.02
0, 4744478, 70373, 7010, 618.94, -62.31, 7.44, 9.38, -94.04
0, 4752215, 69653, 6963, 627.94, -63.19, 8.70, 9.02, -99.03
0, 4762159, 68471, 6850, 629.06, -63.56, 9.26, 9.02, -72.21
0, 4770868, 67641, 6763, 626.06, -64.00, 8.88, 9.10, -25.68
0, 4779866, 67296, 6725, 618.75, -63.00, 8.88, 9.68, 30.09
0, 4788837, 67480, 6662, 609.06, -62.31, 8.85, 8.56, 76.39
0, 4797396, 68156, 6622, 601.87, -62.00, 7.73, 9.67, 98.66
0, 4804889, 69002, 6719, 601.87, -61.19, 6.78, 5.58, 95.32
0, 4813545, 70267, 6861, 599.62, -61.19, 6.49, 10.42, 65.92
0, 4822160, 71151, 6956, 603.12, -61.75, 8.44, 10.42, 17.76
0, 4830642, 71334, 6981, 611.06, -63.13, 8.65, 9.49, -34.71
0, 4839513, 71023, 7033, 622.56, -64.00, 8.65, 10.91, -79.06
0, 4848398, 70424, 7040, 631.37, -64.25, 7.21, 8.53, -99.49
0, 4858533, 69326, 6935, 632.69, -64.81, 8.22, 10.81, -85.97
0, 4865553, 68503, 6853, 632.69, -64.81, 8.45, 10.51, -55.94
0, 4873860, 67885, 6787, 629.12, -64.37, 8.62, 9.23, -7.16
0, 4882707, 67713, 6763, 622.25, -63.44, 8.91, 9.23, 46.55
0, 4890598, 68030, 6703, 612.75, -62.69, 8.00, 8.74, 83.05
0, 4899169, 68722, 6687, 605.31, -62.44, 8.00, 9.59, 99.86
0, 4908898, 69929, 6827, 603.06, -61.69, 6.48, 11.44, 84.78
0, 4915708, 70833, 6924, 606.50, -61.69, 7.00, 11.04, 55.13
0, 4923996, 71530, 6994, 606.50, -62.06, 11.01, 9.48, 6.31
0, 4932678, 71590, 7018, 614.06, -63.38, 8.16, 9.48, -46.39
0, 4940731, 71257, 7073, 625.00, -64.19, 7.01, 10.78, -83.51
0, 4949528, 70596, 7058, 633.56, -64.50, 7.01, 8.30, -99.96
0, 4959494, 69515, 6954, 635.25, -65.06, 8.11, 12.09, -82.73
0, 4966524, 68711, 6875, 631.75, -64.69, 8.20, 9.91, -50.78
0, 4974375, 68161, 6815, 631.75, -64.69, 8.49, 9.02, -3.93
0, 4983823, 68039, 6792, 624.81, -63.69, 9.45, 9.02, 52.63
0, 4991337, 68363, 6741, 615.37, -62.94, 8.27, 8.82, 85.54
0, 4999916, 69124, 6736, 607.87, -62.69, 6.52, 10.22, 100.00
0, 5010162, 70443, 6884, 605.56, -62.13, 6.52, 11.16, 80.30
0, 5017256, 71386, 6978, 608.81, -62.38, 7.45, 10.53, 46.77
0, 5024741, 71942, 7036, 608.81, -62.38, 11.14, 9.30, 1.63
0, 5034411, 71896, 7065, 616.62, -63.63, 8.10, 9.30, -55.74
0, 5042223, 71560, 7130, 627.75, -64.50, 6.67, 11.19, -88.29
0, 5050663, 70913, 7094, 636.75, -64.81, 8.55, 8.31, -99.91
0, 5061319, 69770, 6982, 638.19, -65.44, 8.55, 12.27, -75.76
0, 5068843, 68952, 6900, 635.19, -65.06, 8.82, 9.66, -37.73
0, 5076008, 68533, 6854, 628.56, -65.06, 8.58, 9.58, 6.32
0, 5085700, 68538, 6825, 628.56, -64.19, 9.45, 9.58, 62.27
0, 5092792, 68923, 6765, 619.50, -63.38, 8.33, 8.63, 89.92
0, 5100662, 69664, 6799, 611.56, -63.06, 7.14, 10.36, 99.91
0, 5111323, 71070, 6948, 609.37, -62.56, 7.14, 9.19, 75.75
0, 5118703, 72017, 7043, 612.37, -62.81, 8.15, 9.80, 38.55
0, 5126125, 72451, 7087, 620.25, -62.81, 11.04, 9.51, -7.06
0, 5135973, 72285, 7133, 631.37, -64.00, 7.77, 9.51, -63.61
0, 5143006, 71883, 7174, 631.37, -64.87, 6.63, 11.14, -90.50
0, 5150911, 71249, 7128, 640.62, -65.25, 8.60, 8.81, -99.84
0, 5161839, 70127, 7018, 642.00, -65.81, 8.60, 10.85, -73.59
0, 5169491, 69318, 6937, 638.56, -65.44, 8.93, 9.86, -33.93
0, 5176563, 68894, 6893, 631.87, -65.44, 8.48, 9.50, 9.80
0, 5186018, 68941, 6857, 623.12, -64.56, 9.42, 9.50, 63.82
0, 5193204, 69341, 6795, 623.12, -63.75, 9.57, 8.81, 91.02
0, 5200911, 70065, 6844, 615.00, -63.44, 7.53, 10.06, 99.84
0, 5211575, 71493, 6990, 612.56, -62.88, 7.53, 8.16, 74.70
0, 5218941, 72432, 7082, 615.44, -63.13, 8.53, 9.39, 37.16
0, 5226511, 72811, 7121, 623.19, -63.13, 11.27, 10.70, -9.47
0, 5236188, 72618, 7175, 634.31, -64.25, 7.13, 10.70, -64.64
0, 5243434, 72217, 7208, 634.31, -65.19, 6.90, 10.67, -91.61
0, 5251042, 71574, 7158, 643.69, -65.56, 8.12, 8.84, -99.79
0, 5261743, 70475, 7053, 644.94, -66.12, 8.12, 10.76, -74.00
0, 5269377, 69709, 6976, 641.62, -65.69, 9.24, 9.63, -34.61
0, 5276792, 69253, 6929, 634.75, -65.69, 8.81, 9.33, 11.23
0, 5286483, 69292, 6895, 626.12, -64.87, 9.59, 9.33, 66.05
0, 5293652, 69719, 6840, 626.12, -64.12, 9.92, 8.39, 92.15
0, 5301143, 70400, 6882, 618.25, -63.75, 7.95, 9.74, 99.74
0, 5311656, 71845, 7025, 615.44, -63.25, 7.95, 7.10, 74.36
0, 5318979, 72782, 7114, 618.12, -63.38, 8.68, 10.04, 36.94
0, 5326625, 73123, 7150, 625.62, -63.38, 11.75, 11.14, -10.19
0, 5336510, 72893, 7219, 636.94, -64.50, 6.57, 9.93, -66.17
0, 5344217, 72508, 7234, 636.94, -65.44, 7.50, 9.93, -93.47
0, 5351747, 71871, 7186, 646.50, -65.81, 8.29, 8.92, -99.40
0, 5362617, 70748, 7081, 647.56, -66.37, 7.87, 10.70, -70.19
0, 5370220, 70071, 7014, 644.44, -66.00, 7.87, 9.63, -29.59
0, 5377388, 69652, 6971, 638.06, -65.25, 9.17, 9.00, 14.94
0, 5387289, 69673, 6945, 629.56, -65.25, 9.45, 8.68, 69.76
0, 5394791, 70124, 6898, 629.56, -64.50, 9.98, 8.68, 94.69
0, 5402222, 70869, 6931, 621.94, -64.12, 8.25, 9.74, 99.03
0, 5412796, 72379, 7078, 618.69, -63.81, 9.31, 6.76, 69.39
0, 5420210, 73254, 7161, 620.75, -63.63, 9.31, 10.19, 29.65
0, 5427523, 73467, 7188, 628.31, -64.75, 11.53, 9.55, -15.78
0, 5437682, 73213, 7263, 639.81, -64.75, 6.05, 9.57, -71.51
0, 5445234, 72812, 7267, 639.81, -65.75, 8.23, 9.57, -95.55
0, 5452423, 72251, 7221, 649.56, -66.12, 8.32, 9.37, -98.84
0, 5462933, 71166, 7124, 650.56, -66.62, 8.92, 10.75, -68.77
0, 5470469, 70496, 7057, 647.62, -66.31, 8.92, 9.65, -28.09
0, 5477790, 70183, 7025, 641.69, -65.62, 9.67, 8.87, 17.43
0, 5487854, 70283, 7003, 633.31, -65.62, 9.91, 8.67, 72.26
0, 5495345, 70785, 6957, 633.31, -64.94, 10.41, 8.67, 95.75
0, 5502536, 71540, 6999, 625.94, -64.62, 8.71, 9.64, 98.73
0, 5513016, 73052, 7139, 623.44, -64.37, 8.71, 5.81, 68.39
0, 5520383, 73878, 7221, 625.75, -64.19, 9.74, 10.60, 28.61
0, 5528082, 74054, 7254, 633.44, -65.25, 12.42, 9.51, -19.24
0, 5538135, 73771, 7326, 645.06, -65.25, 6.03, 9.22, -73.47
0, 5545941, 73426, 7322, 654.69, -66.25, 8.13, 9.22, -96.76
0, 5553190, 72933, 7279, 654.69, -66.62, 9.34, 10.14, -98.00
0, 5563362, 71932, 7194, 655.69, -67.12, 9.17, 10.70, -66.78
0, 5570924, 71297, 7136, 652.81, -66.87, 9.17, 10.08, -25.34
0, 5578640, 71048, 7112, 648.06, -66.25, 9.45, 9.03, 22.66
0, 5588407, 71217, 7095, 640.31, -66.25, 10.96, 8.46, 74.62
0, 5596527, 71781, 7062, 633.00, -65.62, 10.85, 8.46, 97.63
0, 5603463, 72535, 7096, 633.00, -65.37, 9.57, 10.31, 97.64
0, 5613386, 73912, 7222, 630.81, -65.25, 11.21, 6.28, 66.67
0, 5620758, 74701, 7320, 633.25, -65.00, 11.21, 10.22, 26.35
0, 5628457, 74863, 7350, 640.69, -65.87, 11.45, 9.19, -21.54
0, 5638581, 74586, 7409, 651.94, -65.87, 7.91, 11.29, -75.34
0, 5647018, 74246, 7405, 661.56, -67.06, 8.49, 11.29, -98.25
0, 5654247, 73798, 7362, 661.56, -67.44, 9.90, 10.99, -96.46
0, 5663794, 73094, 7296, 662.81, -67.87, 9.51, 10.26, -64.74
0, 5671422, 72559, 7249, 660.19, -67.69, 9.51, 9.73, -22.30
0, 5679005, 72355, 7231, 656.00, -67.12, 9.89, 9.09, 24.89
0, 5688794, 72521, 7208, 649.94, -67.12, 10.93, 9.12, 76.22
0, 5697394, 73082, 7172, 643.81, -66.62, 11.94, 9.12, 98.66
0, 5705143, 73913, 7225, 643.81, -66.44, 11.84, 9.98, 94.83
0, 5713938, 75119, 7358, 641.87, -66.25, 12.90, 12.12, 64.05
0, 5721497, 75940, 7451, 644.00, -65.94, 12.90, 10.28, 21.84
0, 5729259, 76216, 7485, 650.75, -66.94, 11.21, 11.60, -26.43
0, 5739029, 75983, 7541, 661.69, -66.94, 8.91, 10.95, -77.16
0, 5747629, 75573, 7534, 671.94, -68.19, 7.93, 10.95, -98.89
0, 5755609, 75147, 7497, 671.94, -68.62, 9.34, 11.43, -93.86
0, 5765103, 74595, 7446, 674.87, -69.06, 11.01, 11.38, -58.26
0, 5773127, 74385, 7426, 672.37, -69.00, 11.12, 10.81, -11.75
0, 5780042, 74413, 7414, 668.19, -68.56, 11.12, 10.36, 31.15
0, 5789414, 74650, 7394, 663.12, -68.56, 12.22, 10.59, 78.68
0, 5797973, 75230, 7369, 659.56, -68.19, 10.59, 10.59, 99.19
0, 5805777, 76344, 7484, 659.56, -68.06, 11.08, 10.90, 93.49
0, 5815095, 78001, 7641, 659.50, -67.81, 15.80, 8.59, 58.30
0, 5822637, 78886, 7727, 662.12, -67.87, 15.80, 11.25, 14.80
0, 5829733, 79186, 7764, 669.56, -69.25, 12.24, 11.47, -29.29
0, 5839358, 78977, 7799, 684.12, -69.25, 6.83, 11.90, -78.46
0, 5847925, 78441, 7806, 688.56, -70.50, 7.75, 11.90, -99.15
0, 5856088, 77838, 7746, 688.56, -71.06, 9.75, 9.89, -92.78
0, 5865251, 77136, 7684, 693.06, -71.37, 11.08, 11.97, -57.50
0, 5872897, 76774, 7653, 687.37, -71.31, 12.38, 10.82, -13.18
0, 5879904, 76741, 7640, 681.75, -70.69, 12.38, 10.03, 30.32
0, 5889342, 77044, 7596, 676.37, -70.69, 13.48, 11.05, 78.40
0, 5897883, 77728, 7616, 675.31, -70.19, 13.27, 11.05, 99.12
0, 5905370, 78784, 7709, 675.31, -70.00, 12.11, 10.31, 94.36
0, 5914898, 80468, 7878, 678.50, -69.75, 15.24, 8.46, 59.30
0, 5922297, 81372, 7962, 687.00, -70.00, 12.57, 10.23, 16.91
0, 5929766, 81555, 7988, 701.62, -71.25, 12.57, 11.35, -29.49
0, 5939526, 81230, 8010, 715.50, -71.25, 7.10, 11.49, -79.11
0, 5948213, 80719, 8058, 718.94, -72.56, 9.53, 11.49, -99.37
0, 5955859, 80237, 8003, 718.94, -73.12, 10.25, 10.81, -93.30
0, 5965115, 79638, 7934, 715.62, -73.31, 12.25, 12.81, -58.20
0, 5972825, 79253, 7888, 710.06, -73.56, 12.42, 10.37, -13.63
0, 5980114, 79184, 7871, 704.31, -73.00, 12.42, 10.45, 31.57
0, 5989609, 79536, 7829, 698.81, -73.00, 14.18, 10.33, 79.43
0, 5998169, 80252, 7857, 697.31, -72.69, 14.18, 10.33, 99.34
0, 6005683, 81252, 7942, 697.31, -72.37, 13.69, 9.50, 93.70
0, 6014883, 82603, 8047, 700.94, -72.62, 14.51, 9.69, 59.38
0, 6022350, 83361, 8127, 709.50, -73.62, 11.06, 10.48, 16.58
0, 6029888, 83527, 8150, 722.75, -73.62, 11.06, 11.96, -30.22
0, 6039677, 83182, 8168, 734.56, -74.62, 8.80, 10.91, -79.69
0, 6048392, 82665, 8235, 737.75, -75.12, 9.84, 10.91, -99.49
0, 6056076, 82087, 8209, 737.75, -75.25, 10.92, 10.78, -92.80
0, 6065274, 81398, 8130, 734.37, -75.75, 11.35, 8.16, -57.38
0, 6072722, 80981, 8082, 728.56, -75.44, 11.89, 10.67, -14.27
0, 6080455, 80902, 8062, 721.50, -74.75, 14.74, 10.06, 33.60
0, 6089807, 81254, 8015, 715.06, -74.75, 14.74, 10.45, 80.18
0, 6098401, 82017, 8005, 713.25, -74.44, 14.23, 10.45, 99.49
0, 6106088, 83008, 8090, 713.25, -74.00, 13.80, 8.17, 92.78
0, 6115094, 84284, 8222, 716.87, -73.87, 13.59, 9.91, 58.31
0, 6122166, 84965, 8294, 725.62, -74.87, 10.99, 10.24, 17.72
0, 6129707, 85112, 8319, 738.56, -74.87, 9.29, 10.51, -29.14
0, 6139664, 84797, 8381, 750.06, -76.06, 9.29, 9.80, -79.64
0, 6148325, 84160, 8424, 753.19, -76.62, 10.74, 9.80, -99.45
0, 6155918, 83640, 8367, 753.19, -77.12, 10.87, 10.97, -93.17
0, 6164729, 82970, 8300, 749.94, -77.44, 12.25, 11.82, -60.15
0, 6171734, 82559, 8258, 743.19, -76.87, 11.44, 10.50, -20.39
0, 6179683, 82410, 8236, 736.12, -76.87, 13.57, 10.56, 28.99
0, 6189621, 82770, 8194, 729.81, -76.31, 13.57, 10.56, 79.47
0, 6198172, 83537, 8151, 727.62, -75.94, 14.82, 10.20, 99.34
0, 6205686, 84427, 8236, 727.62, -75.56, 14.41, 11.73, 93.69
0, 6214004, 85529, 8350, 731.25, -75.25, 13.22, 7.50, 63.73
0, 6221459, 86154, 8426, 740.00, -75.25, 13.22, 10.87, 22.07
0, 6229754, 86237, 8461, 752.12, -76.19, 9.67, 11.01, -29.42
0, 6239871, 85893, 8497, 762.25, -77.31, 9.67, 10.59, -80.42
0, 6248425, 85278, 8553, 764.19, -77.81, 10.64, 10.59, -99.51
0, 6256213, 84837, 8503, 764.19, -78.19, 11.04, 10.77, -92.48
0, 6264200, 84312, 8442, 760.87, -78.44, 12.69, 10.65, -62.78
0, 6271493, 83925, 8394, 754.37, -78.44, 11.61, 11.04, -21.87
0, 6279887, 83769, 8373, 748.56, -78.12, 13.66, 10.04, 30.22
0, 6289860, 84112, 8350, 742.81, -77.50, 13.66, 10.50, 80.38
0, 6298427, 84878, 8296, 740.62, -77.12, 14.46, 10.50, 99.51
0, 6305939, 85708, 8370, 740.62, -76.94, 13.86, 10.10, 93.12
0, 6314138, 86669, 8487, 743.94, -76.62, 12.36, 6.12, 63.08
0, 6321528, 87211, 8557, 752.37, -76.62, 10.64, 10.34, 21.65
0, 6329841, 87274, 8580, 763.50, -77.31, 10.81, 11.46, -29.94
0, 6339893, 86884, 8594, 772.62, -78.44, 10.81, 11.46, -80.50
0, 6348735, 86216, 8655, 774.44, -78.94, 11.14, 11.02, -99.68
0, 6356819, 85753, 8599, 770.75, -79.12, 11.08, 10.09, -90.96
0, 6364635, 85287, 8550, 770.75, -79.37, 12.23, 12.89, -60.62
0, 6371870, 84977, 8512, 763.81, -79.37, 11.95, 10.81, -19.55
0, 6380104, 84940, 8497, 758.06, -79.12, 13.65, 9.98, 31.51
0, 6390172, 85313, 8467, 752.94, -78.56, 13.65, 11.50, 81.53
0, 6398853, 86134, 8418, 751.81, -78.25, 12.99, 11.50, 99.74
0, 6407101, 86945, 8515, 755.25, -78.00, 13.82, 9.52, 90.21
0, 6414513, 87696, 8605, 755.25, -77.75, 11.68, 13.36, 61.23
0, 6421929, 88153, 8657, 763.81, -77.75, 11.25, 11.47, 19.18
0, 6430339, 88163, 8682, 773.69, -78.44, 11.17, 11.92, -32.91
0, 6440226, 87778, 8684, 781.81, -79.37, 11.17, 10.14, -81.72
0, 6449348, 87095, 8732, 783.25, -79.81, 11.04, 10.14, -99.92
0, 6458333, 86485, 8669, 779.81, -79.94, 11.36, 8.61, -86.61
0, 6466746, 85930, 8615, 779.81, -80.12, 12.01, 13.40, -49.58
0, 6474299, 85699, 8589, 772.94, -79.94, 10.94, 10.54, -4.41
0, 6482060, 85758, 8571, 766.19, -79.37, 13.45, 10.25, 42.91
0, 6491305, 86242, 8547, 760.56, -79.37, 12.79, 11.40, 85.44
0, 6499887, 87055, 8522, 759.44, -79.06, 12.79, 11.40, 100.00
0, 6508625, 87941, 8625, 763.19, -78.81, 13.93, 9.43, 85.68
0, 6516999, 88740, 8715, 771.81, -78.50, 12.47, 8.82, 48.19
0, 6524269, 89048, 8751, 771.81, -79.25, 11.06, 11.87, 4.60
0, 6531860, 88981, 8782, 781.62, -80.19, 11.00, 11.38, -41.77
0, 6541515, 88577, 8781, 789.94, -80.19, 10.87, 9.80, -86.12
0, 6550457, 87852, 8799, 791.56, -80.62, 10.87, 11.18, -99.96
0, 6559733, 87215, 8738, 788.50, -80.81, 12.25, 11.18, -81.88
0, 6568311, 86634, 8683, 781.50, -80.87, 10.75, 12.69, -40.81
0, 6575999, 86371, 8656, 781.50, -80.62, 10.93, 10.32, 6.26
0, 6583017, 86445, 8639, 774.50, -80.06, 13.38, 10.76, 48.26
0, 6591710, 86931, 8607, 768.12, -80.06, 12.90, 11.21, 86.73
0, 6600241, 87774, 8606, 766.00, -79.69, 12.90, 11.21, 99.99
0, 6608792, 88639, 8701, 769.44, -79.44, 13.97, 9.36, 85.13
0, 6616510, 89402, 8786, 769.44, -79.12, 12.33, 7.69, 50.86
0, 6623451, 89757, 8829, 778.31, -79.12, 10.99, 10.84, 9.73
0, 6631728, 89711, 8848, 788.12, -79.87, 11.15, 11.65, -41.02
0, 6641767, 89188, 8848, 796.81, -80.81, 10.94, 10.83, -86.91
0, 6650356, 88526, 8852, 798.62, -81.25, 10.94, 10.83, -99.98
0, 6659985, 87818, 8792, 795.00, -81.44, 13.72, 10.94, -80.96
0, 6668549, 87264, 8741, 787.87, -81.50, 9.50, 11.20, -39.44
0, 6675893, 87031, 8718, 787.87, -81.19, 11.64, 10.20, 5.60
0, 6683643, 87134, 8700, 780.81, -80.62, 11.95, 10.67, 51.67
0, 6692242, 87676, 8675, 774.50, -80.62, 12.01, 11.41, 88.35
0, 6701127, 88581, 8702, 772.56, -80.31, 14.44, 11.51, 99.75
0, 6710203, 89635, 8812, 775.94, -80.06, 14.44, 11.51, 80.15
0, 6718649, 90548, 8907, 785.19, -79.75, 12.04, 7.90, 38.86
0, 6726044, 90907, 8944, 785.19, -80.56, 10.99, 10.60, -6.55
0, 6733647, 90803, 8955, 796.00, -81.62, 10.97, 11.91, -51.69
0, 6742415, 90332, 8953, 806.37, -81.62, 11.40, 11.13, -88.85
0, 6751036, 89553, 8939, 809.62, -82.25, 13.76, 10.70, -99.79
0, 6760471, 88731, 8871, 806.62, -82.37, 13.76, 10.70, -79.13
0, 6768927, 88115, 8820, 798.94, -82.44, 8.76, 10.38, -37.25
0, 6776311, 87894, 8797, 798.94, -82.00, 11.56, 10.07, 8.22
0, 6784922, 88071, 8752, 790.44, -81.37, 11.88, 10.35, 58.37
0, 6794325, 88815, 8748, 783.25, -81.37, 11.46, 13.08, 93.71
0, 6802044, 89594, 8807, 781.12, -81.00, 14.33, 11.75, 99.18
0, 6810643, 90730, 8923, 784.56, -80.62, 14.33, 11.75, 78.47
0, 6819033, 91781, 9028, 793.81, -80.56, 10.68, 9.66, 36.63
0, 6826424, 92166, 9066, 793.81, -81.44, 10.73, 10.92, -8.93
0, 6834063, 92038, 9078, 805.69, -82.62, 11.44, 11.12, -53.91
0, 6842945, 91496, 9077, 817.69, -82.62, 11.95, 11.15, -90.33
0, 6851370, 90788, 9057, 821.75, -83.31, 13.78, 11.15, -99.63
0, 6860860, 89994, 8983, 818.44, -83.50, 13.78, 10.80, -77.61
0, 6869495, 89321, 8920, 811.00, -83.50, 7.94, 14.34, -33.91
0, 6876867, 89059, 8895, 803.25, -83.06, 11.66, 9.91, 11.69
0, 6886126, 89241, 8867, 803.25, -82.37, 11.04, 10.16, 64.34
0, 6895343, 90011, 8864, 795.44, -81.94, 10.40, 13.47, 95.75
0, 6902921, 90860, 8933, 792.44, -81.94, 13.66, 9.28, 98.32
0, 6911477, 92175, 9060, 795.25, -81.62, 13.66, 9.28, 75.11
0, 6920584, 93306, 9163, 804.50, -81.62, 11.64, 10.21, 27.40
0, 6929211, 93570, 9193, 817.69, -82.50, 10.69, 10.92, -26.14
0, 6938069, 93275, 9203, 830.75, -83.75, 11.74, 11.62, -73.19
0, 6946170, 92627, 9211, 830.75, -83.75, 11.95, 10.91, -97.12
0, 6953270, 92057, 9177, 835.25, -84.50, 11.86, 9.38, -97.90
0, 6961769, 91404, 9119, 832.25, -84.69, 11.86, 9.38, -73.89
0, 6971150, 90791, 9055, 824.87, -84.69, 8.28, 14.90, -23.96
0, 6979568, 90668, 9036, 817.31, -84.44, 11.52, 9.95, 28.30
0, 6989976, 91091, 9028, 810.56, -83.75, 10.14, 10.30, 80.81
0, 6998534, 91973, 9033, 807.75, -83.25, 8.95, 12.06, 99.58
0, 7006057, 93012, 9133, 807.75, -83.06, 12.07, 10.21, 92.85
0, 7013421, 94205, 9244, 811.00, -83.06, 9.95, 10.05, 66.51
0, 7022276, 95169, 9332, 820.00, -83.06, 9.71, 10.05, 17.04
0, 7031192, 95240, 9352, 833.56, -83.87, 13.98, 10.93, -37.92
0, 7041797, 94713, 9354, 846.81, -85.19, 11.65, 11.50, -87.00
0, 7050392, 94104, 9343, 851.19, -86.00, 11.65, 10.65, -99.97
0, 7059080, 93527, 9292, 848.19, -86.12, 12.28, 10.53, -84.17
0, 7066563, 93082, 9258, 848.19, -86.12, 9.55, 11.36, -50.57
0, 7074320, 92792, 9233, 841.69, -86.12, 10.73, 10.65, -4.28
0, 7083060, 92846, 9225, 835.50, -85.87, 8.81, 11.05, 48.50
0, 7093157, 93441, 9224, 830.06, -85.37, 9.30, 11.05, 90.89
0, 7101565, 94405, 9265, 828.06, -85.00, 11.06, 9.68, 99.52
0, 7110375, 95543, 9363, 830.50, -84.87, 11.06, 11.46, 79.50
0, 7117739, 96353, 9449, 839.31, -84.87, 8.16, 7.52, 44.06
0, 7125055, 96691, 9485, 839.31, -84.87, 9.25, 11.28, -0.34
0, 7133362, 96573, 9494, 850.94, -85.56, 13.08, 11.82, -50.15
0, 7143439, 95991, 9496, 861.06, -86.69, 10.82, 11.82, -91.62
0, 7151792, 95334, 9459, 864.00, -87.31, 11.90, 11.10, -99.37
0, 7160658, 94591, 9386, 861.25, -87.44, 11.90, 10.85, -78.41
0, 7168452, 94072, 9340, 854.62, -87.44, 9.16, 10.77, -40.00
0, 7175648, 93886, 9322, 854.62, -87.44, 9.63, 10.14, 4.06
0, 7184212, 94015, 9315, 847.12, -87.00, 8.82, 9.86, 54.69
0, 7194328, 94775, 9311, 840.56, -86.25, 9.20, 9.86, 93.71
0, 7202200, 95429, 9353, 838.62, -86.12, 9.92, 9.77, 99.05
0, 7210779, 96368, 9450, 841.44, -86.06, 9.92, 12.25, 77.93
0, 7218159, 97157, 9527, 849.25, -86.62, 8.63, 7.98, 41.68
0, 7225521, 97516, 9563, 849.25, -86.62, 8.14, 11.47, -3.26
0, 7233944, 97401, 9573, 858.25, -87.62, 12.99, 11.64, -53.28
0, 7244151, 96798, 9574, 867.94, -88.31, 10.96, 11.64, -93.32
0, 7252200, 96195, 9547, 871.44, -88.44, 11.00, 11.22, -99.05
0, 7260818, 95425, 9471, 869.19, -88.44, 11.00, 10.67, -77.78
0, 7268326, 94828, 9409, 862.81, -88.19, 8.67, 11.11, -40.72
0, 7275641, 94537, 9378, 862.81, -88.19, 9.60, 10.44, 4.02
0, 7284580, 94660, 9372, 855.25, -87.31, 8.22, 9.76, 56.62
0, 7295204, 95459, 9361, 847.69, -86.75, 8.49, 10.18, 95.49
0, 7302720, 96090, 9422, 844.62, -86.62, 9.26, 10.18, 98.54
0, 7311462, 97172, 9529, 847.12, -86.56, 9.26, 11.09, 75.18
0, 7319106, 98090, 9618, 854.69, -87.19, 8.43, 9.26, 36.20
0, 7326177, 98400, 9651, 854.69, -87.19, 7.41, 10.15, -7.38
0, 7335461, 98202, 9659, 864.06, -88.25, 14.19, 11.59, -61.09
0, 7345851, 97497, 9669, 875.19, -89.06, 10.98, 11.20, -96.62
0, 7353262, 97060, 9632, 879.25, -89.25, 11.16, 11.20, -97.91
0, 7361747, 96333, 9557, 876.69, -89.31, 11.16, 8.97, -73.98
0, 7369824, 95748, 9503, 870.75, -89.06, 9.71, 10.48, -31.96
0, 7376696, 95487, 9475, 870.75, -88.31, 9.01, 9.87, 10.63
0, 7385879, 95626, 9466, 864.44, -88.31, 7.94, 10.29, 63.15
0, 7395912, 96474, 9458, 857.12, -87.69, 7.56, 10.84, 96.72
0, 7403237, 97198, 9532, 853.44, -87.50, 9.07, 10.84, 97.94
0, 7411681, 98362, 9644, 855.44, -87.50, 9.07, 9.71, 74.26
0, 7419044, 99270, 9734, 863.50, -88.06, 8.72, 10.02, 36.56
0, 7426259, 99653, 9776, 863.50, -88.06, 6.95, 9.95, -7.89
0, 7435921, 99498, 9785, 873.87, -89.25, 13.31, 11.36, -63.35
0, 7446229, 98858, 9797, 885.50, -90.12, 10.68, 11.36, -97.20
0, 7453367, 98390, 9788, 890.37, -90.37, 10.23, 10.77, -97.77
0, 7461873, 97762, 9703, 888.56, -90.50, 10.23, 9.13, -73.45
0, 7469319, 97266, 9647, 883.06, -90.56, 7.86, 13.24, -34.95
0, 7476477, 97087, 9626, 883.06, -90.56, 9.32, 9.71, 9.26
0, 7485956, 97265, 9613, 877.06, -89.69, 6.53, 9.78, 63.52
0, 7496243, 98094, 9619, 870.56, -89.12, 6.25, 9.78, 97.22
0, 7503581, 98785, 9686, 868.06, -88.87, 9.00, 11.05, 97.48
0, 7511892, 99932, 9800, 870.19, -88.87, 9.00, 7.05, 73.37
0, 7519270, 100909, 9899, 877.56, -89.37, 6.12, 10.94, 35.24
0, 7526723, 101393, 9951, 877.56, -89.37, 6.17, 10.27, -10.80
0, 7536461, 101239, 9962, 887.25, -90.62, 12.81, 11.97, -65.94
0, 7546576, 100547, 9987, 899.31, -91.75, 10.81, 11.97, -97.69
0, 7553948, 100020, 9983, 905.37, -92.06, 10.73, 10.04, -96.94
0, 7562075, 99360, 9904, 903.87, -92.19, 10.73, 9.30, -72.58
0, 7569475, 98904, 9839, 898.06, -92.37, 6.94, 12.59, -34.03
0, 7576965, 98758, 9804, 891.62, -92.37, 7.49, 9.95, 12.31
0, 7586432, 98994, 9772, 891.62, -91.62, 5.68, 9.71, 65.80
0, 7596561, 99823, 9794, 885.37, -90.87, 5.56, 9.71, 97.67
0, 7603757, 100589, 9865, 883.00, -90.44, 6.92, 10.33, 97.23
0, 7612057, 101943, 10005, 885.37, -90.31, 6.92, 11.26, 72.66
0, 7619442, 103180, 10123, 892.56, -91.00, 5.68, 9.73, 34.23
0, 7627017, 103829, 10186, 892.56, -91.00, 5.24, 11.94, -12.63
0, 7636556, 103670, 10208, 903.19, -92.50, 13.04, 11.77, -66.39
0, 7647112, 102975, 10246, 925.81, -93.87, 10.92, 11.08, -98.36
0, 7654673, 102304, 10249, 925.81, -94.31, 10.14, 11.08, -95.72
0, 7662540, 101547, 10172, 924.69, -94.50, 10.14, 10.25, -70.54
0, 7670247, 100985, 10109, 919.12, -94.81, 5.63, 13.84, -29.43
0, 7677424, 100763, 10076, 911.62, -94.81, 6.60, 10.32, 15.16
0, 7686808, 100962, 10010, 911.62, -94.12, 5.15, 9.57, 67.56
0, 7697012, 101849, 9992, 900.56, -93.44, 3.59, 9.57, 98.24
0, 7704232, 102870, 10090, 900.56, -93.00, 5.05, 12.95, 96.49
0, 7712215, 104438, 10229, 902.31, -92.31, 5.05, 9.73, 71.97
0, 7719177, 105562, 10374, 909.69, -93.00, 3.85, 11.33, 35.79
0, 7726747, 106022, 10432, 909.69, -93.00, 7.37, 10.85, -10.94
0, 7736889, 105848, 10471, 937.69, -94.56, 11.02, 13.53, -67.94
0, 7747794, 105148, 10506, 944.19, -96.12, 7.45, 13.53, -99.04
0, 7755066, 104483, 10455, 944.19, -96.56, 9.46, 10.30, -94.98
0, 7762707, 103670, 10371, 942.94, -96.87, 9.46, 10.45, -69.79
0, 7770235, 102978, 10303, 937.75, -96.87, 8.29, 11.28, -29.50
0, 7777788, 102648, 10273, 930.06, -96.87, 6.81, 10.25, 17.42
0, 7787237, 102808, 10229, 921.62, -96.00, 4.72, 10.19, 69.53
0, 7797334, 103680, 10167, 916.62, -95.25, 4.40, 10.19, 98.60
0, 7804593, 104608, 10246, 916.62, -94.94, 5.24, 11.65, 95.87
0, 7812428, 105897, 10407, 917.69, -94.25, 5.24, 10.61, 71.04
0, 7818839, 106726, 10514, 924.62, -94.25, 5.40, 7.29, 37.76
0, 7826813, 107138, 10562, 924.62, -94.44, 7.71, 12.98, -11.36
0, 7836703, 106964, 10608, 935.69, -96.00, 10.91, 11.62, -67.07
0, 7847760, 106157, 10622, 953.37, -97.31, 8.08, 11.62, -99.01
0, 7855265, 105397, 10544, 953.37, -97.69, 9.03, 10.43, -94.58
0, 7862882, 104540, 10460, 952.06, -98.12, 9.03, 12.56, -69.00
0, 7870026, 103868, 10387, 946.44, -97.75, 8.11, 10.58, -30.76
0, 7877710, 103458, 10343, 937.94, -97.75, 6.23, 10.56, 16.94
0, 7887321, 103507, 10316, 929.19, -96.81, 6.10, 9.89, 69.90
0, 7897157, 104348, 10228, 923.56, -95.94, 4.65, 9.89, 98.41
0, 7904115, 105215, 10322, 923.56, -95.56, 6.16, 11.34, 96.68
0, 7912193, 106476, 10481, 923.50, -95.12, 6.16, 9.10, 72.07
0, 7918804, 107258, 10574, 930.12, -95.12, 5.48, 7.84, 37.96
0, 7927000, 107678, 10620, 930.12, -95.00, 9.03, 11.93, -12.52
0, 7936827, 107529, 10665, 940.94, -96.62, 9.49, 11.40, -67.65
0, 7947016, 106818, 10686, 957.75, -97.81, 7.92, 11.40, -98.25
0, 7954109, 106062, 10610, 957.75, -98.19, 8.74, 10.06, -96.69
0, 7962473, 105059, 10513, 956.81, -98.62, 8.74, 11.81, -70.84
0, 7969378, 104422, 10446, 951.44, -98.62, 8.37, 10.08, -34.60
0, 7977381, 103987, 10397, 942.37, -98.31, 6.70, 10.17, 14.89
0, 7987228, 104008, 10376, 933.31, -97.25, 6.09, 9.97, 69.48
0, 7997131, 104832, 10292, 933.31, -96.44, 4.40, 9.97, 98.38
0, 8004135, 105696, 10385, 927.87, -96.06, 5.22, 11.31, 96.65
0, 8012394, 106994, 10540, 927.62, -95.75, 5.22, 8.29, 71.19
0, 8019065, 107906, 10642, 934.00, -95.75, 5.73, 9.77, 36.44
0, 8027409, 108360, 10692, 934.00, -95.50, 9.13, 12.08, -15.07
0, 8037270, 108169, 10743, 957.00, -97.12, 10.13, 10.79, -69.67
0, 8048577, 107419, 10742, 963.25, -98.37, 8.70, 10.79, -99.60
0, 8056178, 106615, 10668, 963.25, -98.81, 7.43, 10.34, -92.56
0, 8063759, 105697, 10575, 962.31, -99.25, 7.43, 12.74, -64.91
0, 8071525, 105007, 10505, 957.31, -99.00, 8.24, 10.30, -21.67
0, 8079047, 104733, 10473, 949.19, -99.00, 7.13, 10.27, 25.14
0, 8089106, 104970, 10446, 939.69, -98.00, 6.19, 9.31, 77.47
0, 8099312, 105851, 10406, 934.25, -97.12, 5.65, 11.33, 99.91
0, 8107072, 106815, 10524, 934.25, -96.75, 5.39, 11.33, 90.29
0, 8114065, 107848, 10634, 934.75, -96.50, 5.39, 7.03, 63.44
0, 8120926, 108575, 10711, 940.44, -96.37, 5.83, 10.66, 25.33
0, 8128431, 108787, 10737, 950.00, -96.37, 9.18, 10.97, -21.38
0, 8138888, 108484, 10797, 961.37, -97.69, 9.56, 9.82, -76.59
0, 8149259, 107715, 10773, 966.87, -98.75, 9.01, 11.64, -99.89
0, 8157205, 106875, 10695, 965.50, -99.12, 7.07, 11.64, -89.93
0, 8164301, 106030, 10610, 965.50, -99.62, 8.42, 11.94, -62.28
0, 8171602, 105406, 10546, 960.56, -99.31, 8.42, 10.40, -21.20
0, 8179097, 105131, 10514, 952.56, -99.31, 8.77, 9.92, 25.45
0, 8189373, 105384, 10491, 943.06, -98.37, 6.57, 9.49, 78.52
0, 8199813, 106300, 10457, 937.62, -97.50, 5.71, 9.76, 99.99
0, 8208266, 107347, 10582, 938.00, -97.12, 5.86, 9.76, 86.82
0, 8214677, 108286, 10682, 938.00, -96.94, 6.19, 6.46, 60.42
0, 8221598, 108991, 10751, 943.62, -96.75, 6.19, 10.97, 21.22
0, 8229106, 109112, 10774, 952.81, -96.75, 9.21, 11.23, -25.50
0, 8239416, 108770, 10831, 964.19, -97.94, 9.68, 9.24, -78.68
0, 8249907, 108034, 10804, 969.75, -99.06, 9.09, 12.47, -100.00
0, 8259677, 107021, 10711, 968.19, -99.44, 6.74, 12.47, -82.08
0, 8266556, 106201, 10628, 968.19, -99.87, 8.67, 11.64, -50.61
0, 8275502, 105580, 10563, 963.69, -99.62, 8.56, 10.91, 3.14
0, 8283271, 105510, 10543, 956.06, -98.81, 6.66, 9.71, 49.65
0, 8292796, 106082, 10509, 946.75, -97.87, 5.89, 10.14, 89.92
0, 8301868, 106874, 10526, 940.75, -97.44, 5.54, 10.16, 99.31
0, 8310865, 108133, 10663, 941.06, -97.44, 5.54, 8.16, 77.60
0, 8317306, 109015, 10751, 941.06, -97.25, 8.32, 8.16, 46.49
0, 8325868, 109462, 10797, 946.75, -97.06, 8.76, 10.02, -5.44
0, 8333444, 109334, 10835, 955.75, -98.25, 9.73, 12.14, -50.59
0, 8342922, 108816, 10864, 967.31, -99.31, 8.60, 11.75, -90.27
0, 8352021, 108149, 10818, 972.50, -99.69, 6.63, 12.32, -99.20
0, 8361086, 107187, 10729, 970.81, -99.69, 6.63, 11.72, -76.71
0, 8367665, 106444, 10653, 970.81, -100.12, 8.93, 11.72, -44.48
0, 8376534, 105865, 10593, 966.06, -99.94, 8.31, 10.74, 9.61
0, 8384202, 105859, 10575, 958.75, -99.12, 7.14, 9.94, 54.64
0, 8393261, 106426, 10542, 949.75, -98.25, 5.48, 9.32, 91.16
0, 8402097, 107248, 10572, 943.50, -98.00, 6.32, 10.84, 99.13
0, 8410991, 108532, 10707, 943.62, -98.00, 6.32, 10.84, 77.09
0, 8417652, 109394, 10786, 943.62, -97.81, 8.78, 9.18, 44.56
0, 8426334, 109778, 10829, 949.25, -98.94, 9.44, 10.90, -8.36
0, 8433733, 109572, 10880, 958.50, -100.00, 8.52, 12.15, -52.15
0, 8443700, 109012, 10891, 970.06, -100.44, 7.48, 10.39, -92.26
0, 8452895, 108384, 10841, 975.06, -100.81, 7.81, 12.40, -98.35
0, 8462109, 107428, 10754, 972.94, -100.81, 7.81, 10.78, -72.43
0, 8469004, 106719, 10682, 968.25, -100.62, 8.79, 10.78, -36.80
0, 8478368, 106174, 10625, 961.62, -99.87, 8.17, 10.92, 20.99
0, 8487682, 106276, 10606, 953.00, -99.06, 7.25, 10.40, 71.51
0, 8497627, 107033, 10557, 946.62, -98.56, 5.99, 9.39, 98.89
0, 8504372, 107797, 10631, 946.62, -98.37, 6.52, 10.71, 96.25
0, 8512472, 109034, 10753, 945.87, -98.37, 6.52, 8.89, 70.84
0, 8518887, 109798, 10829, 951.06, -98.06, 8.61, 8.89, 37.48
0, 8527394, 110054, 10860, 951.06, -99.12, 9.32, 10.63, -14.97
0, 8537230, 109715, 10913, 960.37, -100.19, 8.41, 12.49, -69.49
0, 8547758, 109057, 10898, 977.44, -100.62, 7.73, 9.45, -99.01
0, 8554611, 108498, 10853, 977.44, -101.06, 7.29, 11.93, -95.84
0, 8563440, 107604, 10772, 975.50, -100.87, 7.29, 10.58, -66.42
0, 8571234, 106887, 10699, 970.69, -100.87, 8.93, 10.95, -23.45
0, 8580604, 106480, 10656, 964.19, -100.19, 8.10, 10.45, 34.48
0, 8590523, 106779, 10642, 955.87, -99.37, 7.18, 9.30, 82.78
0, 8600639, 107685, 10614, 949.50, -98.87, 6.42, 11.88, 99.92
0, 8609212, 108894, 10739, 948.69, -98.69, 6.98, 11.88, 83.72
0, 8615629, 109822, 10829, 948.69, -98.37, 8.85, 6.37, 55.55
0, 8622671, 110368, 10888, 953.56, -99.37, 9.06, 10.51, 14.59
0, 8630625, 110378, 10918, 963.06, -99.37, 9.06, 11.73, -34.60
0, 8640722, 109937, 10957, 974.87, -100.50, 8.04, 9.91, -83.48
0, 8650671, 109289, 10922, 980.44, -100.94, 8.11, 11.74, -99.91
0, 8660331, 108372, 10843, 979.00, -101.37, 7.07, 11.74, -79.67
0, 8667872, 107666, 10779, 974.62, -101.25, 8.58, 10.13, -43.31
0, 8676685, 107142, 10726, 974.62, -100.56, 8.20, 11.04, 10.56
0, 8684213, 107133, 10713, 968.06, -99.87, 7.47, 10.04, 54.70
0, 8692854, 107651, 10700, 960.00, -99.44, 6.57, 9.89, 90.08
0, 8702095, 108616, 10717, 954.19, -99.25, 6.96, 13.10, 99.14
0, 8711065, 109945, 10844, 953.75, -99.25, 6.96, 13.10, 76.80
0, 8717491, 110734, 10929, 953.75, -99.00, 8.74, 6.20, 45.46
0, 8725088, 111215, 10984, 959.31, -99.94, 8.64, 10.45, -0.54
0, 8732550, 111168, 11012, 969.19, -101.12, 7.73, 11.68, -45.67
0, 8743149, 110676, 11050, 980.75, -101.69, 7.70, 9.45, -90.87
0, 8752247, 110208, 11017, 986.94, -101.69, 8.82, 12.93, -99.01
0, 8762166, 109349, 10935, 986.00, -102.12, 8.82, 12.93, -72.19
0, 8770276, 108709, 10877, 982.25, -102.12, 7.94, 11.18, -29.26
0, 8780206, 108424, 10851, 977.12, -101.50, 8.73, 9.98, 32.12
0, 8790325, 108768, 10833, 969.87, -100.81, 8.78, 9.74, 82.08
0, 8800436, 109736, 10821, 964.87, -100.56, 8.94, 9.74, 99.96
0, 8809246, 111058, 10966, 965.00, -100.31, 7.27, 13.31, 83.60
0, 8815661, 112122, 11074, 965.00, -100.12, 11.55, 7.30, 55.38
0, 8822532, 112943, 11156, 969.87, -100.12, 11.55, 10.87, 15.46
0, 8832036, 113229, 11203, 980.06, -102.62, 7.96, 10.97, -42.77
0, 8842571, 112733, 11241, 993.56, -103.37, 6.60, 9.99, -89.30
0, 8852182, 112173, 11204, 1002.75, -103.37, 9.59, 12.02, -99.06
0, 8862105, 111412, 11137, 1003.44, -103.75, 9.59, 12.02, -72.45
0, 8869571, 110978, 11096, 999.31, -103.75, 8.55, 11.42, -33.46
0, 8879137, 110880, 11082, 993.69, -103.19, 9.60, 9.97, 25.69
0, 8888510, 111106, 11060, 987.69, -102.69, 9.81, 10.01, 75.04
0, 8897130, 111755, 11041, 987.69, -102.50, 9.42, 9.83, 98.38
0, 8904177, 112716, 11135, 984.56, -102.31, 10.17, 10.68, 96.58
0, 8913315, 114532, 11302, 985.44, -102.31, 10.17, 10.68, 67.01
0, 8920696, 115809, 11432, 989.94, -102.19, 13.02, 9.06, 26.73
0, 8929542, 116443, 11497, 1000.81, -103.37, 10.75, 10.39, -28.14
0, 8939823, 116224, 11526, 1017.31, -105.06, 5.30, 11.86, -80.24
0, 8950763, 115538, 11508, 1029.63, -106.06, 6.07, 9.87, -99.89
0, 8960129, 114717, 11431, 1031.69, -106.31, 9.89, 10.79, -80.43
0, 8967202, 114132, 11375, 1031.69, -106.37, 9.18, 11.34, -47.07
0, 8974770, 113729, 11340, 1027.81, -105.75, 10.51, 11.22, -1.46
0, 8982836, 113742, 11322, 1021.62, -105.06, 11.84, 9.88, 47.26
0, 8992497, 114221, 11299, 1013.94, -104.69, 11.64, 10.73, 89.09
0, 9002493, 115448, 11399, 1008.87, -104.69, 11.12, 9.48, 98.78
0, 9011382, 117133, 11546, 1009.19, -104.50, 11.12, 9.48, 75.51
0, 9017870, 118167, 11641, 1009.19, -104.62, 14.70, 10.89, 43.33
0, 9024753, 118685, 11677, 1014.37, -105.87, 7.90, 10.26, 1.56
0, 9032601, 118697, 11702, 1026.50, -107.25, 5.43, 12.25, -45.95
0, 9044183, 118096, 11775, 1042.63, -107.75, 8.31, 10.06, -93.39
0, 9054406, 117421, 11715, 1051.69, -108.12, 8.61, 11.18, -96.20
0, 9064096, 116707, 11644, 1051.69, -108.12, 8.61, 11.52, -63.29
0, 9072227, 116310, 11600, 1047.00, -108.50, 11.09, 10.61, -17.35
0, 9082340, 116252, 11581, 1041.00, -107.31, 13.17, 9.96, 44.49
0, 9093716, 116805, 11538, 1034.69, -106.94, 12.63, 10.84, 92.30
0, 9104006, 117873, 11609, 1030.69, -106.75, 12.58, 10.44, 96.85
0, 9113774, 119218, 11706, 1031.00, -106.75, 12.58, 8.42, 64.84
0, 9121992, 120138, 11805, 1035.75, -106.56, 10.63, 8.94, 18.80
0, 9132202, 120419, 11840, 1045.13, -107.37, 6.99, 11.13, -43.71
0, 9143569, 119933, 11867, 1057.38, -109.00, 8.92, 11.41, -91.94
0, 9154289, 119192, 11906, 1066.50, -109.19, 9.58, 8.48, -96.39
0, 9164069, 118401, 11831, 1067.69, -109.19, 11.78, 13.17, -63.42
0, 9172347, 117839, 11769, 1063.44, -109.62, 10.46, 10.97, -16.60
0, 9182329, 117689, 11742, 1057.19, -109.56, 13.26, 9.88, 44.43
0, 9193823, 118300, 11688, 1049.88, -108.37, 13.87, 11.08, 92.56
0, 9204296, 119201, 11705, 1044.19, -108.19, 11.17, 10.31, 96.38
0, 9214109, 120546, 11842, 1043.81, -108.19, 14.88, 10.11, 63.22
0, 9222290, 121370, 11933, 1048.69, -107.75, 14.10, 10.76, 16.96
0, 9232385, 121519, 11967, 1056.69, -108.19, 7.92, 11.38, -44.74
0, 9243661, 120965, 12001, 1068.88, -109.31, 9.57, 10.41, -92.17
0, 9254119, 120270, 12020, 1077.56, -110.06, 9.21, 10.09, -96.67
0, 9263705, 119589, 11956, 1078.06, -110.31, 9.21, 10.09, -65.17
0, 9271425, 119093, 11894, 1073.31, -110.81, 11.59, 11.09, -22.29
0, 9280623, 118908, 11872, 1067.19, -110.62, 10.90, 10.36, 34.59
0, 9291549, 119382, 11818, 1060.56, -110.00, 15.60, 11.62, 86.22
0, 9302189, 120339, 11823, 1055.38, -109.50, 11.62, 11.62, 99.06
0, 9311755, 121554, 11948, 1055.19, -109.25, 11.62, 9.97, 73.95
0, 9318510, 122280, 12033, 1060.25, -108.75, 14.58, 7.81, 39.67
0, 9325254, 122608, 12070, 1060.25, -108.75, 13.24, 10.42, -1.58
0, 9333391, 122538, 12098, 1069.19, -109.31, 8.40, 11.45, -50.30
0, 9343371, 122038, 12115, 1080.88, -110.50, 10.80, 10.36, -91.45
0, 9353575, 121424, 12152, 1088.19, -111.12, 9.34, 10.35, -97.49
0, 9364185, 120680, 12073, 1088.06, -111.37, 9.34, 10.35, -62.85
0, 9372512, 120231, 12014, 1083.38, -111.81, 11.25, 10.59, -15.58
0, 9382803, 120160, 11994, 1077.69, -111.75, 13.66, 9.58, 47.08
0, 9394361, 120822, 11944, 1071.31, -111.06, 14.59, 9.78, 93.78
0, 9405053, 121792, 11976, 1066.38, -110.56, 11.10, 11.22, 95.01
0, 9414516, 122885, 12093, 1066.19, -110.37, 11.10, 11.22, 61.22
0, 9422255, 123491, 12164, 1071.31, -109.87, 15.33, 8.81, 17.17
0, 9432135, 123545, 12192, 1079.56, -110.31, 9.01, 11.29, -43.33
0, 9444481, 122942, 12222, 1090.31, -111.44, 10.98, 10.48, -94.04
0, 9455205, 122305, 12250, 1097.50, -112.06, 9.91, 9.70, -94.70
0, 9464562, 121780, 12196, 1097.50, -112.25, 12.21, 9.70, -60.99
0, 9473025, 121428, 12153, 1092.81, -112.62, 12.26, 13.04, -12.39
0, 9483437, 121398, 12132, 1087.25, -112.75, 12.98, 9.97, 50.55
0, 9494852, 122091, 12088, 1081.88, -112.19, 14.62, 10.06, 94.81
0, 9505343, 122998, 12106, 1077.81, -111.81, 12.05, 11.16, 94.42
0, 9514266, 123965, 12210, 1077.63, -111.62, 12.05, 11.16, 62.46
0, 9522298, 124592, 12281, 1082.63, -111.12, 14.34, 9.49, 16.91
0, 9532135, 124682, 12307, 1090.63, -111.44, 9.73, 11.26, -43.33
0, 9544450, 124066, 12329, 1100.88, -112.44, 10.82, 10.77, -93.98
0, 9555169, 123315, 12360, 1108.13, -113.06, 10.36, 9.25, -94.78
0, 9564026, 122790, 12304, 1108.56, -113.25, 10.36, 9.25, -63.63
0, 9571919, 122458, 12263, 1103.75, -113.56, 11.87, 12.54, -19.25
0, 9581145, 122427, 12244, 1097.19, -113.75, 12.71, 10.49, 37.65
0, 9592238, 122983, 12207, 1091.38, -113.19, 14.11, 10.83, 88.34
0, 9603636, 123944, 12210, 1087.50, -112.81, 11.87, 10.83, 97.40
0, 9613181, 124989, 12319, 1087.88, -112.31, 11.87, 10.39, 67.63
0, 9620106, 125620, 12390, 1093.25, -111.87, 13.64, 9.69, 30.28
0, 9627350, 125837, 12416, 1093.25, -112.25, 12.10, 10.47, -14.70
0, 9636368, 125638, 12432, 1101.38, -112.87, 10.29, 11.13, -65.50
0, 9645961, 124936, 12459, 1111.69, -113.06, 10.90, 11.03, -96.79
0, 9656115, 124317, 12445, 1119.19, -113.06, 10.54, 6.43, -92.71
0, 9664125, 123802, 12403, 1119.19, -113.31, 10.54, 6.43, -63.15
0, 9672091, 123411, 12363, 1114.06, -113.31, 13.39, 11.42, -18.19
0, 9681416, 123364, 12346, 1107.50, -112.87, 12.29, 10.52, 39.22
0, 9693310, 123945, 12300, 1101.25, -112.50, 14.30, 11.21, 91.29
0, 9704776, 125003, 12320, 1096.69, -112.25, 12.21, 10.43, 95.53
0, 9714428, 126085, 12436, 1096.75, -111.81, 12.21, 10.43, 61.66
0, 9722359, 126720, 12507, 1101.75, -112.06, 13.33, 9.82, 16.53
0, 9731805, 126778, 12529, 1110.25, -113.06, 10.53, 10.32, -41.45
0, 9743289, 126131, 12546, 1120.75, -113.81, 11.03, 10.22, -91.24
0, 9755114, 125369, 12532, 1128.69, -114.00, 11.24, 10.22, -94.89
0, 9764675, 124802, 12487, 1129.00, -114.19, 12.37, 10.48, -60.43
0, 9772656, 124472, 12458, 1123.56, -114.06, 12.37, 10.85, -14.69
0, 9782741, 124468, 12447, 1117.13, -113.69, 13.11, 10.85, 46.73
0, 9794496, 125207, 12414, 1111.31, -113.37, 13.62, 10.81, 94.08
0, 9805496, 126214, 12450, 1107.19, -113.25, 12.22, 10.81, 94.10
0, 9814491, 127222, 12556, 1107.19, -112.87, 12.22, 12.04, 61.35
0, 9822156, 127864, 12621, 1112.56, -113.06, 12.95, 6.35, 17.79
0, 9830658, 127981, 12643, 1121.06, -114.12, 11.40, 11.26, -34.79
0, 9841420, 127537, 12664, 1131.69, -114.81, 10.67, 10.84, -85.81
0, 9852817, 126656, 12642, 1139.94, -115.06, 11.53, 10.16, -98.44
0, 9862267, 125994, 12584, 1140.69, -115.19, 11.53, 11.26, -71.75
0, 9869466, 125638, 12554, 1135.88, -114.94, 11.53, 10.66, -34.09
0, 9876384, 125510, 12542, 1135.88, -114.94, 13.29, 10.35, 8.67
0, 9886232, 125699, 12524, 1128.44, -114.44, 12.95, 9.62, 64.85
0, 9896887, 126587, 12479, 1121.81, -114.12, 13.67, 10.13, 98.09
0, 9907118, 127592, 12589, 1117.63, -113.94, 11.78, 11.98, 90.17
0, 9914555, 128493, 12680, 1118.13, -113.75, 12.27, 11.98, 61.03
0, 9921181, 129066, 12734, 1123.38, -114.19, 12.27, 8.74, 23.78
0, 9927681, 129194, 12750, 1123.38, -114.19, 10.88, 11.51, -16.75
0, 9939290, 128839, 12772, 1143.81, -115.87, 11.21, 10.33, -78.19
0, 9951136, 127942, 12762, 1152.06, -116.12, 11.15, 10.82, -99.75
0, 9961745, 127291, 12701, 1151.94, -116.19, 12.21, 10.73, -73.99
0, 9969543, 126857, 12658, 1147.50, -116.00, 10.79, 10.59, -33.63
0, 9977605, 126688, 12641, 1147.50, -116.00, 12.23, 10.56, 16.28
0, 9988461, 126895, 12629, 1134.13, -115.06, 12.82, 9.41, 74.84
0, 9998621, 127871, 12609, 1129.50, -114.87, 13.50, 9.95, 99.62
