********************************************************************************
Obsolete PIO Core v6.1.11 is used (previous was 6.1.14)
Please remove multiple PIO Cores from a system:
https://docs.platformio.org/en/latest/core/installation/troubleshooting.html
********************************************************************************
--- Terminal on /dev/cu.usbmodem14303 | 230400 8-N-1
--- Available filters and text transformations: colorize, debug, default, direct, hexlify, log2file, nocontrol, printable, send_on_enter, time
--- More details at https://bit.ly/pio-monitor-filters
--- Quit: Ctrl+C | Menu: Ctrl+T | Help: Ctrl+T followed by Ctrl+H
start
pain
Waiting for ODrive...
pin
found ODrive
DC voltage: 23.99
Enabling closed loop control...
ODrive running!
end time:10000000
0, 33, -65536, 65535, -6.81, -0.06, 11.99, 9.51, 100.00
0, 7548, 280, -10, -6.81, -0.06, 12.01, 9.57, 99.19
0, 16446, 953, -23, -6.81, -0.06, 13.30, 9.91, 96.18
0, 23190, 1165, -52, -6.81, -0.06, 15.09, 9.91, 92.46
0, 30128, 1343, -36, -5.69, 0.06, 8.48, 9.18, 87.38
0, 40038, 1606, -10, 0.44, 0.44, 12.61, 8.82, 78.08
0, 49681, 1777, 9, 4.62, 0.25, 12.61, 10.58, 66.94
0, 55771, 1838, 16, 7.19, 0.25, 11.49, 8.82, 58.97
0, 63737, 1894, 21, 7.19, 0.00, 11.73, 8.82, 47.63
0, 69617, 1922, 23, 9.56, -0.19, 11.95, 9.71, 38.70
0, 77472, 1926, 24, 10.81, -0.19, 11.95, 9.48, 26.18
0, 85346, 1917, 27, 11.56, -0.25, 11.98, 9.66, 13.18
0, 93668, 1901, 32, 11.56, -0.25, 11.94, 9.70, -0.81
0, 102716, 1861, 37, 11.88, -0.31, 11.99, 9.70, -15.99
0, 110692, 1767, 43, 11.81, -0.37, 11.99, 9.67, -29.08
0, 116714, 1653, 51, 11.63, -0.37, 11.90, 9.89, -38.62
0, 123467, 1502, 56, 11.63, -0.44, 11.70, 9.89, -48.85
0, 130044, 1301, 63, 11.13, -0.50, 11.54, 9.78, -58.20
0, 139059, 928, 85, 9.81, -0.62, 11.57, 9.58, -69.84
0, 148382, 801, 83, 7.62, -0.75, 11.57, 9.94, -80.18
0, 155150, 733, 78, 7.62, -0.75, 13.70, 10.34, -86.46
0, 163187, 629, 69, 4.25, -0.81, 12.15, 10.34, -92.46
0, 168996, 533, 61, 1.50, -0.81, 11.92, 9.63, -95.74
0, 177157, 315, 42, 0.44, -0.81, 11.92, 9.77, -98.79
0, 185224, 98, 22, -0.81, -0.69, 11.50, 9.76, -99.98
0, 194117, -31, 10, -0.81, -0.56, 11.79, 9.76, -99.15
0, 202978, -103, 5, -2.81, -0.31, 12.78, 9.77, -96.11
0, 210996, -119, 3, -5.50, -0.19, 12.26, 9.69, -91.51
0, 217148, -118, 3, -7.06, -0.19, 12.26, 9.84, -86.85
0, 224416, -117, 2, -7.06, -0.13, 12.37, 9.84, -80.14
0, 230654, -116, 2, -7.81, -0.06, 11.96, 9.76, -73.42
0, 239370, -114, 2, -8.00, -0.06, 12.01, 9.68, -62.69
0, 248800, -108, 1, -7.94, -0.06, 12.01, 9.79, -49.57
0, 255564, -102, -1, -7.94, -0.06, 12.07, 9.74, -39.37
0, 263654, -95, -2, -7.94, -0.06, 11.99, 9.74, -26.51
0, 269636, -88, -3, -7.87, -0.06, 11.99, 9.81, -16.67
0, 277659, -78, -6, -7.81, -0.06, 11.99, 9.80, -3.22
0, 285687, -54, -9, -7.75, -0.06, 12.01, 9.74, 10.29
0, 293916, 14, -11, -7.75, 0.00, 12.01, 9.74, 23.95
0, 302798, 172, -13, -7.62, 0.00, 12.19, 9.79, 38.16
0, 309681, 343, -14, -7.44, 0.06, 12.19, 9.72, 48.60
0, 316969, 590, -17, -6.75, 0.06, 12.53, 9.58, 58.95
0, 324837, 852, -43, -5.00, 0.06, 12.28, 9.58, 69.11
0, 333677, 974, -58, -5.00, 0.06, 11.53, 9.89, 79.08
0, 343167, 1127, -55, -2.31, 0.25, 11.82, 10.99, 87.82
0, 352228, 1309, -39, 0.94, 0.50, 12.32, 10.08, 94.07
0, 359110, 1480, -23, 2.56, 0.50, 12.32, 9.63, 97.37
0, 365915, 1673, -3, 4.12, 0.50, 12.12, 9.63, 99.34
0, 372660, 1821, 13, 4.12, 0.31, 12.09, 9.65, 100.00
0, 379411, 1975, 27, 6.12, 0.13, 11.77, 9.87, 99.37
0, 387309, 2235, 51, 8.69, 0.13, 11.77, 9.82, 97.01
0, 396752, 2621, 88, 11.00, -0.13, 12.46, 9.68, 91.93
0, 404609, 2859, 116, 11.00, -0.37, 12.21, 9.68, 85.93
0, 412513, 3054, 131, 13.56, -0.69, 12.05, 9.72, 78.38
0, 418462, 3216, 146, 17.25, -0.69, 12.05, 10.04, 71.77
0, 426628, 3454, 170, 20.69, -1.00, 12.05, 10.04, 61.53
0, 433601, 3606, 189, 20.69, -1.25, 11.93, 9.68, 51.86
0, 442546, 3664, 195, 23.12, -1.44, 11.83, 9.79, 38.43
0, 450471, 3658, 198, 25.87, -1.69, 11.83, 9.54, 25.79
0, 457222, 3650, 199, 28.25, -1.69, 11.59, 9.70, 14.66
0, 465078, 3636, 202, 28.94, -1.81, 11.88, 9.70, 1.47
0, 471258, 3615, 203, 28.94, -1.81, 11.82, 9.72, -8.94
0, 478674, 3549, 203, 28.87, -1.81, 11.82, 9.72, -21.29
0, 486755, 3453, 205, 28.69, -1.87, 11.65, 9.81, -34.36
0, 495913, 3280, 207, 28.31, -1.87, 11.90, 9.81, -48.39
0, 503624, 2995, 212, 28.31, -1.94, 11.78, 9.76, -59.32
0, 510272, 2699, 223, 27.31, -1.94, 11.36, 9.62, -67.95
0, 517260, 2465, 228, 25.75, -1.94, 11.36, 9.62, -76.10
0, 524438, 2227, 222, 25.75, -2.00, 12.74, 9.51, -83.38
0, 530726, 1965, 197, 22.62, -2.06, 11.61, 10.20, -88.75
0, 538571, 1657, 169, 18.56, -2.06, 11.61, 9.83, -94.05
0, 547391, 1314, 138, 15.38, -2.06, 11.58, 9.68, -98.05
0, 555217, 926, 101, 11.50, -1.75, 12.19, 9.68, -99.78
0, 562934, 579, 69, 11.50, -1.44, 11.36, 9.71, -99.80
0, 569008, 339, 47, 7.69, -1.12, 11.36, 9.92, -98.62
0, 577262, 66, 20, 3.31, -1.12, 12.06, 9.92, -95.37
0, 584848, -40, 10, -1.12, -0.69, 12.33, 9.69, -90.76
0, 591945, -65, 8, -1.12, -0.37, 13.20, 9.72, -85.10
0, 600146, -62, 7, -4.94, -0.13, 13.20, 9.72, -77.05
0, 607105, -59, 7, -6.94, -0.13, 12.52, 9.78, -69.06
0, 615307, -55, 6, -7.44, -0.06, 12.16, 9.78, -58.43
0, 621797, -50, 5, -7.44, -0.06, 12.09, 9.75, -49.22
0, 629076, -45, 5, -7.37, -0.06, 12.00, 9.68, -38.20
0, 637816, -38, 3, -7.37, -0.06, 12.00, 9.78, -24.22
0, 647349, -26, 1, -7.25, -0.06, 12.00, 9.78, -8.38
0, 655241, -5, -3, -7.25, -0.06, 12.04, 9.73, 4.91
0, 662096, 39, -5, -7.19, 0.00, 12.04, 9.77, 16.39
0, 669005, 136, -6, -7.12, 0.00, 12.04, 9.76, 27.74
0, 677211, 302, -7, -6.94, 0.00, 12.19, 9.76, 40.72
0, 683979, 477, -9, -6.94, 0.06, 12.44, 9.69, 50.86
0, 690434, 701, -12, -6.31, 0.06, 12.19, 9.69, 59.90
0, 699106, 916, -50, -4.81, 0.06, 12.19, 9.75, 70.93
0, 706945, 1028, -53, -2.50, 0.06, 11.77, 9.75, 79.60
0, 715395, 1182, -50, 0.69, 0.13, 11.69, 11.02, 87.38
0, 721492, 1309, -38, 0.69, 0.50, 12.37, 8.79, 91.91
0, 729049, 1498, -21, 2.50, 0.50, 12.37, 10.22, 96.17
0, 737354, 1720, 2, 4.12, 0.50, 12.04, 9.62, 99.05
0, 747136, 1926, 23, 6.12, 0.37, 12.17, 9.62, 99.96
0, 755288, 2175, 46, 8.69, 0.19, 11.83, 9.67, 98.65
0, 762252, 2448, 71, 8.69, -0.06, 12.49, 9.84, 96.05
0, 769247, 2728, 101, 10.94, -0.06, 12.19, 9.65, 92.11
0, 777420, 2945, 122, 13.50, -0.25, 12.19, 9.65, 85.89
0, 785320, 3165, 142, 17.19, -0.56, 11.90, 9.50, 78.33
0, 792240, 3388, 164, 17.19, -0.94, 12.04, 10.01, 70.56
0, 799580, 3604, 187, 20.69, -0.94, 11.96, 9.82, 61.27
0, 807423, 3699, 199, 23.31, -1.19, 11.96, 9.82, 50.32
0, 815809, 3711, 201, 26.37, -1.44, 11.60, 9.59, 37.65
0, 821874, 3705, 203, 26.37, -1.69, 11.64, 9.85, 28.00
0, 829165, 3697, 204, 28.75, -1.69, 11.64, 9.70, 16.02
0, 837251, 3683, 207, 29.37, -1.81, 11.88, 9.70, 2.45
0, 846068, 3639, 208, 29.31, -1.81, 11.89, 9.72, -12.38
0, 852722, 3568, 209, 29.31, -1.81, 11.87, 9.78, -23.40
0, 859324, 3473, 209, 29.19, -1.81, 11.77, 9.84, -34.06
0, 867540, 3320, 212, 28.87, -1.87, 11.77, 9.84, -46.71
0, 875236, 3056, 217, 28.00, -1.87, 11.82, 9.62, -57.75
0, 881331, 2791, 226, 28.00, -1.94, 11.49, 9.63, -65.82
0, 888841, 2534, 233, 26.50, -1.94, 11.49, 9.77, -74.80
0, 897528, 2279, 226, 24.00, -2.00, 11.99, 9.77, -83.68
0, 905240, 1956, 196, 24.00, -2.06, 12.15, 9.42, -90.07
0, 911944, 1689, 172, 20.00, -2.12, 11.41, 9.71, -94.40
0, 918937, 1419, 148, 16.94, -2.12, 11.41, 9.67, -97.62
0, 926856, 1033, 112, 13.44, -1.94, 12.13, 9.67, -99.64
0, 933607, 707, 81, 13.44, -1.62, 11.67, 9.80, -99.96
0, 940421, 439, 56, 9.50, -1.31, 11.72, 9.72, -98.97
0, 949092, 116, 25, 5.37, -1.31, 11.72, 9.59, -95.83
0, 957200, -20, 12, 0.62, -0.88, 12.71, 9.59, -91.04
0, 964939, -55, 9, -3.37, -0.50, 13.37, 9.82, -84.89
0, 971217, -52, 8, -3.37, -0.19, 12.62, 9.78, -78.83
0, 978853, -50, 8, -6.31, -0.19, 12.62, 9.78, -70.28
0, 986960, -46, 7, -7.25, -0.13, 12.40, 9.71, -59.93
0, 996240, -40, 6, -7.31, -0.06, 12.11, 9.76, -46.73
0, 1003022, -33, 5, -7.31, -0.06, 12.03, 9.80, -36.34
0, 1009841, -27, 4, -7.25, -0.06, 12.05, 9.77, -25.42
0, 1017707, -18, 2, -7.19, -0.06, 12.05, 9.77, -12.41
0, 1025317, -2, -2, -7.12, -0.06, 12.04, 9.75, 0.39
0, 1031527, 25, -3, -7.12, -0.06, 12.05, 9.77, 10.83
0, 1038967, 108, -4, -7.06, 0.00, 12.16, 9.68, 23.18
0, 1047853, 269, -6, -6.87, 0.00, 12.16, 9.68, 37.44
0, 1055406, 445, -8, -6.87, 0.06, 12.40, 9.81, 48.91
0, 1061105, 630, -10, -6.50, 0.06, 12.39, 9.60, 57.05
0, 1068806, 889, -27, -5.25, 0.06, 12.39, 9.60, 67.20
0, 1076810, 964, -55, -3.25, 0.06, 11.93, 9.87, 76.55
0, 1083561, 1069, -51, -3.25, 0.13, 11.33, 10.21, 83.36
0, 1090557, 1208, -47, -0.31, 0.25, 12.50, 9.45, 89.28
0, 1099381, 1409, -29, 2.06, 0.25, 12.50, 10.26, 94.97
0, 1107668, 1637, -7, 3.31, 0.19, 12.03, 10.26, 98.41
0, 1115516, 1814, 12, 5.25, 0.06, 12.20, 9.73, 99.89
0, 1121919, 1958, 25, 5.25, -0.19, 12.21, 9.58, 99.81
0, 1129486, 2202, 48, 7.56, -0.19, 12.21, 9.89, 98.22
0, 1137719, 2535, 80, 10.13, -0.44, 12.38, 9.89, 94.68
0, 1147252, 2853, 114, 12.31, -0.69, 12.40, 9.80, 88.31
0, 1154155, 3031, 129, 12.31, -1.00, 12.11, 9.53, 82.26
0, 1160755, 3222, 148, 15.63, -1.00, 11.94, 10.02, 75.44
0, 1168590, 3478, 174, 19.50, -1.31, 11.94, 10.02, 66.14
0, 1176473, 3658, 195, 22.25, -1.56, 12.02, 9.67, 55.62
0, 1183222, 3705, 200, 22.25, -1.81, 11.83, 9.88, 45.83
0, 1189985, 3703, 201, 25.06, -1.81, 11.58, 9.79, 35.42
0, 1199635, 3697, 202, 28.00, -2.00, 11.58, 9.79, 19.81
0, 1207992, 3682, 205, 29.25, -2.06, 11.88, 9.79, 5.85
0, 1215746, 3656, 207, 29.31, -2.06, 11.88, 9.72, -7.21
0, 1222945, 3593, 207, 29.31, -2.06, 11.80, 9.80, -19.23
0, 1229902, 3503, 208, 29.25, -2.06, 11.71, 9.80, -30.58
0, 1238154, 3370, 210, 29.00, -2.12, 11.71, 9.80, -43.48
0, 1247834, 3073, 216, 28.31, -2.12, 11.98, 9.73, -57.53
0, 1254529, 2791, 226, 28.31, -2.19, 11.58, 9.60, -66.38
0, 1261309, 2549, 232, 27.06, -2.19, 12.07, 9.88, -74.47
0, 1269140, 2324, 230, 25.06, -2.25, 12.07, 9.88, -82.61
0, 1276972, 1998, 200, 21.44, -2.31, 12.43, 9.97, -89.31
0, 1283730, 1727, 176, 21.44, -2.25, 11.39, 10.04, -93.84
0, 1290458, 1467, 152, 17.94, -2.25, 11.61, 9.72, -97.15
0, 1299886, 1019, 111, 14.75, -2.00, 11.61, 9.72, -99.68
0, 1308187, 636, 74, 10.75, -1.62, 11.99, 9.76, -99.82
0, 1315272, 364, 49, 6.87, -1.25, 11.44, 9.80, -98.40
0, 1322816, 102, 24, 6.87, -1.25, 12.59, 9.87, -95.35
0, 1329812, -10, 13, 2.19, -0.88, 13.02, 9.87, -91.14
0, 1338195, -45, 10, -2.00, -0.56, 13.02, 9.88, -84.44
0, 1348248, -42, 9, -5.44, -0.37, 12.87, 9.70, -74.20
0, 1355201, -39, 8, -5.44, -0.31, 12.53, 9.80, -65.85
0, 1361840, -35, 8, -7.00, -0.31, 12.06, 9.81, -57.03
0, 1370108, -30, 7, -7.25, -0.31, 12.02, 9.74, -45.07
0, 1379014, -23, 6, -7.19, -0.31, 12.02, 9.74, -31.21
0, 1388521, -12, 4, -7.12, -0.25, 11.94, 9.71, -15.65
0, 1398363, 5, 0, -7.06, -0.25, 12.00, 9.74, 0.87
0, 1405028, 34, -2, -7.06, -0.25, 12.06, 9.85, 12.08
0, 1411973, 116, -3, -7.00, -0.25, 12.00, 9.76, 23.59
0, 1420349, 272, -5, -6.87, -0.19, 12.37, 9.76, 37.03
0, 1428434, 462, -7, -6.69, -0.19, 12.37, 9.74, 49.31
0, 1435836, 707, -10, -5.75, -0.19, 12.42, 9.69, 59.75
0, 1442180, 902, -28, -5.75, -0.19, 12.03, 9.87, 67.97
0, 1450669, 969, -55, -3.94, -0.13, 11.26, 9.87, 77.73
0, 1458852, 1100, -50, -1.37, -0.06, 11.26, 10.22, 85.64
0, 1466063, 1250, -43, 1.56, 0.31, 11.62, 8.69, 91.27
0, 1473668, 1430, -27, 1.56, 0.31, 12.50, 9.85, 95.75
0, 1480696, 1627, -8, 2.69, 0.31, 12.06, 9.85, 98.49
0, 1488708, 1812, 12, 4.37, 0.19, 12.06, 9.79, 99.92
0, 1498458, 2051, 34, 6.56, -0.06, 12.06, 9.85, 99.22
0, 1505117, 2287, 56, 6.56, -0.25, 12.11, 9.87, 97.20
0, 1512046, 2570, 83, 9.13, -0.25, 12.49, 9.74, 93.79
0, 1520111, 2829, 112, 11.38, -0.50, 12.10, 9.74, 88.23
0, 1527935, 3018, 128, 14.13, -0.81, 12.10, 9.69, 81.27
0, 1535837, 3237, 149, 17.94, -1.12, 11.64, 9.66, 72.82
0, 1542182, 3433, 169, 17.94, -1.12, 12.07, 9.65, 65.08
0, 1550878, 3630, 192, 21.06, -1.37, 11.91, 9.65, 53.30
0, 1558839, 3680, 197, 23.56, -1.62, 11.91, 9.82, 41.50
0, 1565486, 3676, 199, 26.44, -1.87, 11.58, 9.66, 31.06
0, 1573449, 3670, 200, 26.44, -1.87, 11.70, 9.77, 18.06
0, 1580256, 3658, 202, 28.62, -1.94, 11.87, 9.77, 6.69
0, 1588071, 3636, 204, 29.06, -2.00, 11.87, 9.73, -6.48
0, 1596888, 3571, 204, 29.00, -2.00, 11.81, 9.65, -21.18
0, 1603228, 3497, 205, 29.00, -2.00, 11.68, 9.85, -31.49
0, 1611139, 3357, 207, 28.81, -2.00, 11.68, 9.85, -43.83
0, 1618879, 3123, 212, 28.44, -2.06, 11.87, 9.73, -55.15
0, 1626729, 2785, 224, 27.50, -2.06, 11.58, 9.62, -65.67
0, 1633486, 2538, 230, 27.50, -2.06, 12.01, 9.62, -73.82
0, 1640275, 2349, 229, 25.81, -2.12, 12.82, 9.50, -81.04
0, 1649844, 1966, 197, 22.56, -2.25, 12.82, 10.58, -89.39
0, 1657032, 1694, 173, 18.62, -2.25, 11.51, 9.89, -94.16
0, 1663378, 1455, 151, 18.62, -2.25, 11.61, 9.68, -97.21
0, 1671933, 1047, 113, 15.63, -2.06, 12.10, 9.68, -99.57
0, 1679249, 697, 80, 11.81, -1.75, 12.10, 9.79, -99.95
0, 1687284, 381, 50, 8.13, -1.37, 11.34, 9.91, -98.62
0, 1695776, 85, 22, 3.75, -1.00, 12.27, 9.76, -95.25
0, 1702665, -19, 12, 3.75, -1.00, 12.55, 9.68, -91.08
0, 1710619, -50, 9, -0.81, -0.62, 12.55, 9.68, -84.74
0, 1718651, -48, 8, -4.62, -0.37, 13.16, 9.75, -76.80
0, 1726464, -45, 8, -6.81, -0.37, 12.57, 9.80, -67.73
0, 1733459, -41, 7, -6.81, -0.25, 12.04, 9.80, -58.60
0, 1740636, -36, 6, -7.31, -0.25, 12.09, 9.76, -48.39
0, 1750311, -29, 6, -7.31, -0.25, 12.09, 9.80, -33.54
0, 1756982, -20, 4, -7.25, -0.25, 11.94, 9.78, -22.76
0, 1763689, -11, 2, -7.25, -0.25, 12.00, 9.77, -11.63
0, 1772364, 7, -2, -7.19, -0.25, 11.95, 9.77, 2.97
0, 1779520, 48, -3, -7.12, -0.19, 11.95, 9.75, 14.97
0, 1787505, 158, -4, -7.00, -0.19, 11.97, 9.79, 28.10
0, 1794705, 299, -6, -7.00, -0.19, 12.34, 9.71, 39.52
0, 1802682, 508, -8, -6.81, -0.13, 12.49, 9.71, 51.47
0, 1810519, 776, -14, -6.19, -0.13, 12.49, 9.73, 62.32
0, 1817191, 926, -47, -4.62, -0.13, 12.10, 9.81, 70.70
0, 1825126, 1027, -52, -4.62, -0.13, 11.49, 10.96, 79.50
0, 1831391, 1141, -52, -2.31, -0.06, 11.88, 10.96, 85.45
0, 1839030, 1300, -39, 0.75, 0.25, 11.88, 8.23, 91.41
0, 1847966, 1525, -18, 2.56, 0.31, 12.37, 10.24, 96.46
0, 1854320, 1696, 0, 2.56, 0.31, 12.00, 9.64, 98.73
0, 1862156, 1861, 16, 4.12, 0.25, 12.07, 9.64, 99.96
0, 1869891, 2062, 35, 6.19, 0.06, 12.03, 9.76, 99.47
0, 1877991, 2360, 62, 8.75, -0.19, 12.03, 9.77, 97.15
0, 1885583, 2676, 94, 11.00, -0.19, 12.53, 9.86, 93.33
0, 1891769, 2858, 114, 11.00, -0.37, 12.11, 9.86, 89.09
0, 1901246, 3111, 136, 13.63, -0.69, 12.11, 9.49, 80.73
0, 1908668, 3354, 161, 17.37, -1.06, 11.59, 10.01, 72.73
0, 1914964, 3564, 182, 17.37, -1.06, 12.12, 9.74, 65.05
0, 1924056, 3707, 200, 20.75, -1.31, 11.94, 9.74, 52.70
0, 1931032, 3726, 202, 23.44, -1.56, 11.40, 9.61, 42.36
0, 1938930, 3721, 204, 26.62, -1.81, 11.40, 9.85, 29.96
0, 1948419, 3712, 206, 29.00, -1.94, 11.68, 9.71, 14.39
0, 1955212, 3696, 208, 29.00, -1.94, 11.88, 9.73, 2.99
0, 1963104, 3653, 209, 29.50, -2.00, 11.90, 9.73, -10.30
0, 1971684, 3564, 210, 29.44, -2.00, 11.72, 9.71, -24.53
0, 1979329, 3461, 211, 29.31, -2.06, 11.72, 9.84, -36.78
0, 1987453, 3299, 214, 28.94, -2.06, 11.93, 9.79, -49.13
0, 1994439, 3041, 221, 28.94, -2.06, 11.62, 9.75, -59.02
0, 2003195, 2665, 234, 28.00, -2.06, 11.39, 9.75, -70.25
0, 2011156, 2458, 233, 26.62, -2.12, 11.39, 9.67, -79.14
0, 2017811, 2234, 222, 24.19, -2.19, 12.79, 9.09, -85.49
0, 2026746, 1845, 186, 20.12, -2.19, 11.73, 10.15, -92.30
0, 2033493, 1575, 162, 20.12, -2.25, 11.36, 10.15, -96.07
0, 2040251, 1294, 137, 17.19, -2.19, 12.22, 9.68, -98.60
0, 2049280, 833, 93, 13.63, -1.87, 12.22, 9.80, -99.99
0, 2055604, 560, 67, 9.56, -1.87, 11.45, 9.66, -99.58
0, 2063485, 245, 38, 9.56, -1.50, 11.90, 9.66, -97.49
0, 2072056, 22, 16, 5.44, -1.12, 12.05, 9.64, -93.27
0, 2079496, -49, 9, 0.62, -0.75, 12.05, 9.79, -88.03
0, 2087656, -54, 8, -3.37, -0.75, 13.31, 9.81, -80.70
0, 2094887, -52, 8, -3.37, -0.44, 12.58, 9.75, -72.92
0, 2103605, -48, 7, -6.31, -0.25, 12.22, 9.75, -62.11
0, 2111752, -43, 6, -7.31, -0.19, 12.05, 9.77, -50.80
0, 2119112, -37, 5, -7.37, -0.19, 12.05, 9.78, -39.75
0, 2127746, -30, 4, -7.31, -0.19, 11.97, 9.68, -26.02
0, 2136679, -19, 2, -7.25, -0.19, 11.99, 9.76, -11.24
0, 2145498, 1, -3, -7.25, -0.19, 11.99, 9.73, 3.60
0, 2153994, 55, -4, -7.19, -0.19, 12.04, 9.73, 17.82
0, 2161943, 174, -5, -7.06, -0.13, 12.04, 9.75, 30.81
0, 2168895, 321, -6, -6.94, -0.13, 12.26, 9.79, 41.72
0, 2177755, 576, -9, -6.56, -0.13, 12.35, 9.61, 54.78
0, 2184507, 808, -17, -6.56, -0.06, 12.28, 9.61, 63.92
0, 2191083, 932, -54, -5.37, -0.06, 11.69, 9.88, 72.04
0, 2199672, 1064, -53, -3.25, -0.06, 11.69, 9.83, 81.29
0, 2206154, 1185, -49, -0.31, -0.06, 11.72, 9.06, 87.16
0, 2214013, 1355, -34, -0.31, 0.06, 12.26, 9.06, 92.87
0, 2221944, 1564, -14, 2.12, 0.37, 12.11, 10.17, 96.98
0, 2229457, 1753, 5, 3.62, 0.19, 12.11, 9.74, 99.29
0, 2237647, 1928, 22, 5.56, 0.19, 12.15, 9.64, 99.98
0, 2244415, 2132, 41, 5.56, 0.00, 11.83, 9.85, 99.12
0, 2253447, 2494, 75, 7.94, -0.19, 12.50, 9.85, 95.97
0, 2261365, 2797, 108, 10.38, -0.44, 12.50, 9.83, 91.38
0, 2268339, 2988, 125, 12.69, -0.81, 12.21, 9.62, 85.99
0, 2277228, 3270, 151, 16.25, -0.81, 11.80, 9.62, 77.40
0, 2284003, 3519, 176, 16.25, -1.12, 12.07, 10.02, 69.68
0, 2290771, 3685, 198, 20.06, -1.37, 12.00, 9.73, 61.07
0, 2298633, 3748, 204, 22.94, -1.69, 12.00, 9.66, 50.07
0, 2305479, 3751, 206, 22.94, -1.69, 11.35, 9.79, 39.77
0, 2313777, 3746, 207, 26.25, -1.87, 11.70, 9.79, 26.59
0, 2321728, 3735, 209, 29.00, -1.87, 11.86, 9.72, 13.47
0, 2329413, 3717, 211, 29.75, -1.94, 11.86, 9.77, 0.56
0, 2337778, 3658, 212, 29.75, -1.94, 11.76, 9.72, -13.50
0, 2344805, 3569, 213, 29.75, -1.94, 11.85, 9.75, -25.12
0, 2353889, 3435, 214, 29.62, -1.94, 11.81, 9.75, -39.59
0, 2361859, 3267, 218, 29.37, -2.00, 11.81, 9.74, -51.53
0, 2368824, 2990, 225, 28.50, -2.00, 11.72, 9.68, -61.21
0, 2377718, 2632, 236, 27.19, -2.00, 11.57, 9.57, -72.34
0, 2384472, 2464, 236, 27.19, -2.06, 11.94, 9.57, -79.71
0, 2391168, 2230, 221, 25.31, -2.12, 12.05, 9.58, -86.01
0, 2399730, 1849, 187, 21.62, -2.19, 12.05, 10.05, -92.45
0, 2406495, 1574, 162, 18.19, -2.19, 11.42, 9.66, -96.19
0, 2414322, 1235, 131, 18.19, -1.87, 12.21, 9.66, -98.95
0, 2420982, 891, 98, 15.13, -1.56, 11.76, 9.78, -99.95
0, 2429115, 529, 64, 10.94, -1.19, 11.76, 9.71, -99.46
0, 2437100, 201, 34, 6.94, -1.19, 11.59, 9.93, -97.16
0, 2444220, 23, 16, 6.94, -0.75, 12.65, 9.93, -93.63
0, 2453834, -60, 9, 2.19, -0.44, 13.47, 9.60, -86.74
0, 2461220, -60, 8, -2.19, -0.19, 13.47, 9.74, -79.89
0, 2468327, -57, 7, -5.75, -0.13, 12.61, 9.80, -72.13
0, 2477637, -54, 7, -7.19, -0.13, 12.44, 9.75, -60.42
0, 2484535, -48, 6, -7.19, -0.13, 12.07, 9.75, -50.76
0, 2491238, -43, 5, -7.44, -0.13, 12.05, 9.78, -40.73
0, 2500445, -36, 4, -7.37, -0.06, 12.05, 9.72, -26.12
0, 2507239, -26, 2, -7.31, -0.06, 12.00, 9.76, -14.92
0, 2515075, -13, -2, -7.31, -0.06, 12.00, 9.76, -1.77
0, 2522129, 15, -4, -7.25, -0.06, 11.95, 9.79, 10.11
0, 2529691, 95, -5, -7.19, -0.06, 11.95, 9.74, 22.67
0, 2537702, 238, -6, -7.06, 0.00, 12.22, 9.74, 35.58
0, 2544651, 395, -8, -7.06, 0.00, 12.41, 9.75, 46.26
0, 2552649, 649, -11, -6.81, 0.00, 12.41, 9.86, 57.75
0, 2558570, 846, -22, -5.00, 0.00, 12.40, 9.84, 65.60
0, 2566239, 956, -55, -3.19, 0.00, 11.93, 10.13, 74.78
0, 2575183, 1103, -53, -3.19, 0.06, 11.34, 10.13, 83.90
0, 2581511, 1228, -45, -0.50, 0.44, 12.20, 9.17, 89.22
0, 2589507, 1414, -29, 2.37, 0.44, 12.20, 9.78, 94.48
0, 2598046, 1653, -5, 3.81, 0.44, 12.16, 9.74, 98.20
0, 2605922, 1830, 13, 6.12, 0.31, 12.21, 9.74, 99.84
0, 2613874, 2029, 32, 6.12, 0.13, 12.10, 9.79, 99.70
0, 2620747, 2276, 55, 8.38, -0.13, 12.44, 9.63, 98.15
0, 2629565, 2654, 92, 11.00, -0.13, 12.44, 9.75, 94.23
0, 2637711, 2909, 119, 13.25, -0.31, 12.36, 9.75, 88.76
0, 2644944, 3124, 137, 13.25, -0.62, 12.02, 9.59, 82.50
0, 2653789, 3445, 168, 16.44, -1.00, 12.05, 9.81, 73.19
0, 2660710, 3665, 193, 19.50, -1.25, 12.05, 9.77, 64.76
0, 2667716, 3751, 205, 22.56, -1.25, 12.03, 9.44, 55.33
0, 2677884, 3770, 207, 25.75, -1.56, 11.42, 9.44, 40.31
0, 2684637, 3763, 209, 25.75, -1.81, 11.67, 9.98, 29.66
0, 2691454, 3755, 210, 26.94, -1.87, 11.84, 9.67, 18.51
0, 2700683, 3741, 213, 27.06, -1.94, 11.84, 9.68, 3.07
0, 2707870, 3705, 213, 26.94, -1.94, 11.82, 9.71, -9.04
0, 2715764, 3610, 214, 26.94, -1.94, 11.87, 9.71, -22.17
0, 2723293, 3498, 215, 26.75, -1.94, 11.72, 9.81, -34.33
0, 2730349, 3374, 217, 26.19, -2.00, 11.72, 9.71, -45.23
0, 2738458, 3120, 223, 24.87, -2.00, 11.85, 9.70, -56.96
0, 2745967, 2797, 232, 24.87, -2.00, 11.63, 9.70, -66.88
0, 2753221, 2574, 239, 23.19, -2.06, 11.92, 9.50, -75.45
0, 2760162, 2387, 235, 20.06, -2.06, 11.92, 9.57, -82.60
0, 2767567, 2076, 208, 16.31, -2.12, 12.74, 9.97, -88.97
0, 2776348, 1696, 173, 13.56, -2.19, 11.52, 9.97, -94.73
0, 2782474, 1452, 151, 13.56, -2.06, 11.24, 9.58, -97.53
0, 2790132, 1078, 117, 9.50, -2.06, 11.24, 9.87, -99.56
0, 2798487, 667, 77, 5.44, -1.69, 12.11, 9.87, -99.89
0, 2806407, 341, 47, 0.94, -1.37, 11.40, 9.87, -98.37
0, 2814256, 69, 21, 0.94, -0.94, 12.45, 9.81, -95.14
0, 2820835, -28, 11, -3.75, -0.56, 13.26, 9.64, -91.15
0, 2829561, -59, 8, -7.69, -0.56, 13.26, 9.86, -84.14
0, 2837377, -56, 8, -9.81, -0.25, 12.81, 9.86, -76.31
0, 2844154, -54, 7, -9.81, -0.13, 12.48, 9.80, -68.45
0, 2851884, -50, 7, -10.25, -0.13, 12.48, 9.72, -58.40
0, 2858702, -45, 6, -10.19, -0.13, 12.05, 9.82, -48.70
0, 2866739, -39, 5, -10.19, -0.13, 12.03, 9.82, -36.46
0, 2874893, -31, 4, -10.19, -0.06, 12.02, 9.83, -23.36
0, 2881609, -21, 1, -10.13, -0.06, 12.04, 9.80, -12.23
0, 2889424, -5, -3, -10.06, -0.06, 12.04, 9.79, 0.91
0, 2897253, 35, -4, -9.94, -0.06, 11.97, 9.79, 14.06
0, 2903970, 118, -5, -9.94, 0.00, 12.03, 9.74, 25.16
0, 2910477, 242, -6, -9.75, 0.00, 12.03, 9.72, 35.60
0, 2918405, 433, -8, -9.06, 0.00, 12.31, 9.72, 47.74
0, 2927049, 714, -12, -7.50, 0.00, 12.48, 9.80, 59.99
0, 2933599, 901, -31, -7.50, 0.00, 11.91, 9.76, 68.44
0, 2941008, 961, -55, -5.06, 0.06, 11.18, 10.86, 76.99
0, 2950067, 1109, -52, -2.06, 0.06, 11.18, 8.17, 85.80
0, 2958161, 1280, -40, -0.50, 0.31, 11.83, 8.17, 91.99
0, 2965903, 1474, -23, -0.50, 0.50, 12.32, 10.28, 96.31
0, 2973105, 1678, -2, 1.00, 0.44, 12.18, 9.59, 98.86
0, 2980636, 1845, 15, 3.06, 0.44, 12.11, 9.84, 99.97
0, 2988825, 2058, 34, 5.62, 0.25, 12.11, 9.84, 99.35
0, 2996709, 2352, 62, 8.00, 0.00, 12.18, 9.74, 96.97
0, 3003864, 2658, 92, 8.00, -0.19, 12.53, 9.84, 93.33
0, 3010545, 2866, 115, 10.63, -0.19, 12.53, 9.60, 88.70
0, 3018694, 3094, 134, 14.44, -0.44, 12.11, 9.91, 81.54
0, 3027785, 3410, 165, 17.94, -0.81, 11.80, 9.91, 71.75
0, 3034556, 3635, 189, 17.94, -1.12, 12.05, 9.83, 63.35
0, 3041334, 3730, 204, 20.75, -1.37, 11.83, 9.79, 54.12
0, 3049334, 3749, 205, 24.19, -1.37, 11.83, 9.79, 42.32
0, 3057539, 3744, 207, 26.44, -1.69, 11.26, 10.00, 29.43
0, 3065117, 3734, 208, 26.44, -1.87, 11.85, 9.71, 17.01
0, 3071496, 3722, 210, 26.81, -1.87, 11.80, 9.76, 6.34
0, 3080093, 3684, 211, 26.75, -1.87, 11.80, 9.74, -8.14
0, 3088242, 3602, 212, 26.62, -1.87, 11.81, 9.74, -21.71
0, 3094994, 3508, 213, 26.62, -1.94, 11.65, 9.83, -32.65
0, 3102039, 3386, 215, 26.25, -1.94, 11.97, 9.78, -43.62
0, 3109426, 3176, 219, 25.25, -1.94, 11.97, 9.78, -54.46
0, 3117224, 2841, 229, 23.75, -2.00, 11.61, 9.66, -64.98
0, 3123903, 2605, 236, 23.75, -2.00, 12.04, 9.61, -73.11
0, 3131478, 2403, 234, 21.12, -2.00, 12.73, 8.96, -81.20
0, 3139547, 2077, 207, 17.12, -2.06, 12.73, 8.96, -88.37
0, 3147991, 1723, 176, 14.25, -2.12, 11.66, 10.15, -94.11
0, 3155422, 1432, 149, 14.25, -2.06, 11.32, 9.62, -97.60
0, 3161518, 1140, 122, 10.56, -2.06, 12.19, 9.83, -99.32
0, 3169283, 748, 85, 6.50, -1.75, 12.19, 9.64, -99.99
0, 3178506, 362, 49, 2.37, -1.44, 11.29, 9.64, -98.57
0, 3185622, 97, 23, 2.37, -1.06, 12.19, 10.00, -95.84
0, 3192080, -15, 13, -2.44, -0.69, 12.71, 9.76, -92.17
0, 3200171, -61, 9, -6.56, -0.69, 12.71, 9.76, -86.04
0, 3208211, -58, 8, -9.44, -0.31, 13.13, 9.80, -78.37
0, 3215728, -55, 7, -9.44, -0.13, 12.55, 9.74, -69.89
0, 3222217, -52, 7, -10.25, -0.06, 12.02, 9.76, -61.67
0, 3230530, -47, 6, -10.25, -0.06, 12.07, 9.79, -50.07
0, 3239356, -41, 5, -10.19, -0.06, 12.07, 9.68, -36.68
0, 3248705, -32, 3, -10.13, -0.06, 11.98, 9.68, -21.63
0, 3255777, -20, 1, -10.13, -0.06, 11.98, 9.79, -9.87
0, 3262057, -6, -3, -10.06, -0.06, 12.04, 9.81, 0.70
0, 3269834, 38, -4, -10.00, -0.06, 12.04, 9.77, 13.77
0, 3278937, 158, -6, -9.81, 0.00, 12.01, 9.77, 28.74
0, 3286610, 308, -7, -9.38, 0.00, 12.23, 9.77, 40.86
0, 3292566, 460, -9, -9.38, 0.06, 12.52, 9.63, 49.80
0, 3300576, 738, -14, -8.13, 0.06, 12.52, 9.63, 61.02
0, 3307245, 912, -40, -6.06, 0.06, 12.20, 9.76, 69.52
0, 3313203, 978, -54, -6.06, 0.06, 11.38, 9.84, 76.38
0, 3320623, 1105, -53, -3.06, 0.06, 12.04, 10.86, 83.83
0, 3329274, 1282, -40, -0.75, 0.19, 12.04, 10.86, 90.86
0, 3337089, 1473, -23, 0.75, 0.50, 12.28, 10.26, 95.56
0, 3343255, 1646, -6, 0.75, 0.50, 12.10, 9.67, 98.10
0, 3350948, 1821, 13, 2.69, 0.50, 12.10, 9.59, 99.79
0, 3359242, 2022, 31, 5.12, 0.31, 12.06, 9.59, 99.72
0, 3366890, 2295, 56, 7.62, 0.13, 12.08, 9.82, 97.94
0, 3374352, 2614, 87, 7.62, -0.13, 12.56, 9.88, 94.63
0, 3382327, 2874, 115, 10.00, -0.13, 12.10, 9.64, 89.45
0, 3390277, 3103, 135, 13.56, -0.37, 12.10, 9.64, 82.67
0, 3398848, 3408, 165, 17.37, -0.69, 11.52, 9.57, 73.71
0, 3405521, 3636, 189, 17.37, -1.00, 12.09, 9.75, 65.66
0, 3412282, 3737, 205, 20.25, -1.00, 11.85, 9.74, 56.66
0, 3420161, 3766, 206, 23.62, -1.25, 11.85, 9.74, 45.25
0, 3429511, 3761, 208, 26.31, -1.56, 11.27, 9.49, 30.69
0, 3437312, 3750, 210, 27.00, -1.62, 11.79, 9.73, 17.95
0, 3444146, 3738, 211, 27.00, -1.69, 11.85, 9.69, 6.52
0, 3451398, 3708, 213, 26.94, -1.69, 11.85, 9.69, -5.69
0, 3459372, 3632, 213, 26.81, -1.69, 11.84, 9.70, -19.02
0, 3466030, 3543, 214, 26.81, -1.69, 11.63, 9.84, -29.89
0, 3473339, 3420, 216, 26.56, -1.75, 11.95, 9.77, -41.39
0, 3481677, 3208, 219, 25.75, -1.75, 11.57, 9.67, -53.74
0, 3489735, 2870, 230, 24.37, -1.81, 11.57, 9.67, -64.66
0, 3497347, 2605, 238, 22.25, -1.81, 11.48, 9.64, -73.89
0, 3503305, 2454, 236, 22.25, -1.81, 12.47, 9.42, -80.27
0, 3511193, 2153, 214, 18.56, -1.94, 12.47, 9.42, -87.47
0, 3519471, 1791, 182, 15.31, -1.94, 11.91, 10.02, -93.36
0, 3529164, 1402, 146, 12.19, -1.75, 11.33, 9.71, -97.95
0, 3536983, 1016, 110, 7.94, -1.37, 12.23, 9.74, -99.75
0, 3543605, 694, 80, 7.94, -1.37, 11.51, 9.68, -99.92
0, 3551127, 390, 51, 3.94, -1.06, 11.51, 9.68, -98.61
0, 3558838, 102, 24, -0.75, -0.62, 11.86, 9.93, -95.62
0, 3565486, -11, 13, -0.75, -0.25, 12.60, 9.60, -91.74
0, 3572253, -54, 9, -5.06, -0.25, 13.47, 9.78, -86.62
0, 3581767, -51, 8, -8.63, 0.00, 12.60, 9.78, -77.53
0, 3589829, -48, 8, -10.00, 0.13, 12.60, 9.81, -68.26
0, 3597653, -44, 7, -10.19, 0.13, 12.17, 9.69, -58.05
0, 3604146, -39, 6, -10.19, 0.13, 12.09, 9.76, -48.81
0, 3611741, -33, 5, -10.19, 0.13, 12.09, 9.76, -37.27
0, 3619709, -26, 4, -10.13, 0.13, 12.00, 9.73, -24.51
0, 3629179, -15, 2, -10.06, 0.19, 12.05, 9.76, -8.79
0, 3636973, 7, -3, -9.94, 0.19, 12.02, 9.70, 4.34
0, 3643027, 45, -4, -9.94, 0.19, 12.06, 9.82, 14.49
0, 3650734, 152, -5, -9.81, 0.19, 12.06, 9.82, 27.19
0, 3657379, 279, -6, -9.56, 0.25, 12.24, 9.75, 37.77
0, 3663843, 437, -8, -9.56, 0.25, 12.51, 9.84, 47.62
0, 3671848, 701, -12, -8.50, 0.25, 12.20, 9.84, 59.01
0, 3680881, 921, -47, -6.69, 0.25, 12.20, 9.64, 70.58
0, 3689114, 978, -52, -3.94, 0.31, 11.66, 9.98, 79.70
0, 3696517, 1106, -52, -3.94, 0.62, 11.73, 10.02, 86.60
0, 3702835, 1240, -44, -1.19, 0.62, 12.77, 9.18, 91.42
0, 3710963, 1437, -27, -0.25, 0.69, 12.77, 9.18, 96.10
0, 3717638, 1628, -8, 1.44, 0.69, 11.91, 9.67, 98.60
0, 3726097, 1826, 13, 1.44, 0.50, 12.16, 9.72, 99.97
0, 3734454, 2034, 32, 3.69, 0.50, 11.59, 9.57, 99.33
0, 3741229, 2278, 55, 6.31, 0.25, 12.43, 9.57, 97.37
0, 3749538, 2631, 89, 8.56, 0.00, 12.43, 9.86, 93.23
0, 3756238, 2850, 114, 8.56, -0.25, 12.32, 9.67, 88.56
0, 3763249, 3042, 130, 11.50, -0.25, 12.07, 9.67, 82.47
0, 3770830, 3286, 154, 15.50, -0.62, 12.04, 9.53, 74.59
0, 3780300, 3613, 186, 18.69, -0.94, 12.04, 10.05, 63.06
0, 3788151, 3728, 203, 21.62, -1.19, 12.03, 9.78, 52.27
0, 3795128, 3744, 205, 21.62, -1.19, 11.59, 9.50, 41.90
0, 3801893, 3739, 206, 25.00, -1.50, 11.59, 9.50, 31.30
0, 3809906, 3731, 207, 26.62, -1.62, 11.65, 9.91, 18.22
0, 3816554, 3718, 209, 26.62, -1.62, 11.90, 9.78, 7.11
0, 3824076, 3690, 210, 26.81, -1.62, 11.84, 9.62, -5.56
0, 3833492, 3609, 211, 26.69, -1.69, 11.83, 9.62, -21.27
0, 3841102, 3510, 212, 26.50, -1.69, 11.83, 9.88, -33.59
0, 3849504, 3356, 214, 25.94, -1.69, 11.89, 9.77, -46.55
0, 3855216, 3186, 217, 25.94, -1.69, 11.75, 9.64, -54.84
0, 3863000, 2838, 229, 24.87, -1.75, 11.59, 9.64, -65.31
0, 3870739, 2569, 236, 23.19, -1.75, 11.95, 9.54, -74.61
0, 3880251, 2293, 227, 19.94, -1.81, 11.95, 9.84, -84.28
0, 3888110, 1956, 196, 16.00, -1.94, 12.08, 10.29, -90.65
0, 3894878, 1677, 171, 16.00, -1.94, 11.50, 10.29, -94.87
0, 3901819, 1400, 146, 13.19, -1.81, 11.50, 9.62, -97.91
0, 3909489, 1018, 110, 9.25, -1.50, 12.15, 9.77, -99.72
0, 3915622, 718, 82, 9.25, -1.50, 11.80, 9.76, -99.96
0, 3923553, 399, 52, 5.25, -1.19, 11.60, 9.88, -98.70
0, 3932458, 83, 22, 0.75, -0.75, 12.64, 9.88, -95.18
0, 3940358, -30, 11, -3.81, -0.37, 12.64, 9.61, -90.27
0, 3948202, -54, 9, -7.62, -0.06, 13.42, 9.86, -83.81
0, 3953947, -51, 8, -7.62, -0.06, 12.60, 9.70, -78.14
0, 3962247, -49, 8, -9.75, 0.13, 12.38, 9.70, -68.68
0, 3970265, -45, 7, -10.19, 0.13, 12.38, 9.71, -58.25
0, 3979619, -39, 6, -10.13, 0.13, 12.11, 9.80, -44.77
0, 3988054, -31, 5, -10.13, 0.19, 12.02, 9.70, -31.65
0, 3997436, -22, 3, -10.06, 0.19, 12.02, 9.73, -16.31
0, 4004314, -9, 0, -10.06, 0.19, 11.94, 9.73, -4.79
0, 4011964, 18, -3, -9.94, 0.19, 11.94, 9.72, 8.09
0, 4018617, 76, -4, -9.88, 0.19, 11.96, 9.85, 19.20
0, 4028569, 243, -6, -9.63, 0.25, 12.10, 9.74, 35.31
0, 4037710, 446, -8, -8.94, 0.25, 12.40, 9.80, 49.25
0, 4044740, 672, -11, -8.94, 0.25, 12.43, 9.80, 59.20
0, 4051502, 891, -26, -7.37, 0.25, 12.43, 9.75, 67.98
0, 4057201, 954, -57, -7.37, 0.25, 11.98, 9.87, 74.70
0, 4064432, 1072, -53, -5.19, 0.31, 11.30, 9.87, 82.23
0, 4072726, 1235, -44, -2.06, 0.44, 12.08, 8.81, 89.36
0, 4082586, 1467, -24, -0.31, 0.75, 12.18, 9.90, 95.55
0, 4090483, 1681, -2, 1.37, 0.69, 12.18, 9.64, 98.62
0, 4098599, 1854, 16, 3.50, 0.69, 12.21, 9.76, 99.96
0, 4104547, 1997, 29, 3.50, 0.50, 12.06, 9.76, 99.75
0, 4112720, 2280, 55, 6.00, 0.31, 12.06, 9.67, 97.83
0, 4120107, 2594, 85, 8.25, 0.06, 12.38, 9.85, 94.50
0, 4129470, 2899, 118, 10.88, -0.19, 12.42, 9.71, 88.19
0, 4138428, 3169, 142, 14.75, -0.19, 12.04, 9.88, 80.10
0, 4145421, 3425, 167, 14.75, -0.50, 12.00, 9.88, 72.50
0, 4153100, 3667, 193, 18.19, -0.81, 12.00, 9.84, 63.00
0, 4160532, 3750, 205, 21.12, -1.12, 12.04, 9.82, 52.81
0, 4166631, 3761, 206, 21.12, -1.12, 11.55, 10.01, 43.81
0, 4175746, 3757, 208, 24.62, -1.44, 11.66, 9.67, 29.54
0, 4185772, 3745, 210, 26.69, -1.62, 11.91, 9.67, 13.05
0, 4192470, 3727, 212, 27.00, -1.62, 11.75, 9.79, 1.80
0, 4200319, 3674, 212, 26.94, -1.69, 11.75, 9.68, -11.41
0, 4206644, 3600, 213, 26.94, -1.69, 11.80, 9.91, -21.91
0, 4214754, 3481, 214, 26.75, -1.69, 11.76, 9.91, -35.01
0, 4222747, 3341, 216, 26.31, -1.69, 11.84, 9.80, -47.27
0, 4232669, 2989, 225, 25.19, -1.75, 11.66, 9.67, -61.28
0, 4240571, 2680, 238, 23.69, -1.75, 11.66, 9.55, -71.23
0, 4248629, 2466, 236, 21.19, -1.75, 12.04, 9.16, -80.08
0, 4254333, 2274, 226, 21.19, -1.81, 12.49, 9.16, -85.46
0, 4262069, 1919, 193, 17.37, -1.87, 12.49, 10.48, -91.49
0, 4268600, 1642, 168, 14.44, -1.87, 11.55, 9.89, -95.37
0, 4277717, 1253, 133, 10.81, -1.87, 11.20, 9.85, -98.85
0, 4286482, 810, 91, 10.81, -1.62, 12.08, 9.85, -100.00
0, 4292807, 540, 65, 6.56, -1.31, 11.45, 9.67, -99.48
0, 4300875, 210, 34, 2.31, -0.94, 11.45, 9.95, -97.17
0, 4306797, 49, 19, 2.31, -0.94, 12.45, 9.70, -94.33
0, 4314905, -42, 10, -2.44, -0.50, 13.12, 9.70, -88.93
0, 4322819, -51, 9, -6.44, -0.13, 12.90, 9.84, -82.06
0, 4332742, -49, 8, -9.31, 0.06, 12.50, 9.74, -71.40
0, 4340632, -44, 7, -10.13, 0.13, 12.50, 9.76, -61.48
0, 4348441, -39, 7, -10.13, 0.13, 12.09, 9.79, -50.60
0, 4354361, -34, 6, -10.13, 0.13, 12.05, 9.79, -41.76
0, 4362077, -28, 5, -10.13, 0.19, 12.05, 9.72, -29.62
0, 4368022, -20, 3, -10.06, 0.19, 12.00, 9.77, -19.92
0, 4376921, -9, 0, -10.06, 0.19, 12.01, 9.77, -5.05
0, 4386200, 24, -3, -9.94, 0.19, 11.94, 9.77, 10.57
0, 4392774, 85, -4, -9.88, 0.19, 12.14, 9.68, 21.50
0, 4400615, 226, -5, -9.75, 0.25, 12.14, 9.78, 34.19
0, 4406365, 351, -6, -9.75, 0.25, 12.32, 9.78, 43.12
0, 4413039, 546, -9, -9.31, 0.25, 12.32, 9.71, 52.98
0, 4419563, 776, -14, -8.00, 0.25, 12.51, 9.77, 61.96
0, 4428504, 943, -57, -5.87, 0.25, 11.99, 9.85, 73.05
0, 4437705, 1084, -52, -2.81, 0.25, 11.15, 9.85, 82.72
0, 4443801, 1201, -48, -2.81, 0.37, 12.10, 10.92, 88.05
0, 4451379, 1372, -32, -0.62, 0.69, 12.10, 10.30, 93.37
0, 4457345, 1531, -18, -0.62, 0.69, 12.29, 9.54, 96.49
0, 4465378, 1743, 5, 0.81, 0.75, 12.17, 9.54, 99.15
0, 4473448, 1915, 21, 2.81, 0.56, 12.11, 9.59, 100.00
0, 4483130, 2221, 50, 5.25, 0.37, 12.30, 9.72, 98.58
0, 4490893, 2547, 80, 7.69, 0.13, 12.30, 9.84, 95.54
0, 4498698, 2831, 111, 10.13, 0.13, 12.52, 9.84, 90.84
0, 4504590, 2996, 126, 10.13, -0.06, 12.11, 9.63, 86.25
0, 4511386, 3213, 146, 13.75, -0.37, 12.11, 9.53, 79.90
0, 4518119, 3468, 170, 17.56, -0.37, 11.94, 9.74, 72.57
0, 4527043, 3714, 201, 17.56, -0.75, 12.05, 9.80, 61.44
0, 4536375, 3779, 207, 20.44, -1.00, 11.64, 9.80, 48.32
0, 4542847, 3778, 209, 23.94, -1.31, 11.26, 9.49, 38.50
0, 4550668, 3773, 210, 26.50, -1.31, 11.26, 9.92, 26.04
0, 4556832, 3763, 211, 26.50, -1.56, 11.83, 9.92, 15.89
0, 4565245, 3746, 214, 27.12, -1.62, 11.84, 9.73, 1.77
0, 4573478, 3694, 214, 27.12, -1.69, 11.76, 9.65, -12.08
0, 4583171, 3566, 216, 27.00, -1.69, 11.65, 9.89, -28.06
0, 4590917, 3451, 217, 26.75, -1.69, 11.65, 9.78, -40.32
0, 4598775, 3274, 219, 25.81, -1.69, 12.04, 9.78, -52.05
0, 4604478, 3051, 225, 25.81, -1.75, 11.65, 9.63, -60.01
0, 4610178, 2790, 234, 24.44, -1.75, 11.65, 9.62, -67.40
0, 4617383, 2559, 239, 24.44, -1.81, 11.90, 9.62, -75.86
0, 4625354, 2321, 230, 22.44, -1.87, 12.80, 9.73, -83.90
0, 4633714, 1954, 196, 18.69, -1.94, 11.64, 9.91, -90.71
0, 4641252, 1641, 168, 15.25, -1.81, 11.64, 9.78, -95.31
0, 4649509, 1298, 137, 12.00, -1.81, 11.32, 9.78, -98.59
0, 4655395, 995, 108, 12.00, -1.44, 12.20, 9.72, -99.76
0, 4661315, 706, 81, 7.81, -1.12, 12.20, 9.64, -99.95
0, 4668091, 433, 55, 3.75, -1.12, 11.33, 9.99, -98.95
0, 4677052, 99, 23, 3.75, -0.69, 12.20, 9.64, -95.65
0, 4686403, -42, 10, -1.00, -0.31, 12.61, 9.64, -89.88
0, 4692987, -63, 8, -5.25, -0.06, 13.10, 9.82, -84.48
0, 4700837, -60, 7, -8.69, -0.06, 13.10, 9.75, -76.68
0, 4706538, -58, 7, -8.69, 0.06, 12.58, 9.75, -70.16
0, 4714242, -54, 6, -10.13, 0.13, 12.05, 9.71, -60.35
0, 4720935, -50, 6, -10.25, 0.13, 12.05, 9.75, -50.99
0, 4729559, -44, 5, -10.25, 0.13, 12.04, 9.70, -37.99
0, 4739272, -36, 3, -10.19, 0.13, 11.98, 9.70, -22.40
0, 4746270, -24, 1, -10.19, 0.13, 11.98, 9.73, -10.78
0, 4753148, -9, -3, -10.13, 0.13, 11.98, 9.76, 0.80
0, 4758855, 18, -4, -10.06, 0.13, 12.04, 9.76, 10.40
0, 4766253, 101, -5, -10.06, 0.19, 11.99, 9.80, 22.69
0, 4772895, 219, -6, -9.88, 0.25, 12.31, 9.77, 33.43
0, 4781623, 417, -8, -9.56, 0.25, 12.31, 9.78, 46.88
0, 4789865, 674, -11, -8.50, 0.25, 12.50, 9.60, 58.66
0, 4797785, 902, -36, -6.62, 0.25, 11.91, 9.60, 68.92
0, 4806471, 944, -56, -6.62, 0.25, 11.47, 9.90, 78.75
0, 4813944, 1058, -52, -4.00, 0.56, 11.97, 10.70, 85.87
0, 4820042, 1189, -50, -1.25, 0.56, 11.97, 8.49, 90.68
0, 4829480, 1419, -28, -0.37, 0.75, 12.93, 10.52, 96.21
0, 4839400, 1700, 0, 1.25, 0.69, 11.83, 10.52, 99.41
0, 4846380, 1855, 16, 1.25, 0.50, 12.00, 9.58, 100.00
0, 4853154, 2033, 32, 3.50, 0.25, 12.00, 9.65, 99.25
0, 4858852, 2238, 51, 6.19, 0.25, 11.77, 9.88, 97.61
0, 4867017, 2586, 84, 6.19, 0.06, 12.51, 9.88, 93.71
0, 4876081, 2890, 117, 8.56, -0.19, 12.19, 9.64, 87.31
0, 4886093, 3191, 144, 11.50, -0.56, 11.43, 9.51, 77.88
0, 4892929, 3442, 169, 15.50, -0.88, 12.06, 10.05, 70.15
0, 4900953, 3676, 196, 18.75, -0.88, 12.06, 10.05, 59.90
0, 4906886, 3737, 204, 18.75, -1.12, 11.95, 9.71, 51.61
0, 4914106, 3745, 205, 21.81, -1.44, 11.38, 9.53, 40.83
0, 4920448, 3740, 206, 25.19, -1.44, 11.38, 9.87, 30.85
0, 4929697, 3732, 208, 26.69, -1.62, 11.72, 9.74, 15.71
0, 4939322, 3712, 210, 26.81, -1.69, 11.84, 9.74, -0.45
0, 4946071, 3671, 211, 26.81, -1.69, 11.87, 9.66, -11.80
0, 4953072, 3579, 212, 26.69, -1.69, 11.87, 9.88, -23.41
0, 4959035, 3493, 213, 26.56, -1.69, 11.54, 9.88, -33.05
0, 4966860, 3356, 214, 26.56, -1.75, 11.99, 9.79, -45.17
0, 4973639, 3154, 217, 25.94, -1.75, 11.67, 9.73, -55.05
0, 4981600, 2811, 230, 24.62, -1.81, 11.43, 9.49, -65.72
0, 4990115, 2540, 236, 22.87, -1.81, 11.43, 9.49, -75.83
0, 4997701, 2321, 229, 19.56, -1.81, 12.47, 9.89, -83.52
0, 5003850, 2054, 205, 19.56, -1.81, 12.47, 9.93, -88.76
0, 5009824, 1795, 182, 15.88, -1.94, 11.91, 9.60, -92.94
0, 5017919, 1465, 152, 15.88, -1.87, 11.31, 9.60, -97.10
0, 5026585, 1052, 114, 13.06, -1.56, 12.25, 9.80, -99.55
0, 5034633, 667, 77, 8.94, -1.19, 11.44, 9.77, -99.92
0, 5041939, 375, 50, 4.87, -1.19, 11.44, 9.76, -98.67
0, 5050322, 78, 21, 0.37, -0.81, 11.98, 9.76, -95.39
0, 5056032, -13, 13, 0.37, -0.44, 12.14, 9.61, -92.07
0, 5062697, -55, 9, -4.12, -0.13, 12.14, 9.84, -87.11
0, 5070146, -53, 8, -7.87, -0.13, 13.41, 9.69, -80.28
0, 5079814, -51, 8, -9.81, 0.06, 12.56, 9.73, -69.54
0, 5089591, -46, 7, -10.19, 0.13, 12.14, 9.73, -56.81
0, 5097690, -40, 6, -10.19, 0.13, 12.10, 9.82, -45.08
0, 5105770, -33, 5, -10.19, 0.13, 12.01, 9.71, -32.54
0, 5112848, -25, 3, -10.13, 0.13, 12.03, 9.72, -21.06
0, 5120227, -15, 1, -10.06, 0.13, 12.03, 9.78, -8.77
0, 5129472, 10, -3, -10.00, 0.19, 12.03, 9.78, 6.80
0, 5138337, 84, -4, -9.88, 0.19, 12.00, 9.75, 21.58
0, 5144688, 189, -5, -9.88, 0.25, 12.15, 9.73, 31.89
0, 5152122, 353, -6, -9.69, 0.25, 12.15, 9.73, 43.48
0, 5158096, 520, -8, -9.69, 0.25, 12.39, 9.85, 52.31
0, 5163805, 723, -11, -9.00, 0.25, 12.39, 9.64, 60.26
0, 5170609, 913, -38, -7.37, 0.25, 12.17, 9.82, 69.00
0, 5178944, 1013, -53, -4.94, 0.25, 11.77, 9.82, 78.45
0, 5187749, 1170, -50, -1.81, 0.37, 11.69, 10.21, 86.76
0, 5193853, 1299, -39, -1.81, 0.75, 12.35, 9.86, 91.41
0, 5201720, 1497, -21, -0.19, 0.75, 12.35, 9.86, 95.97
0, 5207423, 1657, -5, -0.19, 0.69, 12.02, 9.69, 98.22
0, 5214306, 1812, 12, 1.50, 0.56, 12.16, 9.78, 99.74
0, 5221299, 1970, 26, 3.62, 0.56, 11.79, 9.62, 99.90
0, 5230354, 2280, 55, 6.19, 0.31, 11.79, 9.91, 98.05
0, 5239730, 2677, 94, 8.44, 0.06, 12.53, 9.91, 93.74
0, 5246508, 2886, 117, 8.44, -0.13, 12.19, 9.73, 89.16
0, 5253414, 3085, 133, 11.25, -0.13, 12.19, 9.58, 83.29
0, 5259257, 3283, 153, 15.13, -0.50, 11.85, 9.58, 77.45
0, 5265931, 3536, 178, 15.13, -0.81, 12.08, 9.83, 69.86
0, 5272395, 3702, 199, 18.50, -1.06, 11.99, 9.83, 61.66
0, 5281425, 3770, 207, 21.50, -1.06, 11.33, 9.49, 49.01
0, 5290645, 3769, 208, 25.00, -1.37, 11.33, 9.49, 34.93
0, 5298778, 3761, 210, 26.81, -1.62, 11.70, 9.68, 21.80
0, 5304480, 3751, 211, 26.81, -1.62, 11.70, 9.74, 12.33
0, 5310404, 3734, 213, 27.06, -1.62, 11.82, 9.74, 2.38
0, 5318362, 3682, 213, 27.00, -1.69, 11.82, 9.71, -11.02
0, 5325012, 3605, 214, 27.00, -1.69, 11.82, 9.66, -22.06
0, 5332572, 3493, 215, 26.87, -1.75, 11.86, 9.79, -34.28
0, 5341697, 3329, 217, 26.31, -1.75, 11.86, 9.71, -48.27
0, 5349667, 3054, 223, 25.19, -1.75, 11.72, 9.71, -59.56
0, 5355380, 2806, 233, 25.19, -1.75, 11.55, 9.72, -67.01
0, 5361282, 2602, 239, 23.69, -1.81, 11.55, 9.72, -74.05
0, 5369095, 2381, 234, 21.19, -1.81, 11.82, 9.50, -82.23
0, 5376949, 2054, 205, 21.19, -1.94, 11.99, 10.33, -89.03
0, 5383965, 1759, 179, 17.25, -1.94, 11.50, 9.94, -93.78
0, 5392220, 1430, 149, 14.19, -1.94, 11.50, 9.61, -97.69
0, 5400411, 1031, 112, 10.50, -1.69, 12.18, 9.61, -99.70
0, 5406114, 750, 85, 10.50, -1.37, 11.85, 9.72, -99.98
0, 5412069, 504, 62, 6.37, -1.37, 11.85, 9.83, -99.29
0, 5420177, 176, 31, 2.19, -1.00, 11.61, 9.83, -96.75
0, 5428895, -6, 13, -2.56, -0.56, 12.64, 9.79, -92.00
0, 5436408, -54, 9, -2.56, -0.25, 13.45, 9.86, -86.31
0, 5443754, -52, 8, -6.56, -0.25, 12.61, 9.73, -79.42
0, 5452004, -49, 8, -9.38, 0.06, 12.61, 9.73, -70.23
0, 5457707, -46, 7, -9.38, 0.13, 12.39, 9.81, -63.07
0, 5464801, -42, 7, -10.13, 0.13, 12.09, 9.78, -53.36
0, 5472256, -37, 6, -10.13, 0.13, 11.96, 9.71, -42.34
0, 5481872, -30, 5, -10.13, 0.13, 12.01, 9.75, -27.17
0, 5490775, -18, 2, -10.06, 0.19, 12.01, 9.75, -12.47
0, 5498691, -1, -2, -10.00, 0.19, 12.05, 9.76, 0.84
0, 5504426, 25, -3, -10.00, 0.19, 12.05, 9.76, 10.49
0, 5510488, 90, -4, -9.88, 0.19, 12.04, 9.79, 20.58
0, 5516187, 187, -5, -9.88, 0.25, 12.18, 9.77, 29.87
0, 5522955, 330, -6, -9.75, 0.25, 12.40, 9.66, 40.54
0, 5532266, 587, -9, -9.19, 0.25, 12.40, 9.74, 54.33
0, 5540980, 863, -22, -7.75, 0.25, 12.21, 9.74, 66.03
0, 5549769, 939, -62, -5.56, 0.25, 11.74, 9.84, 76.39
0, 5556426, 940, -61, -5.56, 0.31, 11.43, 10.88, 83.14
0, 5563243, 943, -61, -2.69, 0.31, 11.77, 8.32, 88.96
0, 5571087, 945, -61, -0.75, 0.69, 11.77, 8.32, 94.20
0, 5580695, 948, -61, -0.62, 0.81, 12.17, 9.58, 98.38
0, 5590695, 950, -61, -0.56, 0.81, 12.12, 9.79, 99.99
0, 5599321, 1102, -56, -0.56, 0.81, 11.98, 9.92, 99.11
0, 5605971, 1288, -40, -0.56, 0.81, 13.14, 9.86, 96.99
0, 5612979, 1492, -22, -0.50, 0.81, 12.35, 9.62, 93.45
0, 5621184, 1720, 2, 0.37, 0.81, 12.35, 9.62, 87.65
0, 5630876, 1901, 21, 2.94, 0.69, 11.90, 9.77, 78.65
0, 5639709, 2082, 37, 5.75, 0.44, 11.57, 9.73, 68.62
0, 5646482, 2233, 52, 5.75, 0.44, 12.14, 9.75, 59.88
0, 5653271, 2359, 65, 8.00, 0.19, 12.14, 9.75, 50.35
0, 5658972, 2432, 72, 8.00, 0.00, 12.14, 9.70, 41.83
0, 5664910, 2464, 75, 9.88, 0.00, 11.68, 9.74, 32.54
0, 5671676, 2458, 78, 12.00, -0.19, 11.68, 9.74, 21.57
0, 5681176, 2446, 81, 13.63, -0.37, 11.61, 9.68, 5.72
0, 5690541, 2421, 87, 14.25, -0.44, 11.96, 9.73, -10.04
0, 5697864, 2365, 91, 14.25, -0.50, 12.05, 9.82, -22.22
0, 5704491, 2260, 96, 14.13, -0.50, 12.05, 9.82, -32.95
0, 5710388, 2129, 99, 13.94, -0.50, 11.68, 9.66, -42.15
0, 5716096, 1984, 102, 13.94, -0.50, 11.76, 9.68, -50.67
0, 5723316, 1753, 113, 13.44, -0.56, 11.57, 9.70, -60.76
0, 5733155, 1409, 130, 11.88, -0.69, 12.10, 9.43, -73.04
0, 5742205, 1241, 125, 9.44, -0.75, 12.10, 9.43, -82.57
0, 5750398, 1062, 109, 6.06, -0.88, 13.02, 9.83, -89.55
0, 5756103, 936, 98, 6.06, -0.88, 11.65, 9.83, -93.41
0, 5762116, 786, 85, 3.44, -0.94, 11.65, 10.00, -96.54
0, 5767827, 649, 73, 3.44, -0.88, 11.98, 9.54, -98.60
0, 5775629, 457, 56, 1.50, -0.88, 12.14, 9.79, -99.94
0, 5783874, 186, 31, -0.69, -0.69, 11.90, 9.75, -99.47
0, 5793618, -2, 14, -3.06, -0.50, 11.61, 9.75, -96.45
0, 5801665, -64, 8, -5.56, -0.31, 11.61, 9.76, -91.99
0, 5807380, -68, 7, -5.56, -0.31, 12.55, 9.78, -87.80
0, 5813091, -67, 7, -8.44, -0.13, 12.55, 9.78, -82.79
0, 5819934, -65, 7, -9.94, -0.06, 12.49, 9.79, -75.78
0, 5827951, -62, 6, -9.94, -0.06, 12.05, 9.75, -66.30
0, 5837436, -57, 5, -10.31, -0.06, 12.01, 9.79, -53.54
0, 5846160, -50, 4, -10.31, -0.06, 12.01, 9.77, -40.58
0, 5854326, -43, 3, -10.25, -0.06, 12.04, 9.77, -27.66
0, 5862247, -34, 2, -10.25, -0.06, 12.04, 9.76, -14.62
0, 5868904, -22, -1, -10.13, 0.00, 12.03, 9.68, -3.45
0, 5876353, 4, -4, -10.13, 0.00, 12.03, 9.75, 9.09
0, 5884575, 82, -5, -10.00, 0.00, 12.09, 9.76, 22.76
0, 5894170, 254, -7, -9.81, 0.06, 12.34, 9.76, 38.14
0, 5901976, 440, -10, -9.50, 0.06, 12.34, 9.76, 49.94
0, 5907678, 628, -12, -9.50, 0.06, 12.37, 9.60, 58.03
0, 5913376, 832, -21, -8.44, 0.06, 12.37, 9.60, 65.57
0, 5919770, 923, -64, -6.62, 0.06, 12.06, 9.90, 73.31
0, 5927321, 969, -52, -6.62, 0.25, 11.25, 11.35, 81.35
0, 5936089, 1128, -52, -3.87, 0.25, 12.22, 7.98, 89.03
0, 5945195, 1334, -36, -1.06, 0.56, 12.76, 7.98, 94.94
0, 5952973, 1544, -16, -0.25, 0.50, 12.76, 10.71, 98.23
0, 5958685, 1703, 0, 1.44, 0.50, 12.03, 9.51, 99.58
0, 5965039, 1844, 15, 1.44, 0.37, 12.08, 9.51, 99.99
0, 5973185, 2056, 34, 3.69, 0.13, 11.98, 9.74, 98.84
0, 5983044, 2434, 69, 6.31, -0.06, 12.50, 9.81, 94.97
0, 5993126, 2818, 111, 8.69, -0.31, 12.50, 9.86, 88.30
0, 6001464, 3040, 130, 11.56, -0.69, 12.16, 9.53, 80.86
0, 6007176, 3212, 146, 11.56, -0.69, 11.56, 9.53, 74.82
0, 6013251, 3416, 166, 15.50, -1.00, 11.56, 10.00, 67.65
0, 6018952, 3592, 185, 15.50, -1.25, 12.07, 9.80, 60.27
0, 6026691, 3695, 200, 18.75, -1.25, 11.94, 9.56, 49.38
0, 6035923, 3705, 201, 21.50, -1.50, 11.45, 9.88, 35.31
0, 6045555, 3698, 203, 24.69, -1.75, 11.80, 9.88, 19.72
0, 6053316, 3684, 205, 26.44, -1.81, 11.80, 9.77, 6.76
0, 6059018, 3667, 206, 26.44, -1.81, 11.84, 9.73, -2.84
0, 6065502, 3618, 207, 26.56, -1.81, 11.77, 9.73, -13.73
0, 6073226, 3528, 208, 26.50, -1.87, 11.68, 9.80, -26.47
0, 6082886, 3398, 209, 26.31, -1.87, 11.68, 9.84, -41.75
0, 6092282, 3158, 212, 25.62, -1.87, 12.01, 9.74, -55.56
0, 6100127, 2825, 225, 24.50, -1.87, 11.61, 9.71, -66.04
0, 6105951, 2593, 233, 24.50, -1.94, 12.02, 9.71, -73.08
0, 6111655, 2426, 231, 22.87, -1.94, 12.02, 9.82, -79.30
0, 6117553, 2207, 219, 22.87, -1.94, 12.49, 9.38, -84.95
0, 6124934, 1886, 190, 19.62, -2.06, 11.68, 10.03, -90.84
0, 6134286, 1519, 157, 15.75, -2.06, 11.57, 10.03, -96.28
0, 6144204, 1073, 116, 12.44, -1.75, 12.16, 9.70, -99.43
0, 6152022, 702, 81, 8.38, -1.44, 12.16, 9.78, -99.97
0, 6157976, 472, 59, 8.38, -1.44, 11.36, 9.78, -99.21
0, 6163977, 230, 36, 4.50, -1.06, 11.36, 9.70, -97.44
0, 6170892, 47, 18, 0.00, -0.69, 12.32, 9.60, -94.16
0, 6180702, -44, 10, -4.31, -0.31, 12.70, 9.83, -87.34
0, 6190652, -45, 9, -7.87, -0.13, 13.06, 9.75, -77.98
0, 6199835, -41, 8, -9.63, -0.13, 12.51, 9.81, -67.40
0, 6205727, -37, 8, -9.63, -0.06, 12.05, 9.81, -59.74
0, 6211459, -33, 7, -9.94, -0.06, 12.05, 9.76, -51.73
0, 6217278, -29, 6, -9.94, -0.06, 12.06, 9.72, -43.10
0, 6225287, -23, 5, -9.94, -0.06, 11.98, 9.72, -30.56
0, 6234818, -14, 4, -9.88, 0.00, 12.01, 9.71, -14.93
0, 6244689, 5, -1, -9.81, 0.00, 12.03, 9.78, 1.65
0, 6252806, 47, -3, -9.75, 0.00, 12.03, 9.85, 15.27
0, 6258524, 119, -4, -9.75, 0.00, 11.88, 9.85, 24.71
0, 6264653, 237, -5, -9.63, 0.06, 11.88, 9.69, 34.57
0, 6270860, 378, -6, -9.44, 0.06, 12.32, 9.75, 44.18
0, 6279094, 629, -9, -8.69, 0.06, 12.48, 9.63, 56.17
0, 6287815, 900, -26, -8.69, 0.06, 12.04, 9.82, 67.68
0, 6297702, 947, -61, -6.94, 0.06, 11.35, 9.82, 78.95
0, 6304781, 949, -61, -4.37, 0.19, 11.35, 10.05, 85.70
0, 6310484, 952, -61, -1.44, 0.19, 12.07, 9.14, 90.25
0, 6316404, 954, -61, -1.44, 0.56, 12.30, 9.14, 94.09
0, 6324147, 956, -61, -0.37, 0.62, 11.80, 10.08, 97.70
0, 6334058, 1010, -56, -0.37, 0.62, 11.92, 9.84, 99.89
0, 6343926, 1269, -42, -0.31, 0.62, 13.34, 9.60, 99.30
0, 6351850, 1504, -21, -0.31, 0.62, 13.34, 10.14, 96.84
0, 6357555, 1679, -2, -0.31, 0.56, 11.95, 10.14, 94.00
0, 6363318, 1808, 11, 0.69, 0.50, 11.95, 9.78, 90.25
0, 6369664, 1935, 24, 3.31, 0.50, 12.07, 9.62, 85.13
0, 6378164, 2150, 44, 3.31, 0.25, 11.92, 9.83, 76.77
0, 6387919, 2425, 70, 6.25, 0.00, 12.27, 9.78, 65.25
0, 6397727, 2632, 93, 8.50, -0.25, 11.91, 9.78, 51.89
0, 6404622, 2694, 99, 10.75, -0.44, 11.91, 9.70, 41.62
0, 6410325, 2697, 100, 13.50, -0.44, 11.82, 9.66, 32.70
0, 6416029, 2693, 101, 13.50, -0.69, 11.51, 9.66, 23.48
0, 6421733, 2686, 103, 15.75, -0.81, 11.51, 9.69, 14.04
0, 6431402, 2669, 109, 16.69, -0.88, 11.90, 9.73, -2.21
0, 6440748, 2618, 112, 16.62, -0.88, 11.94, 9.62, -17.87
0, 6449706, 2502, 116, 16.50, -0.88, 11.69, 9.62, -32.46
0, 6455713, 2384, 118, 16.50, -0.94, 11.69, 9.83, -41.86
0, 6461682, 2204, 121, 16.25, -0.94, 11.82, 9.82, -50.77
0, 6467630, 1980, 130, 16.25, -1.00, 11.60, 9.82, -59.14
0, 6474388, 1712, 146, 15.31, -1.06, 11.30, 9.67, -67.92
0, 6483483, 1552, 149, 13.50, -1.12, 11.30, 9.65, -78.33
0, 6492618, 1430, 143, 10.31, -1.25, 12.49, 10.32, -86.94
0, 6501525, 1191, 123, 6.87, -1.25, 12.62, 9.76, -93.35
0, 6507414, 1008, 106, 6.87, -1.31, 11.69, 9.76, -96.45
0, 6513285, 830, 90, 5.25, -1.25, 11.69, 9.50, -98.58
0, 6519228, 659, 74, 3.62, -1.25, 12.17, 9.84, -99.77
0, 6528394, 394, 51, 3.62, -1.06, 12.03, 9.72, -99.63
0, 6538042, 93, 22, 0.75, -0.81, 12.26, 9.70, -96.92
0, 6547960, -30, 11, -2.19, -0.56, 12.91, 9.70, -91.47
0, 6554849, -46, 9, -4.94, -0.31, 12.91, 9.80, -86.17
0, 6560557, -44, 9, -8.06, -0.31, 12.71, 9.80, -80.90
0, 6566645, -43, 9, -8.06, -0.13, 12.46, 9.69, -74.45
0, 6574213, -40, 8, -9.63, -0.06, 12.03, 9.80, -65.36
0, 6583892, -35, 7, -10.00, 0.00, 12.05, 9.71, -52.19
0, 6592998, -28, 6, -9.94, 0.00, 12.05, 9.71, -38.54
0, 6601898, -19, 5, -9.94, 0.00, 11.96, 9.75, -24.32
0, 6608855, -9, 3, -9.94, 0.00, 12.02, 9.75, -12.80
0, 6617023, 6, -1, -9.88, 0.00, 12.05, 9.77, 0.93
0, 6624085, 41, -2, -9.81, 0.00, 11.91, 9.75, 12.80
0, 6632956, 154, -3, -9.69, 0.06, 11.91, 9.75, 27.43
0, 6641697, 322, -5, -9.50, 0.06, 12.27, 9.71, 41.25
0, 6650686, 564, -9, -8.94, 0.06, 12.42, 9.83, 54.53
0, 6657353, 791, -14, -8.94, 0.13, 12.18, 9.83, 63.59
0, 6664479, 934, -54, -7.56, 0.13, 12.18, 9.83, 72.38
0, 6670779, 958, -57, -5.44, 0.13, 11.85, 10.59, 79.28
0, 6679749, 1101, -51, -2.44, 0.13, 11.71, 8.75, 87.56
0, 6688633, 1296, -39, -2.44, 0.44, 12.99, 10.07, 93.78
0, 6698159, 1548, -16, -0.50, 0.62, 11.97, 10.07, 98.13
0, 6705038, 1732, 3, 0.44, 0.56, 11.97, 9.72, 99.70
0, 6711164, 1863, 17, 2.37, 0.56, 12.14, 9.72, 99.97
0, 6717058, 2013, 30, 2.37, 0.37, 11.59, 9.95, 99.22
0, 6724296, 2267, 54, 4.81, 0.13, 12.32, 9.59, 96.97
0, 6733264, 2645, 91, 7.37, -0.06, 12.39, 9.73, 92.19
0, 6742850, 2929, 120, 9.69, -0.31, 12.39, 9.68, 84.75
0, 6751622, 3178, 143, 13.06, -0.31, 12.14, 9.68, 76.01
0, 6757571, 3377, 163, 13.06, -0.69, 11.96, 9.69, 69.12
0, 6763431, 3567, 182, 16.94, -0.69, 11.96, 9.93, 61.66
0, 6769392, 3674, 197, 19.75, -1.00, 12.03, 9.74, 53.45
0, 6777997, 3704, 200, 19.75, -1.25, 11.71, 9.74, 40.68
0, 6787710, 3698, 202, 22.75, -1.50, 11.61, 9.64, 25.24
0, 6796866, 3687, 204, 25.62, -1.69, 11.92, 9.82, 10.07
0, 6803955, 3668, 206, 26.56, -1.69, 11.92, 9.62, -1.86
0, 6809821, 3631, 207, 26.56, -1.75, 11.72, 9.62, -11.72
0, 6815523, 3567, 207, 26.56, -1.75, 11.72, 9.68, -21.20
0, 6821593, 3488, 208, 26.44, -1.75, 11.81, 9.90, -31.07
0, 6830828, 3336, 210, 26.12, -1.75, 11.82, 9.66, -45.43
0, 6840431, 3024, 215, 25.25, -1.81, 11.79, 9.69, -59.19
0, 6849210, 2662, 231, 25.25, -1.87, 11.60, 9.69, -70.43
0, 6855491, 2484, 232, 23.87, -1.87, 11.60, 9.53, -77.54
0, 6861616, 2286, 227, 21.69, -1.87, 12.15, 9.53, -83.63
0, 6867329, 2036, 203, 21.69, -1.94, 11.94, 9.30, -88.52
0, 6874235, 1747, 178, 17.94, -2.00, 11.34, 9.84, -93.32
0, 6883648, 1377, 144, 14.69, -1.94, 12.18, 9.65, -97.83
0, 6893126, 914, 100, 11.19, -1.62, 12.18, 9.80, -99.88
0, 6901783, 542, 65, 7.06, -1.62, 11.66, 9.80, -99.53
0, 6907487, 315, 45, 7.06, -1.31, 11.75, 9.97, -98.14
0, 6913416, 111, 25, 3.06, -1.31, 11.75, 9.69, -95.74
0, 6919128, 12, 15, 3.06, -0.94, 12.68, 9.69, -92.52
0, 6927792, -39, 10, -1.62, -0.56, 13.44, 9.73, -86.02
0, 6937134, -36, 10, -5.62, -0.25, 12.59, 9.82, -76.95
0, 6945632, -33, 9, -8.75, -0.19, 12.29, 9.78, -67.05
0, 6953611, -28, 8, -9.81, -0.19, 12.29, 9.77, -56.49
0, 6960665, -23, 7, -9.88, -0.19, 12.09, 9.77, -46.31
0, 6968934, -17, 6, -9.88, -0.19, 12.03, 9.81, -33.55
0, 6976576, -8, 5, -9.81, -0.13, 11.99, 9.76, -21.17
0, 6984699, 4, 2, -9.75, -0.13, 11.99, 9.80, -7.63
0, 6993343, 30, -1, -9.69, -0.13, 11.99, 9.80, 6.93
0, 7002193, 110, -3, -9.63, -0.13, 11.96, 9.80, 21.68
0, 7007898, 201, -3, -9.63, -0.06, 12.08, 9.79, 30.95
0, 7013842, 325, -4, -9.44, -0.06, 12.08, 9.72, 40.31
0, 7019546, 474, -6, -9.44, -0.06, 12.37, 9.72, 48.91
0, 7026443, 707, -9, -9.13, -0.06, 12.39, 9.66, 58.69
0, 7034659, 930, -36, -8.00, -0.06, 11.82, 9.80, 69.31
0, 7044297, 976, -53, -6.00, 0.13, 11.37, 11.15, 80.06
0, 7053455, 1133, -50, -3.06, 0.13, 11.37, 11.15, 88.32
0, 7059353, 1261, -42, -3.06, 0.44, 12.83, 8.17, 92.54
0, 7065305, 1409, -30, -0.62, 0.37, 12.83, 10.62, 95.87
0, 7071539, 1589, -12, 0.06, 0.37, 12.23, 9.56, 98.32
0, 7081575, 1833, 14, 1.81, 0.31, 12.15, 9.79, 99.99
0, 7091485, 2097, 38, 4.12, 0.06, 12.27, 9.82, 98.83
0, 7101677, 2501, 76, 6.81, -0.19, 12.27, 9.82, 94.78
0, 7107388, 2732, 101, 6.81, -0.37, 12.47, 9.84, 91.27
0, 7113500, 2900, 118, 9.06, -0.37, 12.47, 9.84, 86.59
0, 7119472, 3058, 131, 9.06, -0.75, 12.14, 9.53, 81.12
0, 7126947, 3289, 154, 12.19, -1.06, 11.90, 10.01, 73.13
0, 7134781, 3557, 181, 16.19, -1.31, 12.04, 9.73, 63.51
0, 7143855, 3709, 201, 19.12, -1.56, 11.77, 9.84, 51.00
0, 7152486, 3724, 203, 22.00, -1.56, 11.77, 9.84, 38.00
0, 7158185, 3718, 204, 22.00, -1.81, 11.56, 9.91, 28.95
0, 7163963, 3712, 205, 25.12, -1.81, 11.56, 9.72, 19.50
0, 7170008, 3702, 207, 26.62, -1.87, 11.84, 9.72, 9.43
0, 7178729, 3678, 208, 26.62, -1.94, 11.81, 9.72, -5.26
0, 7186279, 3622, 209, 26.75, -1.94, 11.81, 9.79, -17.89
0, 7193933, 3523, 210, 26.62, -1.94, 11.71, 9.79, -30.40
0, 7202565, 3381, 211, 26.44, -1.94, 11.71, 9.79, -43.89
0, 7208272, 3239, 213, 26.44, -2.00, 11.96, 9.81, -52.32
0, 7214012, 3001, 218, 25.87, -2.00, 11.96, 9.81, -60.31
0, 7219963, 2729, 230, 24.62, -2.00, 11.63, 9.64, -67.99
0, 7225765, 2538, 234, 24.62, -2.06, 11.93, 9.72, -74.83
0, 7234015, 2287, 227, 22.81, -2.12, 12.83, 9.39, -83.30
0, 7242580, 1930, 194, 19.19, -2.12, 12.83, 10.05, -90.39
0, 7252308, 1555, 160, 15.44, -2.19, 11.38, 10.05, -96.16
0, 7258014, 1336, 141, 15.44, -1.87, 11.60, 9.67, -98.35
0, 7264048, 1033, 112, 12.31, -1.87, 11.60, 9.67, -99.68
0, 7270236, 733, 83, 8.31, -1.56, 12.02, 9.81, -99.97
0, 7278078, 421, 54, 8.31, -1.25, 11.37, 9.65, -98.78
0, 7285883, 128, 26, 4.56, -0.81, 12.53, 10.02, -95.88
0, 7294058, -6, 13, 0.06, -0.50, 13.15, 9.84, -91.07
0, 7302888, -35, 10, -4.31, -0.50, 13.15, 9.84, -83.94
0, 7308592, -33, 10, -4.31, -0.25, 12.81, 9.78, -78.33
0, 7314408, -31, 9, -7.87, -0.25, 12.81, 9.78, -71.87
0, 7320336, -28, 9, -9.63, -0.19, 12.44, 9.80, -64.58
0, 7327021, -24, 9, -9.63, -0.13, 12.05, 9.73, -55.59
0, 7334648, -19, 8, -9.81, -0.13, 12.03, 9.80, -44.47
0, 7343523, -12, 6, -9.81, -0.13, 11.96, 9.72, -30.62
0, 7352672, -2, 5, -9.75, -0.13, 11.96, 9.72, -15.64
0, 7358390, 10, 2, -9.75, -0.13, 12.00, 9.81, -6.06
0, 7364287, 30, -1, -9.69, -0.13, 12.00, 9.81, 3.87
0, 7369993, 70, -2, -9.63, -0.13, 12.04, 9.79, 13.45
0, 7376282, 152, -3, -9.63, -0.06, 12.14, 9.70, 23.86
0, 7384262, 294, -4, -9.50, -0.06, 12.35, 9.71, 36.67
0, 7393139, 498, -6, -9.19, -0.06, 12.35, 9.67, 50.13
0, 7402163, 786, -12, -8.25, -0.06, 12.30, 9.67, 62.66
0, 7407873, 929, -33, -8.25, 0.00, 11.99, 9.82, 69.86
0, 7414442, 967, -57, -6.56, 0.00, 11.99, 9.85, 77.34
0, 7422423, 1085, -49, -4.12, 0.00, 11.18, 9.85, 85.14
0, 7431189, 1271, -41, -1.31, 0.37, 12.21, 10.70, 91.94
0, 7439406, 1477, -23, -1.31, 0.44, 12.56, 10.44, 96.49
0, 7446554, 1679, -3, -0.06, 0.37, 12.10, 9.64, 98.95
0, 7454624, 1855, 16, 1.44, 0.37, 12.10, 9.64, 100.00
0, 7460320, 1995, 29, 1.44, 0.19, 12.05, 9.61, 99.62
0, 7466025, 2187, 46, 3.62, 0.19, 12.05, 9.89, 98.33
0, 7471965, 2422, 68, 6.25, -0.06, 12.20, 9.89, 96.02
0, 7481018, 2776, 106, 8.56, -0.31, 12.53, 9.80, 90.66
0, 7488763, 2980, 124, 8.56, -0.56, 12.07, 9.58, 84.40
0, 7495801, 3187, 144, 11.38, -0.94, 11.79, 9.63, 77.46
0, 7504334, 3484, 173, 15.25, -0.94, 11.79, 9.63, 67.59
0, 7510040, 3647, 191, 15.25, -1.19, 11.79, 9.70, 60.20
0, 7515992, 3714, 201, 15.25, -1.19, 12.06, 9.85, 51.90
0, 7522081, 3725, 202, 21.25, -1.50, 11.89, 9.85, 42.87
0, 7530371, 3721, 204, 24.56, -1.75, 11.30, 9.45, 29.87
0, 7537379, 3712, 205, 24.56, -1.87, 11.85, 9.77, 18.42
0, 7545182, 3699, 207, 26.56, -1.87, 11.77, 9.67, 5.37
0, 7554316, 3662, 208, 26.81, -1.87, 11.77, 9.67, -10.01
0, 7560023, 3609, 209, 26.81, -1.94, 11.82, 9.67, -19.52
0, 7565927, 3524, 210, 26.69, -1.94, 11.82, 9.67, -29.17
0, 7572165, 3423, 211, 26.56, -1.94, 11.69, 9.85, -39.05
0, 7580376, 3230, 213, 26.12, -1.94, 11.90, 9.73, -51.37
0, 7586408, 2995, 219, 26.12, -2.00, 11.62, 9.62, -59.82
0, 7594401, 2662, 234, 25.00, -2.00, 12.01, 9.51, -70.04
0, 7602847, 2435, 233, 23.31, -2.06, 12.01, 9.51, -79.46
0, 7608557, 2245, 223, 23.31, -2.12, 12.73, 10.27, -84.92
0, 7614358, 1988, 199, 20.31, -2.12, 12.73, 10.27, -89.67
0, 7620065, 1752, 178, 20.31, -2.19, 11.62, 9.91, -93.51
0, 7626161, 1511, 156, 16.44, -2.06, 11.37, 9.60, -96.65
0, 7634521, 1135, 122, 13.63, -2.06, 12.20, 9.77, -99.30
0, 7644133, 681, 79, 9.75, -1.69, 11.38, 9.80, -99.91
0, 7653647, 325, 45, 5.75, -1.37, 11.38, 9.80, -97.93
0, 7659353, 129, 26, 5.75, -1.00, 12.39, 9.86, -95.53
0, 7665055, 28, 17, 1.50, -1.00, 12.39, 9.86, -92.26
0, 7670758, -15, 13, -3.00, -0.62, 12.48, 9.63, -88.13
0, 7678418, -17, 12, -3.00, -0.31, 13.17, 9.69, -81.31
0, 7686173, -15, 11, -6.69, -0.31, 12.55, 9.81, -73.03
0, 7694709, -11, 11, -9.13, -0.19, 12.01, 9.70, -62.48
0, 7704674, -5, 10, -9.69, -0.19, 12.01, 9.70, -48.55
0, 7710377, 1, 9, -9.69, -0.13, 12.08, 9.83, -39.93
0, 7716561, 8, 8, -9.63, -0.13, 11.95, 9.78, -30.18
0, 7724362, 16, 6, -9.63, -0.13, 12.06, 9.76, -17.41
0, 7734104, 31, 2, -9.56, -0.13, 12.06, 9.76, -1.08
0, 7743138, 77, 0, -9.44, -0.13, 12.06, 9.73, 14.10
0, 7753197, 211, -2, -9.38, -0.06, 12.03, 9.81, 30.60
0, 7758902, 316, -2, -9.38, -0.06, 12.22, 9.71, 39.60
0, 7764816, 465, -4, -9.19, -0.06, 12.22, 9.71, 48.54
0, 7770522, 654, -6, -8.56, 0.00, 12.58, 9.83, 56.71
0, 7776441, 856, -14, -8.56, 0.00, 12.21, 9.70, 64.64
0, 7785066, 986, -56, -7.25, 0.00, 11.27, 10.28, 75.01
0, 7794827, 1142, -49, -5.00, 0.00, 12.03, 8.72, 84.83
0, 7805062, 1353, -34, -1.87, 0.19, 12.03, 8.72, 92.66
0, 7810767, 1496, -21, -0.37, 0.44, 12.38, 10.04, 95.84
0, 7816685, 1660, -5, -0.37, 0.44, 12.38, 10.04, 98.21
0, 7822578, 1791, 9, 1.12, 0.37, 11.93, 9.81, 99.59
0, 7830348, 1960, 26, 3.12, 0.19, 12.06, 9.81, 99.92
0, 7839091, 2245, 52, 3.12, 0.00, 12.12, 9.64, 98.24
0, 7848325, 2628, 89, 5.62, -0.25, 12.50, 9.86, 94.15
0, 7856229, 2871, 116, 8.13, -0.25, 12.50, 9.86, 88.84
0, 7862133, 3022, 129, 11.81, -0.50, 12.09, 9.57, 83.84
0, 7867838, 3188, 145, 11.81, -0.50, 11.51, 9.94, 78.22
0, 7874013, 3393, 166, 15.50, -0.88, 11.51, 9.94, 71.33
0, 7883460, 3660, 194, 18.12, -1.12, 12.07, 9.77, 59.31
0, 7893239, 3730, 202, 20.75, -1.37, 11.90, 9.70, 45.29
0, 7902852, 3726, 204, 23.25, -1.69, 11.36, 9.73, 30.32
0, 7908558, 3717, 205, 23.25, -1.69, 11.75, 9.73, 21.03
0, 7914515, 3708, 207, 23.87, -1.81, 11.75, 9.68, 11.12
0, 7920226, 3695, 208, 23.87, -1.87, 11.82, 9.79, 1.52
0, 7926181, 3662, 209, 24.50, -1.87, 11.84, 9.72, -8.51
0, 7935612, 3564, 210, 24.44, -1.87, 11.64, 9.80, -24.18
0, 7945296, 3442, 210, 24.06, -1.94, 12.07, 9.83, -39.62
0, 7954741, 3234, 213, 23.19, -1.94, 12.07, 9.83, -53.68
0, 7960452, 3005, 217, 23.19, -1.94, 11.57, 9.67, -61.54
0, 7966416, 2728, 230, 21.94, -1.94, 11.57, 9.67, -69.14
0, 7972321, 2534, 234, 19.81, -2.00, 11.39, 9.53, -75.98
0, 7980466, 2285, 227, 15.81, -2.00, 12.67, 9.24, -84.16
0, 7989534, 1907, 192, 15.81, -2.12, 11.72, 10.62, -91.40
0, 7998694, 1556, 160, 12.44, -2.12, 11.50, 9.62, -96.55
0, 8006863, 1219, 130, 9.00, -2.12, 11.50, 9.62, -99.21
0, 8012725, 928, 102, 5.06, -1.81, 12.19, 9.82, -99.96
0, 8018431, 668, 77, 5.06, -1.81, 11.48, 9.82, -99.76
0, 8024581, 442, 56, 1.25, -1.50, 11.48, 9.74, -98.51
0, 8033472, 128, 26, -3.37, -1.19, 11.89, 9.82, -94.83
0, 8042616, -1, 14, -7.31, -0.75, 11.90, 9.67, -88.84
0, 8051316, -16, 12, -10.50, -0.44, 13.40, 9.87, -81.17
0, 8058214, -13, 11, -10.50, -0.44, 12.57, 9.87, -73.85
0, 8064129, -10, 11, -11.69, -0.19, 12.57, 9.80, -66.77
0, 8069838, -7, 10, -11.69, -0.19, 12.23, 9.69, -59.31
0, 8076002, -3, 10, -11.81, -0.13, 12.09, 9.77, -50.64
0, 8085347, 3, 9, -11.75, -0.13, 11.97, 9.77, -36.49
0, 8094891, 13, 7, -11.69, -0.13, 11.97, 9.73, -21.10
0, 8104986, 28, 3, -11.63, -0.13, 11.97, 9.82, -4.25
0, 8110692, 46, 2, -11.63, -0.13, 12.05, 9.78, 5.37
0, 8116755, 99, 0, -11.56, -0.06, 12.05, 9.78, 15.53
0, 8122712, 186, -1, -11.44, -0.06, 12.02, 9.72, 25.35
0, 8130017, 318, -2, -11.44, 0.00, 12.26, 9.78, 37.04
0, 8137869, 501, -4, -10.94, 0.00, 12.45, 9.64, 48.98
0, 8146748, 785, -9, -9.63, 0.00, 12.12, 9.80, 61.43
0, 8156019, 965, -54, -7.69, 0.00, 12.12, 9.80, 72.96
0, 8161719, 981, -58, -4.94, 0.00, 11.69, 9.74, 79.18
0, 8167446, 1038, -51, -4.94, 0.06, 11.90, 9.74, 84.70
0, 8173155, 1153, -50, -2.62, 0.50, 11.90, 8.12, 89.42
0, 8182123, 1363, -33, -2.00, 0.50, 13.07, 10.10, 95.14
0, 8191873, 1632, -8, -0.31, 0.37, 12.07, 9.75, 98.90
0, 8201430, 1850, 15, 2.00, 0.19, 12.01, 9.86, 99.99
0, 8208209, 2021, 31, 2.00, 0.19, 11.67, 9.86, 99.20
0, 8214084, 2225, 50, 4.62, -0.06, 11.67, 9.72, 97.46
0, 8219794, 2453, 71, 4.62, -0.06, 12.36, 9.72, 94.86
0, 8225697, 2696, 97, 6.87, -0.31, 12.35, 9.85, 91.25
0, 8235519, 2962, 123, 9.94, -0.56, 12.06, 9.63, 83.26
0, 8245445, 3249, 151, 13.81, -0.94, 11.96, 9.89, 72.88
0, 8255369, 3572, 183, 16.75, -1.19, 11.96, 9.79, 60.46
0, 8261074, 3674, 197, 16.75, -1.19, 12.06, 9.76, 52.53
0, 8266779, 3701, 199, 19.56, -1.44, 12.06, 9.76, 44.12
0, 8272745, 3697, 201, 22.69, -1.75, 11.69, 9.70, 34.88
0, 8280024, 3691, 202, 22.69, -1.75, 11.60, 9.68, 23.15
0, 8289079, 3681, 203, 24.25, -1.81, 11.91, 9.76, 8.09
0, 8298764, 3651, 205, 24.31, -1.87, 11.77, 9.65, -8.22
0, 8307783, 3572, 206, 24.25, -1.87, 11.79, 9.65, -23.21
0, 8313496, 3499, 207, 24.06, -1.87, 11.79, 9.88, -32.46
0, 8319441, 3395, 207, 24.06, -1.87, 11.76, 9.88, -41.76
0, 8325144, 3251, 209, 23.50, -1.87, 11.76, 9.80, -50.29
0, 8333975, 2890, 218, 22.31, -1.94, 11.77, 9.66, -62.55
0, 8343184, 2555, 232, 20.19, -1.94, 11.48, 9.67, -73.86
0, 8352883, 2286, 227, 16.44, -2.06, 11.89, 9.36, -83.85
0, 8359779, 2001, 200, 16.44, -2.06, 12.28, 9.36, -89.60
0, 8365483, 1770, 179, 13.06, -2.12, 12.28, 9.95, -93.45
0, 8371188, 1543, 159, 10.13, -2.12, 11.41, 9.79, -96.44
0, 8377276, 1290, 136, 10.13, -1.94, 12.15, 9.79, -98.64
0, 8386579, 825, 92, 6.12, -1.62, 11.69, 9.78, -100.00
0, 8396396, 434, 55, 2.25, -1.25, 11.76, 9.71, -98.77
0, 8406631, 86, 22, -2.37, -0.88, 11.76, 9.95, -94.62
0, 8412588, 2, 14, -6.56, -0.88, 12.72, 9.79, -90.89
0, 8418528, -24, 12, -6.56, -0.50, 13.36, 9.79, -86.27
0, 8424443, -21, 11, -10.06, -0.25, 13.36, 9.82, -80.81
0, 8433494, -19, 11, -11.69, -0.13, 12.70, 9.77, -70.92
0, 8443327, -14, 10, -11.88, -0.13, 12.25, 9.72, -58.32
0, 8453273, -8, 9, -11.81, -0.13, 12.11, 9.79, -43.94
0, 8460287, 0, 8, -11.81, -0.13, 12.03, 9.69, -33.04
0, 8467342, 9, 6, -11.81, -0.13, 12.03, 9.69, -21.61
0, 8474390, 19, 4, -11.75, -0.06, 12.03, 9.83, -9.89
0, 8483754, 44, 1, -11.63, -0.06, 12.00, 9.77, 5.88
0, 8493629, 131, -1, -11.50, -0.06, 12.00, 9.74, 22.34
0, 8503748, 298, -3, -11.25, 0.00, 12.06, 9.79, 38.56
0, 8510648, 453, -4, -11.25, 0.00, 12.35, 9.79, 49.00
0, 8517321, 673, -7, -10.38, 0.00, 12.35, 9.77, 58.48
0, 8524136, 898, -20, -8.75, 0.00, 12.42, 9.85, 67.39
0, 8533732, 993, -53, -6.31, 0.06, 12.03, 9.77, 78.41
0, 8543657, 1162, -48, -3.25, 0.31, 11.26, 11.19, 87.65
0, 8553781, 1388, -31, -2.00, 0.50, 12.56, 10.55, 94.55
0, 8560822, 1578, -13, -2.00, 0.50, 12.15, 10.55, 97.74
0, 8566736, 1731, 3, -0.44, 0.44, 12.15, 9.43, 99.36
0, 8572777, 1857, 16, 1.75, 0.44, 12.21, 9.54, 99.99
0, 8580170, 2048, 33, 1.75, 0.25, 12.06, 9.70, 99.36
0, 8589834, 2407, 67, 4.31, 0.00, 12.43, 9.80, 96.21
0, 8599614, 2784, 107, 6.56, -0.19, 12.38, 9.58, 90.43
0, 8608637, 3021, 128, 9.44, -0.50, 12.01, 9.58, 82.92
0, 8614563, 3197, 145, 13.31, -0.50, 12.01, 9.60, 76.94
0, 8620275, 3389, 165, 13.31, -0.81, 12.01, 9.60, 70.44
0, 8626230, 3582, 184, 16.44, -1.12, 12.02, 9.64, 62.97
0, 8635683, 3711, 201, 19.19, -1.37, 11.75, 9.87, 49.85
0, 8644625, 3719, 202, 22.37, -1.69, 11.75, 9.54, 36.27
0, 8654295, 3712, 204, 24.25, -1.81, 11.61, 9.85, 20.66
0, 8661058, 3699, 206, 24.25, -1.81, 11.87, 9.85, 9.40
0, 8666943, 3683, 207, 24.50, -1.81, 11.87, 9.75, -0.50
0, 8672887, 3644, 207, 24.44, -1.81, 11.83, 9.63, -10.50
0, 8679643, 3568, 208, 24.44, -1.87, 11.80, 9.86, -21.74
0, 8689631, 3445, 209, 24.25, -1.87, 11.84, 9.70, -37.78
0, 8699090, 3262, 211, 23.69, -1.87, 11.87, 9.70, -52.01
0, 8707891, 2909, 219, 22.56, -1.94, 11.87, 9.63, -64.06
0, 8713593, 2668, 234, 21.19, -1.94, 11.62, 9.72, -71.13
0, 8719301, 2495, 234, 21.19, -1.94, 12.04, 9.72, -77.56
0, 8725257, 2307, 229, 18.37, -2.00, 12.04, 9.87, -83.49
0, 8733017, 1974, 198, 14.38, -2.12, 12.57, 10.14, -89.96
0, 8741912, 1622, 166, 11.25, -2.12, 11.25, 9.73, -95.47
0, 8750792, 1272, 134, 11.25, -2.06, 11.67, 9.71, -98.84
0, 8759429, 843, 94, 7.31, -1.69, 11.95, 9.71, -100.00
0, 8765304, 590, 70, 3.50, -1.69, 11.95, 9.70, -99.58
0, 8771010, 373, 50, 3.50, -1.37, 11.40, 9.70, -98.23
0, 8776956, 153, 29, -0.69, -1.00, 12.54, 9.90, -95.86
0, 8785762, 7, 15, -5.25, -0.62, 13.07, 9.60, -90.60
0, 8794814, -18, 12, -9.00, -0.31, 13.07, 9.88, -83.11
0, 8804450, -15, 11, -11.31, -0.13, 12.86, 9.79, -73.03
0, 8811405, -11, 11, -11.31, -0.13, 12.43, 9.79, -64.54
0, 8817209, -7, 10, -11.81, -0.13, 12.43, 9.70, -56.77
0, 8823213, -3, 10, -11.81, -0.13, 12.07, 9.80, -48.16
0, 8830526, 2, 9, -11.81, -0.13, 12.04, 9.80, -37.02
0, 8839354, 11, 7, -11.75, -0.13, 12.00, 9.71, -22.84
0, 8848447, 24, 4, -11.69, -0.06, 12.03, 9.79, -7.71
0, 8857649, 54, 1, -11.63, -0.06, 12.03, 9.75, 7.79
0, 8863640, 103, 0, -11.50, -0.06, 11.93, 9.75, 17.80
0, 8869575, 195, -1, -11.50, -0.06, 12.04, 9.74, 27.54
0, 8875580, 312, -2, -11.31, 0.00, 12.04, 9.76, 37.11
0, 8883670, 510, -4, -10.69, 0.00, 12.44, 9.81, 49.39
0, 8892723, 800, -10, -9.06, 0.00, 12.38, 9.73, 62.03
0, 8902366, 967, -58, -6.75, 0.00, 11.87, 10.09, 73.91
0, 8910225, 977, -58, -6.75, 0.06, 11.12, 10.09, 82.16
0, 8915934, 980, -58, -3.81, 0.06, 11.12, 9.65, 87.26
0, 8921722, 982, -58, -2.37, 0.19, 11.80, 9.65, 91.60
0, 8927594, 985, -58, -2.37, 0.56, 12.33, 9.32, 95.12
0, 8936077, 1109, -53, -2.25, 0.56, 12.04, 9.97, 98.54
0, 8945452, 1364, -34, -2.25, 0.56, 13.02, 9.79, 99.99
0, 8955157, 1667, -4, -1.50, 0.50, 13.02, 9.65, 98.87
0, 8962253, 1839, 14, 0.94, 0.50, 12.19, 9.65, 96.37
0, 8967956, 1973, 27, 0.94, 0.31, 11.82, 9.81, 93.36
0, 8973956, 2155, 44, 3.87, 0.31, 11.82, 9.78, 89.26
0, 8981728, 2424, 69, 6.37, 0.06, 11.70, 9.78, 82.61
0, 8990049, 2694, 98, 6.37, -0.19, 12.09, 9.76, 73.92
0, 8998983, 2840, 113, 9.06, -0.44, 11.70, 9.73, 62.98
0, 9007658, 2929, 120, 12.38, -0.69, 11.70, 9.58, 50.99
0, 9013975, 2971, 124, 15.06, -0.69, 11.29, 9.58, 41.56
0, 9019934, 2979, 125, 15.06, -0.94, 11.83, 9.76, 32.23
0, 9025650, 2976, 126, 16.37, -1.06, 11.83, 9.72, 22.97
0, 9033477, 2966, 129, 17.12, -1.06, 11.67, 9.70, 9.97
0, 9043205, 2947, 134, 17.25, -1.12, 11.93, 9.74, -6.41
0, 9052984, 2891, 136, 17.12, -1.12, 11.93, 9.84, -22.69
0, 9061040, 2765, 138, 17.12, -1.12, 11.70, 9.84, -35.67
0, 9066928, 2611, 140, 16.94, -1.19, 11.70, 9.77, -44.75
0, 9072635, 2423, 142, 16.31, -1.19, 11.81, 9.77, -53.13
0, 9079417, 2131, 153, 16.31, -1.25, 11.34, 9.82, -62.45
0, 9086458, 1877, 173, 14.56, -1.25, 12.00, 9.57, -71.26
0, 9095330, 1719, 170, 11.50, -1.31, 12.00, 9.40, -80.92
0, 9104088, 1563, 156, 7.56, -1.31, 13.26, 10.10, -88.68
0, 9111923, 1386, 141, 5.37, -1.50, 11.76, 10.10, -93.99
0, 9117631, 1181, 123, 5.37, -1.50, 11.76, 9.56, -96.84
0, 9123566, 952, 102, 3.62, -1.50, 11.97, 9.56, -98.84
0, 9130702, 702, 79, 3.62, -1.37, 11.52, 9.79, -99.95
0, 9140338, 412, 53, 1.25, -1.19, 12.22, 9.81, -99.15
0, 9149750, 111, 24, -2.31, -0.88, 12.54, 9.70, -95.85
0, 9157492, 7, 14, -5.62, -0.56, 12.54, 9.73, -91.32
0, 9164391, -13, 13, -8.69, -0.56, 12.92, 9.73, -85.98
0, 9170106, -11, 12, -8.69, -0.31, 12.86, 9.92, -80.67
0, 9175823, -9, 12, -11.13, -0.13, 12.86, 9.72, -74.60
0, 9183985, -6, 11, -11.81, -0.13, 12.47, 9.69, -64.77
0, 9193562, -1, 10, -11.75, -0.06, 11.95, 9.78, -51.68
0, 9203749, 7, 9, -11.75, -0.06, 12.08, 9.71, -36.29
0, 9211890, 17, 7, -11.69, -0.06, 12.04, 9.71, -23.20
0, 9217594, 27, 6, -11.69, -0.06, 11.99, 9.78, -13.76
0, 9224122, 40, 2, -11.63, -0.06, 11.99, 9.81, -2.80
0, 9233743, 88, 1, -11.50, -0.06, 11.99, 9.74, 13.38
0, 9242587, 195, 0, -11.31, 0.00, 12.11, 9.74, 27.95
0, 9250818, 347, -2, -11.31, 0.00, 12.14, 9.73, 40.96
0, 9258566, 549, -4, -10.81, 0.06, 12.48, 9.73, 52.49
0, 9265462, 782, -8, -9.63, 0.06, 12.48, 9.73, 62.01
0, 9271342, 945, -27, -9.63, 0.06, 12.19, 9.79, 69.47
0, 9277226, 988, -60, -7.69, 0.06, 11.30, 9.82, 76.25
0, 9285126, 1068, -48, -4.87, 0.06, 11.30, 10.77, 84.16
0, 9293982, 1251, -44, -2.44, 0.13, 12.15, 10.39, 91.26
0, 9303942, 1498, -21, -1.56, 0.19, 12.95, 9.66, 96.81
0, 9312271, 1722, 2, 0.31, 0.13, 11.82, 9.66, 99.36
0, 9317983, 1843, 15, 0.31, -0.13, 11.82, 9.70, 99.99
0, 9324085, 1991, 28, 2.69, -0.13, 12.03, 9.70, 99.63
0, 9331047, 2226, 50, 2.69, -0.37, 12.00, 9.67, 97.94
0, 9338334, 2523, 78, 5.19, -0.56, 12.50, 9.83, 94.72
0, 9346544, 2814, 110, 7.50, -0.88, 12.09, 9.67, 89.39
0, 9355577, 3045, 130, 10.81, -0.88, 12.09, 9.56, 81.56
0, 9363904, 3302, 156, 14.63, -1.19, 11.54, 9.56, 72.66
0, 9369606, 3499, 175, 14.63, -1.44, 12.06, 9.79, 65.74
0, 9375931, 3654, 194, 17.37, -1.44, 11.96, 9.78, 57.34
0, 9384219, 3711, 200, 20.31, -1.75, 11.96, 9.63, 45.38
0, 9393771, 3707, 202, 23.31, -2.00, 11.44, 9.69, 30.50
0, 9402704, 3698, 203, 24.44, -2.12, 11.76, 9.69, 15.87
0, 9410188, 3682, 206, 24.44, -2.12, 11.81, 9.72, 3.33
0, 9416365, 3657, 206, 24.50, -2.12, 11.81, 9.72, -7.08
0, 9422293, 3602, 207, 24.50, -2.12, 11.87, 9.75, -16.99
0, 9428002, 3533, 208, 24.37, -2.19, 11.63, 9.75, -26.38
0, 9435544, 3424, 208, 24.12, -2.19, 11.63, 9.79, -38.40
0, 9444263, 3232, 210, 23.37, -2.19, 11.97, 9.66, -51.51
0, 9452983, 2886, 219, 22.06, -2.25, 11.63, 9.66, -63.51
0, 9459666, 2622, 233, 22.06, -2.25, 11.29, 9.75, -71.79
0, 9466322, 2439, 232, 20.12, -2.25, 11.29, 9.75, -79.13
0, 9472032, 2244, 223, 16.44, -2.31, 12.23, 8.93, -84.64
0, 9478206, 1973, 198, 16.44, -2.44, 11.91, 10.18, -89.71
0, 9485739, 1669, 170, 13.00, -2.44, 11.42, 9.80, -94.59
0, 9494574, 1327, 140, 9.75, -2.25, 11.42, 9.80, -98.35
0, 9503779, 874, 97, 5.69, -1.94, 12.27, 9.80, -99.96
0, 9511505, 549, 66, 5.69, -1.62, 11.35, 9.65, -99.46
0, 9517452, 320, 45, 1.87, -1.62, 11.35, 9.65, -97.93
0, 9523335, 121, 26, -2.69, -1.19, 12.08, 9.98, -95.44
0, 9530107, 14, 15, -2.69, -0.81, 12.14, 9.67, -91.42
0, 9536907, -17, 13, -6.81, -0.56, 13.39, 9.81, -86.18
0, 9545676, -14, 12, -10.19, -0.56, 12.61, 9.75, -77.78
0, 9554701, -11, 11, -11.63, -0.44, 12.61, 9.75, -67.35
0, 9562754, -6, 10, -11.75, -0.44, 12.03, 9.71, -56.73
0, 9568456, -1, 10, -11.75, -0.37, 12.07, 9.83, -48.56
0, 9575818, 5, 9, -11.69, -0.37, 12.00, 9.72, -37.37
0, 9584921, 13, 7, -11.63, -0.37, 12.00, 9.73, -22.76
0, 9593830, 26, 4, -11.56, -0.37, 11.99, 9.73, -7.93
0, 9602177, 53, 1, -11.50, -0.37, 12.06, 9.71, 6.13
0, 9608613, 105, 0, -11.50, -0.31, 12.07, 9.78, 16.90
0, 9615891, 215, -1, -11.38, -0.31, 12.07, 9.78, 28.83
0, 9621597, 321, -2, -11.38, -0.31, 12.24, 9.77, 37.89
0, 9627558, 463, -3, -11.06, -0.31, 12.48, 9.79, 46.98
0, 9635389, 714, -6, -10.00, -0.25, 12.48, 9.80, 58.19
0, 9644107, 947, -31, -8.19, -0.25, 12.20, 9.80, 69.47
0, 9653287, 979, -59, -5.50, -0.25, 11.46, 9.81, 79.73
0, 9659987, 982, -59, -5.50, 0.00, 11.90, 11.03, 86.02
0, 9666758, 985, -59, -2.87, 0.00, 11.90, 11.03, 91.27
0, 9672459, 987, -59, -2.19, 0.31, 12.16, 8.56, 94.77
0, 9678770, 1050, -53, -2.19, 0.31, 11.87, 9.60, 97.62
0, 9686151, 1238, -46, -2.12, 0.31, 12.34, 9.36, 99.56
0, 9695547, 1514, -20, -2.06, 0.25, 12.34, 9.99, 99.79
0, 9704569, 1777, 8, -0.50, 0.19, 11.89, 9.99, 97.67
0, 9712304, 1959, 25, -0.50, 0.00, 12.07, 9.67, 94.05
0, 9718210, 2138, 42, 2.19, 0.00, 12.07, 9.67, 90.20
0, 9724358, 2351, 62, 5.12, -0.31, 11.54, 9.65, 85.25
0, 9731302, 2598, 87, 5.12, -0.50, 12.37, 9.84, 78.57
0, 9737942, 2761, 106, 7.56, -0.81, 11.86, 9.74, 71.17
0, 9746375, 2871, 115, 10.69, -0.81, 11.30, 9.84, 60.50
0, 9756034, 2960, 122, 14.00, -1.12, 11.30, 9.84, 46.79
0, 9764293, 2997, 126, 15.88, -1.25, 11.73, 9.80, 34.07
0, 9769999, 2994, 127, 15.88, -1.25, 11.78, 9.75, 24.89
0, 9776204, 2986, 129, 16.87, -1.37, 11.78, 9.75, 14.64
0, 9784404, 2973, 133, 17.50, -1.37, 11.75, 9.63, 0.87
0, 9792872, 2948, 136, 17.50, -1.44, 11.93, 9.66, -13.36
0, 9799582, 2893, 137, 17.50, -1.44, 11.97, 9.83, -24.46
0, 9807434, 2752, 139, 17.31, -1.44, 11.70, 9.77, -37.04
0, 9815289, 2532, 142, 17.00, -1.50, 11.70, 9.77, -48.98
0, 9820996, 2332, 144, 17.00, -1.50, 11.69, 9.69, -57.13
0, 9826820, 2062, 161, 16.00, -1.50, 11.44, 9.69, -64.90
0, 9834874, 1830, 174, 13.75, -1.56, 11.44, 9.76, -74.60
0, 9844672, 1655, 164, 10.25, -1.62, 12.72, 9.56, -84.53
0, 9854151, 1471, 149, 6.69, -1.81, 12.46, 9.60, -91.96
0, 9860797, 1275, 132, 6.69, -1.75, 11.98, 9.79, -95.77
0, 9867589, 1009, 107, 4.87, -1.75, 11.98, 9.79, -98.43
0, 9873296, 804, 89, 3.00, -1.62, 11.33, 9.68, -99.67
0, 9880041, 598, 70, 3.00, -1.37, 12.14, 9.79, -99.95
0, 9887086, 379, 50, 0.06, -1.37, 12.32, 9.91, -98.86
0, 9896794, 89, 22, -3.56, -1.06, 12.02, 9.60, -95.08
0, 9906847, -8, 13, -6.56, -0.81, 12.02, 9.60, -88.50
0, 9915219, -10, 12, -9.69, -0.56, 13.30, 9.87, -81.07
0, 9920923, -7, 12, -9.69, -0.56, 12.50, 9.80, -75.07
0, 9926870, -4, 12, -11.38, -0.37, 12.14, 9.80, -68.08
0, 9935066, -1, 11, -11.69, -0.37, 12.14, 9.70, -57.35
0, 9945068, 5, 10, -11.63, -0.37, 12.07, 9.77, -42.79
0, 9954886, 14, 8, -11.63, -0.37, 11.99, 9.73, -27.32
0, 9961974, 26, 6, -11.63, -0.31, 12.04, 9.82, -15.65
0, 9968964, 38, 3, -11.56, -0.31, 11.94, 9.82, -3.94
0, 9974914, 60, 2, -11.44, -0.31, 11.94, 9.80, 6.09
0, 9982668, 132, 0, -11.31, -0.31, 11.94, 9.84, 19.05
0, 9989284, 232, 0, -11.31, -0.31, 12.25, 9.72, 29.85
0, 9997583, 394, -2, -11.13, -0.25, 12.33, 9.83, 42.87
0, 10007127, 663, -6, -10.31, -0.25, 12.33, 9.83, 56.79
