********************************************************************************
Obsolete PIO Core v6.1.11 is used (previous was 6.1.14)
Please remove multiple PIO Cores from a system:
https://docs.platformio.org/en/latest/core/installation/troubleshooting.html
********************************************************************************
--- Terminal on /dev/cu.usbmodem14303 | 230400 8-N-1
--- Available filters and text transformations: colorize, debug, default, direct, hexlify, log2file, nocontrol, printable, send_on_enter, time
--- More details at https://bit.ly/pio-monitor-filters
--- Quit: Ctrl+C | Menu: Ctrl+T | Help: Ctrl+T followed by Ctrl+H
start
pain
Waiting for ODrive...
pin
found ODrive
DC voltage: 24.01
Enabling closed loop control...
ODrive running!
end time:5000000
0, 32, -1638400, 131071, 243.31, 12.25, 11.79, 3.92, 100.00
0, 9950, 1975, 112, 243.62, 12.25, 11.79, 6.71, 99.80
0, 15873, 4087, 311, 244.00, 12.25, 14.68, 6.71, 99.50
0, 21704, 6223, 519, 244.00, 12.25, 2.93, 7.96, 99.07
0, 27633, 8437, 745, 244.62, 10.31, 2.93, 11.74, 98.50
0, 36109, 11533, 1023, 262.37, 6.94, 4.36, 10.84, 97.44
0, 44998, 14481, 1347, 283.12, 6.94, 12.56, 7.17, 96.03
0, 54111, 17730, 1689, 303.06, 3.81, 19.25, 11.26, 94.28
0, 62409, 20822, 2005, 303.06, 0.62, 15.47, 11.26, 92.41
0, 68340, 22993, 2215, 322.25, 0.62, 15.47, 10.20, 90.92
0, 74040, 25059, 2424, 340.81, -2.69, 16.67, 10.20, 89.37
0, 80440, 27435, 2651, 340.81, -6.06, 14.67, 10.70, 87.50
0, 90076, 30865, 2998, 358.69, -9.25, 13.09, 8.94, 84.41
0, 99878, 34218, 3335, 376.31, -12.44, 9.23, 10.15, 80.95
0, 109993, 37738, 3658, 393.87, -15.69, 9.23, 9.24, 77.05
0, 116191, 39793, 3855, 411.62, -15.69, 6.93, 9.24, 74.51
0, 122086, 41618, 4026, 411.62, -18.69, 3.74, 9.85, 71.99
0, 128032, 43377, 4202, 429.81, -21.50, 3.74, 7.56, 69.35
0, 136461, 45809, 4447, 448.50, -24.25, 5.49, 8.86, 65.44
0, 145367, 48238, 4684, 468.00, -24.25, 8.43, 9.30, 61.11
0, 154722, 50231, 4911, 488.25, -26.94, 11.96, 9.25, 56.35
0, 162648, 51703, 5061, 488.25, -29.50, 14.19, 9.25, 52.17
0, 168361, 52694, 5153, 509.12, -29.50, 14.19, 10.62, 49.08
0, 174157, 53581, 5241, 530.00, -31.81, 11.99, 10.62, 45.87
0, 180312, 54442, 5342, 530.00, -33.56, 11.97, 9.76, 42.40
0, 189128, 55621, 5465, 548.50, -35.00, 11.18, 9.46, 37.32
0, 198147, 56769, 5574, 564.75, -36.50, 10.34, 9.60, 32.01
0, 207782, 57796, 5669, 578.50, -37.69, 10.34, 9.90, 26.22
0, 214645, 58289, 5721, 591.31, -37.69, 10.85, 9.90, 22.03
0, 220360, 58537, 5745, 591.31, -38.75, 10.85, 9.62, 18.52
0, 226386, 58682, 5758, 602.87, -38.75, 10.32, 9.99, 14.78
0, 233136, 58729, 5762, 602.87, -39.50, 9.91, 9.99, 10.58
0, 242561, 58708, 5770, 611.44, -39.94, 9.39, 9.72, 4.67
0, 252232, 58659, 5792, 615.81, -40.06, 9.39, 9.41, -1.40
0, 261027, 58578, 5821, 617.12, -40.13, 9.39, 9.19, -6.92
0, 266732, 58505, 5827, 617.00, -40.13, 9.69, 9.19, -10.49
0, 272609, 58395, 5828, 617.00, -40.38, 9.03, 9.38, -14.16
0, 278372, 58271, 5829, 616.56, -40.63, 9.03, 9.88, -17.73
0, 286472, 58052, 5827, 615.69, -40.69, 9.26, 9.39, -22.72
0, 295689, 57662, 5794, 614.19, -40.69, 9.45, 9.46, -28.31
0, 305332, 57047, 5738, 612.06, -40.69, 9.51, 9.90, -34.07
0, 313295, 56347, 5677, 612.06, -40.50, 9.77, 9.90, -38.73
0, 318996, 55766, 5625, 608.62, -40.50, 9.77, 9.75, -42.01
0, 324826, 55063, 5560, 603.50, -40.06, 10.37, 9.75, -45.30
0, 330525, 54373, 5498, 603.50, -39.44, 10.46, 9.42, -48.46
0, 339031, 53354, 5399, 595.69, -38.63, 10.49, 9.85, -53.07
0, 348442, 52001, 5264, 585.50, -37.63, 11.13, 9.78, -57.98
0, 357858, 50147, 5097, 573.75, -36.56, 11.13, 9.70, -62.70
0, 365125, 48405, 4920, 561.69, -36.56, 12.65, 9.70, -66.19
0, 370838, 46910, 4767, 561.69, -35.13, 13.81, 10.33, -68.84
0, 376811, 45284, 4611, 546.06, -35.13, 13.81, 9.48, -71.51
0, 384499, 43213, 4392, 525.75, -33.25, 12.94, 9.48, -74.80
0, 393067, 40900, 4097, 525.75, -30.81, 10.25, 9.12, -78.27
0, 402500, 38045, 3794, 504.56, -28.37, 8.05, 9.08, -81.81
0, 411293, 35253, 3565, 483.94, -25.37, 7.28, 10.00, -84.87
0, 417264, 33498, 3390, 463.87, -25.37, 7.28, 10.00, -86.79
0, 423164, 31697, 3234, 463.87, -22.31, 3.96, 9.71, -88.57
0, 428875, 29806, 3077, 444.50, -19.81, 5.95, 10.11, -90.18
0, 436809, 26986, 2791, 425.87, -19.81, 5.95, 8.31, -92.22
0, 446133, 23538, 2435, 407.56, -17.37, 4.05, 10.86, -94.33
0, 456165, 19811, 2056, 389.75, -14.69, 13.18, 9.57, -96.23
0, 464024, 16984, 1795, 389.75, -11.38, 14.59, 9.57, -97.46
0, 469910, 14824, 1586, 372.37, -7.94, 14.59, 10.47, -98.22
0, 475732, 12695, 1385, 354.81, -7.94, 17.19, 10.47, -98.84
0, 482491, 10281, 1137, 354.81, -4.87, 17.08, 8.91, -99.40
0, 490597, 7356, 853, 336.81, -1.75, 15.07, 9.03, -99.83
0, 499142, 4288, 480, 318.25, 1.44, 15.51, 8.71, -100.00
0, 508834, 705, 109, 298.87, 4.69, 15.51, 8.33, -99.85
0, 516138, -1868, -97, 278.62, 4.69, 10.97, 8.33, -99.49
0, 521857, -3936, -301, 278.62, 8.50, 4.84, 9.57, -99.06
0, 527810, -6130, -485, 257.37, 8.50, 4.84, 8.61, -98.48
0, 535620, -8989, -803, 235.25, 11.81, 3.10, 7.90, -97.51
0, 544465, -12213, -1130, 212.69, 14.81, 3.27, 7.90, -96.12
0, 553524, -15537, -1477, 212.69, 17.94, 9.66, 9.80, -94.40
0, 562094, -18666, -1753, 189.87, 21.31, 11.66, 8.52, -92.49
0, 568111, -20889, -1970, 167.37, 21.31, 11.66, 10.55, -90.98
0, 574042, -23042, -2161, 167.37, 24.75, 13.21, 10.55, -89.37
0, 580183, -25312, -2399, 145.44, 27.75, 14.85, 10.05, -87.58
0, 588215, -27950, -2651, 124.37, 30.87, 14.89, 8.70, -85.03
0, 596805, -30655, -3013, 104.25, 30.87, 14.89, 10.40, -82.07
0, 606482, -33585, -3330, 84.94, 34.06, 14.81, 7.03, -78.44
0, 614619, -35971, -3565, 84.94, 37.00, 12.63, 7.03, -75.17
0, 620328, -37591, -3675, 66.25, 37.00, 12.63, 12.18, -72.76
0, 626306, -39188, -3831, 48.00, 40.56, 9.16, 12.18, -70.13
0, 633082, -40894, -3993, 48.00, 43.38, 7.17, 10.32, -67.03
0, 641126, -42810, -4141, 29.94, 45.69, 6.12, 8.64, -63.20
0, 649206, -44622, -4324, 11.94, 48.00, 7.08, 11.86, -59.18
0, 658717, -46666, -4560, -6.31, 48.00, 7.08, 9.18, -54.26
0, 666513, -48257, -4709, -24.87, 49.75, 7.50, 9.18, -50.08
0, 672218, -49290, -4818, -24.87, 51.81, 7.34, 10.39, -46.95
0, 678413, -50308, -4933, -43.81, 51.81, 7.34, 8.20, -43.48
0, 686813, -51560, -5059, -62.63, 53.88, 8.71, 11.44, -38.67
0, 696561, -52753, -5172, -79.94, 55.63, 9.75, 10.70, -32.95
0, 706590, -53642, -5254, -94.94, 57.19, 10.62, 10.70, -26.94
0, 714951, -54065, -5294, -108.12, 58.44, 10.45, 9.78, -21.84
0, 720658, -54206, -5306, -108.12, 59.25, 10.72, 10.24, -18.33
0, 726803, -54239, -5310, -118.37, 59.25, 10.72, 10.24, -14.52
0, 733581, -54229, -5312, -118.37, 59.81, 10.78, 9.55, -10.30
0, 741155, -54215, -5314, -125.19, 60.13, 10.31, 9.85, -5.55
0, 749190, -54192, -5316, -128.12, 60.19, 9.15, 9.63, -0.51
0, 758272, -54142, -5322, -128.44, 60.19, 9.15, 9.70, 5.20
0, 766608, -54040, -5328, -128.25, 60.25, 9.31, 9.70, 10.42
0, 772313, -53904, -5335, -128.25, 60.31, 9.41, 9.77, 13.97
0, 778485, -53679, -5355, -127.94, 60.31, 9.41, 9.63, 17.80
0, 786556, -53395, -5333, -127.25, 60.38, 9.74, 9.63, 22.77
0, 795090, -53014, -5298, -125.56, 60.50, 8.85, 9.82, 27.95
0, 803460, -52498, -5253, -125.56, 60.63, 9.62, 9.73, 32.96
0, 811053, -51875, -5198, -122.31, 60.38, 10.44, 10.00, 37.43
0, 818029, -51151, -5131, -118.62, 60.38, 10.44, 10.00, 41.45
0, 823744, -50461, -5064, -118.62, 59.94, 10.71, 9.68, 44.69
0, 829694, -49656, -4989, -113.44, 59.31, 10.26, 10.16, 48.01
0, 837548, -48518, -4882, -106.06, 59.31, 10.26, 9.73, 52.28
0, 846909, -46995, -4743, -96.00, 58.50, 9.77, 10.07, 57.20
0, 856555, -45022, -4559, -83.75, 57.44, 9.20, 10.07, 62.06
0, 864274, -43315, -4389, -83.75, 56.19, 9.79, 9.86, 65.79
0, 870189, -41938, -4239, -70.25, 56.19, 9.79, 9.66, 68.54
0, 875899, -40523, -4095, -54.44, 54.75, 7.53, 9.66, 71.11
0, 882662, -38698, -3911, -54.44, 53.00, 7.24, 9.40, 74.03
0, 889441, -36718, -3729, -35.88, 50.88, 5.89, 9.50, 76.83
0, 898280, -34157, -3498, -17.06, 50.88, 7.28, 10.20, 80.26
0, 907322, -31632, -3252, 1.31, 48.50, 7.28, 10.20, 83.52
0, 915685, -29153, -3008, 19.31, 46.00, 10.81, 8.60, 86.29
0, 921388, -27289, -2825, 19.31, 46.00, 10.81, 10.48, 88.05
0, 927311, -25271, -2636, 37.25, 43.56, 10.95, 10.48, 89.75
0, 934844, -22851, -2355, 55.50, 41.06, 13.44, 9.65, 91.74
0, 941870, -20496, -2085, 55.50, 38.25, 16.28, 9.92, 93.40
0, 949254, -17781, -1787, 73.87, 35.25, 15.27, 8.46, 94.96
0, 958372, -14406, -1479, 92.69, 35.25, 15.27, 9.52, 96.60
0, 966405, -11535, -1206, 112.31, 32.00, 17.59, 9.52, 97.78
0, 972112, -9479, -1015, 112.31, 28.50, 13.56, 11.16, 98.47
0, 978077, -7327, -806, 132.81, 28.50, 13.56, 9.97, 99.05
0, 986040, -4403, -497, 154.12, 25.31, 9.25, 9.97, 99.62
0, 994292, -1393, -198, 154.12, 22.37, 7.30, 10.10, 99.94
0, 1001563, 1279, 43, 176.19, 19.25, 2.87, 9.73, 100.00
0, 1009196, 4072, 310, 198.81, 19.25, 5.35, 11.25, 99.83
0, 1017126, 6994, 606, 221.56, 15.88, 5.35, 11.25, 99.42
0, 1022833, 9095, 813, 221.56, 12.81, 7.53, 7.11, 98.97
0, 1028788, 11205, 985, 243.94, 12.81, 7.53, 9.49, 98.37
0, 1036571, 14022, 1301, 265.69, 9.56, 12.33, 9.49, 97.37
0, 1045371, 17225, 1625, 286.62, 6.25, 15.90, 7.38, 95.96
0, 1052767, 19960, 1920, 286.62, 3.06, 17.65, 8.16, 94.55
0, 1059987, 22579, 2174, 306.50, 3.06, 17.25, 9.45, 92.98
0, 1067815, 25449, 2456, 325.62, -0.37, 17.25, 9.45, 91.06
0, 1073525, 27532, 2672, 325.62, -3.62, 17.42, 11.46, 89.52
0, 1079478, 29686, 2873, 344.00, -3.62, 13.62, 10.20, 87.79
0, 1087496, 32587, 3173, 361.81, -6.81, 13.62, 10.69, 85.27
0, 1096669, 35876, 3497, 379.44, -10.00, 8.63, 10.69, 82.11
0, 1105790, 39120, 3787, 397.00, -13.25, 4.33, 8.34, 78.71
0, 1112446, 41325, 3998, 397.00, -16.37, 3.07, 9.72, 76.06
0, 1119217, 43482, 4214, 414.75, -16.37, 3.07, 9.72, 73.23
0, 1124935, 45282, 4399, 414.75, -19.25, 3.43, 10.17, 70.74
0, 1130755, 47098, 4566, 432.94, -22.19, 8.37, 8.46, 68.11
0, 1138663, 49274, 4817, 451.81, -22.19, 11.60, 9.27, 64.39
0, 1147916, 51370, 5027, 471.44, -25.06, 11.60, 9.35, 59.83
0, 1156966, 53336, 5213, 491.81, -27.81, 13.71, 9.35, 55.18
0, 1164674, 54896, 5392, 491.81, -29.94, 12.63, 9.82, 51.08
0, 1170727, 56089, 5509, 512.81, -29.94, 12.63, 9.82, 47.77
0, 1176863, 57251, 5618, 534.00, -31.94, 11.74, 8.89, 44.35
0, 1183910, 58422, 5734, 534.00, -33.88, 12.08, 9.84, 40.34
0, 1190515, 59295, 5819, 554.62, -35.44, 11.23, 9.91, 36.51
0, 1198993, 60192, 5909, 573.94, -35.44, 10.15, 10.05, 31.50
0, 1208396, 60929, 5988, 591.62, -36.81, 10.15, 10.05, 25.84
0, 1216233, 61352, 6037, 605.31, -37.75, 9.39, 9.57, 21.06
0, 1221941, 61521, 6049, 605.31, -37.75, 9.62, 9.22, 17.54
0, 1227650, 61565, 6053, 615.25, -38.50, 9.62, 9.22, 14.00
0, 1234812, 61551, 6060, 622.31, -38.94, 8.57, 10.09, 9.53
0, 1241489, 61536, 6063, 622.31, -39.06, 8.95, 9.23, 5.35
0, 1249363, 61500, 6077, 626.37, -39.06, 9.19, 9.54, 0.40
0, 1258804, 61425, 6100, 627.25, -39.13, 9.19, 9.54, -5.53
0, 1267110, 61319, 6113, 627.12, -39.25, 9.04, 9.42, -10.73
0, 1272819, 61220, 6117, 627.12, -39.25, 9.26, 9.70, -14.29
0, 1278968, 61073, 6122, 626.69, -39.44, 9.26, 9.70, -18.10
0, 1287263, 60755, 6118, 625.87, -39.63, 9.01, 9.59, -23.20
0, 1296626, 60268, 6069, 624.56, -39.69, 9.39, 9.45, -28.88
0, 1304375, 59735, 6016, 624.56, -39.63, 9.69, 10.17, -33.50
0, 1311232, 59153, 5957, 622.31, -39.63, 9.16, 9.36, -37.53
0, 1319111, 58263, 5862, 618.44, -39.19, 9.16, 9.36, -42.07
0, 1324820, 57475, 5782, 618.44, -38.50, 9.26, 9.56, -45.30
0, 1330969, 56533, 5694, 613.00, -38.50, 10.76, 9.60, -48.71
0, 1339015, 55194, 5573, 605.44, -37.50, 11.22, 9.59, -53.06
0, 1348563, 53613, 5424, 594.69, -36.25, 11.22, 9.59, -58.05
0, 1357599, 52058, 5266, 580.69, -35.00, 11.48, 9.78, -62.57
0, 1365050, 50420, 5122, 564.62, -33.56, 11.46, 10.02, -66.15
0, 1371505, 48743, 4953, 564.62, -33.56, 13.39, 10.02, -69.14
0, 1377682, 47019, 4779, 548.56, -32.00, 13.39, 9.91, -71.89
0, 1385515, 44812, 4573, 530.81, -30.06, 14.33, 9.51, -75.22
0, 1393079, 42756, 4334, 530.81, -27.50, 12.16, 8.95, -78.27
0, 1400872, 40602, 4067, 509.87, -27.50, 8.10, 9.68, -81.22
0, 1409697, 37901, 3776, 489.00, -25.00, 7.64, 9.68, -84.33
0, 1418227, 35107, 3557, 468.81, -21.94, 7.64, 9.69, -87.09
0, 1423944, 33326, 3373, 468.81, -21.94, 6.92, 9.03, -88.80
0, 1429887, 31378, 3208, 449.25, -18.94, 5.37, 9.03, -90.45
0, 1438125, 28405, 2929, 430.37, -16.25, 5.37, 9.88, -92.54
0, 1447756, 24820, 2580, 412.19, -13.69, 4.31, 8.77, -94.66
0, 1457804, 21129, 2174, 394.25, -10.75, 8.20, 10.07, -96.51
0, 1464704, 18629, 1955, 394.25, -7.44, 12.77, 9.35, -97.55
0, 1471545, 16109, 1697, 376.81, -7.44, 16.50, 9.35, -98.41
0, 1477779, 13791, 1487, 359.37, -4.00, 16.50, 10.67, -99.03
0, 1485627, 10933, 1198, 341.56, -1.00, 16.82, 10.10, -99.59
0, 1493257, 8230, 943, 341.56, 2.12, 18.12, 10.14, -99.91
0, 1501495, 5288, 584, 323.19, 2.12, 15.47, 9.14, -100.00
0, 1510189, 2113, 241, 304.06, 5.37, 15.47, 9.14, -99.80
0, 1518510, -894, -13, 284.06, 8.75, 13.27, 10.29, -99.32
0, 1524218, -2913, -206, 284.06, 8.75, 8.06, 9.11, -98.84
0, 1530181, -5094, -395, 263.12, 12.63, 3.75, 9.11, -98.21
0, 1538355, -8105, -697, 241.19, 15.81, 3.75, 12.25, -97.11
0, 1548097, -11706, -1060, 218.69, 18.75, 3.71, 9.91, -95.47
0, 1558109, -15348, -1468, 195.94, 21.94, 5.61, 10.54, -93.41
0, 1564904, -17863, -1680, 195.94, 25.31, 8.24, 8.56, -91.80
0, 1571997, -20385, -1924, 173.19, 25.31, 12.99, 8.56, -89.94
0, 1577711, -22514, -2114, 151.06, 28.75, 12.99, 11.76, -88.31
0, 1585341, -25275, -2394, 129.69, 31.75, 14.41, 11.49, -85.97
0, 1591365, -27324, -2603, 129.69, 31.75, 16.94, 8.51, -83.97
0, 1600274, -30169, -2935, 109.31, 34.81, 15.04, 9.25, -80.80
0, 1610192, -33169, -3283, 89.81, 38.00, 15.04, 9.25, -76.97
0, 1618207, -35488, -3527, 71.06, 41.06, 13.05, 7.65, -73.66
0, 1623911, -37097, -3637, 71.06, 41.06, 11.49, 10.74, -71.19
0, 1629621, -38607, -3773, 52.75, 44.56, 11.49, 10.74, -68.63
0, 1637603, -40610, -3974, 34.69, 47.25, 7.57, 9.87, -64.90
0, 1645926, -42559, -4121, 16.69, 49.38, 6.87, 9.11, -60.83
0, 1654408, -44402, -4301, 16.69, 51.63, 6.16, 10.13, -56.52
0, 1662127, -45991, -4489, -1.44, 51.63, 6.70, 9.65, -52.45
0, 1670173, -47592, -4624, -19.94, 53.31, 6.70, 9.65, -48.08
0, 1675878, -48622, -4745, -38.81, 55.31, 7.56, 10.08, -44.91
0, 1682469, -49670, -4861, -38.81, 55.31, 8.51, 8.58, -41.17
0, 1689451, -50665, -4971, -56.25, 57.25, 10.18, 8.58, -37.13
0, 1698994, -51867, -5091, -71.94, 58.94, 10.18, 11.20, -31.50
0, 1708875, -52841, -5179, -85.31, 60.38, 10.56, 9.48, -25.55
0, 1715534, -53315, -5223, -85.31, 61.56, 9.79, 10.24, -21.49
0, 1722547, -53602, -5251, -96.94, 61.56, 10.65, 10.24, -17.16
0, 1728257, -53688, -5259, -106.06, 62.44, 10.65, 9.81, -13.62
0, 1735761, -53675, -5263, -111.94, 63.00, 11.22, 10.30, -8.93
0, 1741990, -53659, -5264, -111.94, 63.00, 10.35, 10.00, -5.03
0, 1750800, -53628, -5267, -113.87, 63.25, 9.21, 9.71, 0.50
0, 1760493, -53553, -5271, -113.75, 63.38, 9.21, 9.71, 6.59
0, 1768438, -53433, -5275, -113.37, 63.38, 9.49, 9.73, 11.56
0, 1774147, -53291, -5279, -113.37, 63.38, 9.61, 9.73, 15.11
0, 1779852, -53126, -5309, -112.75, 63.44, 9.85, 9.67, 18.65
0, 1787816, -52894, -5285, -111.31, 63.50, 9.85, 8.67, 23.54
0, 1796497, -52532, -5255, -108.81, 63.63, 9.57, 10.53, 28.80
0, 1805154, -51983, -5207, -105.94, 63.63, 10.23, 9.92, 33.96
0, 1812429, -51345, -5151, -105.94, 63.63, 10.49, 10.02, 38.23
0, 1820443, -50478, -5065, -101.56, 63.31, 10.49, 10.02, 42.83
0, 1826154, -49764, -4999, -94.69, 62.81, 10.54, 10.12, 46.04
0, 1832395, -48919, -4922, -94.69, 62.81, 10.29, 10.12, 49.49
0, 1839627, -47860, -4816, -85.25, 62.06, 9.42, 9.88, 53.38
0, 1849500, -46111, -4658, -73.81, 61.06, 9.51, 9.84, 58.52
0, 1859132, -44077, -4466, -60.94, 59.88, 9.51, 10.26, 63.32
0, 1865779, -42623, -4313, -45.56, 58.56, 9.82, 10.51, 66.50
0, 1872570, -41013, -4147, -45.56, 58.56, 7.27, 10.51, 69.62
0, 1878281, -39554, -3995, -27.69, 56.94, 7.27, 9.72, 72.15
0, 1886094, -37356, -3781, -9.31, 56.94, 7.03, 9.16, 75.46
0, 1893089, -35324, -3604, -9.31, 54.94, 5.98, 10.40, 78.27
0, 1902713, -32644, -3350, 9.00, 52.63, 9.63, 9.78, 81.89
0, 1911552, -30138, -3103, 26.94, 50.13, 11.49, 9.78, 84.95
0, 1919518, -27623, -2858, 45.00, 47.75, 11.49, 8.33, 87.48
0, 1925231, -25687, -2673, 45.00, 47.75, 10.61, 9.72, 89.17
0, 1931414, -23686, -2446, 63.38, 45.31, 12.10, 9.72, 90.86
0, 1939072, -21238, -2166, 82.00, 42.69, 12.10, 10.82, 92.76
0, 1948316, -17898, -1803, 101.12, 39.75, 16.39, 9.98, 94.77
0, 1957200, -14605, -1498, 121.12, 36.50, 14.50, 8.26, 96.41
0, 1963658, -12251, -1275, 121.12, 36.50, 17.06, 11.11, 97.40
0, 1971543, -9540, -1023, 142.00, 33.19, 17.06, 11.11, 98.41
0, 1977475, -7355, -806, 163.69, 29.81, 11.26, 10.59, 99.00
0, 1984961, -4614, -525, 163.69, 29.81, 10.64, 10.07, 99.55
0, 1991252, -2308, -288, 186.00, 26.87, 6.05, 10.07, 99.85
0, 2000652, 1121, 28, 208.75, 23.81, 5.25, 10.78, 100.00
0, 2010332, 4583, 353, 231.37, 20.56, 5.25, 7.38, 99.79
0, 2017365, 7126, 615, 253.50, 17.31, 5.15, 11.33, 99.41
0, 2024138, 9616, 859, 253.50, 17.31, 6.69, 11.33, 98.85
0, 2029846, 11702, 1042, 274.87, 14.13, 6.69, 7.89, 98.25
0, 2037656, 14245, 1327, 295.44, 10.81, 11.69, 8.96, 97.21
0, 2046812, 17315, 1635, 314.94, 7.50, 17.46, 11.15, 95.71
0, 2056557, 20857, 2016, 333.81, 4.44, 15.10, 7.95, 93.75
0, 2063326, 23331, 2257, 333.81, 4.44, 14.74, 10.80, 92.19
0, 2071394, 26246, 2537, 352.00, 1.25, 14.74, 10.80, 90.11
0, 2077474, 28446, 2764, 369.62, -2.06, 17.30, 11.95, 88.38
0, 2084741, 30985, 3014, 369.62, -2.06, 11.42, 8.18, 86.16
0, 2091195, 33194, 3241, 387.12, -5.12, 10.27, 8.18, 84.03
0, 2100890, 36545, 3544, 404.75, -8.38, 8.54, 10.86, 80.57
0, 2110699, 39803, 3855, 422.69, -11.44, 8.54, 8.71, 76.77
0, 2117637, 41870, 4046, 441.19, -14.56, 4.35, 8.47, 73.91
0, 2124534, 43782, 4240, 441.19, -14.56, 5.10, 8.47, 70.92
0, 2130245, 45302, 4401, 460.37, -17.31, 8.49, 10.05, 68.34
0, 2138061, 47230, 4575, 480.44, -20.12, 8.49, 9.31, 64.68
0, 2146634, 48914, 4765, 501.06, -22.75, 11.25, 9.74, 60.48
0, 2155519, 50536, 4943, 522.12, -22.75, 13.15, 9.53, 55.94
0, 2163123, 51905, 5080, 522.12, -25.12, 11.43, 9.53, 51.92
0, 2171597, 53342, 5214, 541.44, -27.12, 11.43, 9.82, 47.29
0, 2177659, 54298, 5328, 559.00, -27.12, 11.75, 9.57, 43.90
0, 2184673, 55379, 5442, 559.00, -28.94, 11.89, 9.57, 39.90
0, 2191349, 56414, 5542, 576.12, -30.56, 11.36, 9.36, 36.02
0, 2201180, 57819, 5671, 591.69, -32.13, 10.68, 9.28, 30.20
0, 2211209, 58927, 5782, 606.56, -33.63, 10.68, 9.59, 24.13
0, 2218365, 59498, 5841, 620.56, -34.94, 10.70, 9.71, 19.75
0, 2225073, 59887, 5879, 620.56, -34.94, 10.33, 9.71, 15.60
0, 2231186, 60062, 5897, 631.81, -36.00, 9.61, 9.75, 11.79
0, 2239063, 60077, 5905, 639.69, -36.88, 9.61, 9.74, 6.87
0, 2248247, 60056, 5913, 644.31, -37.38, 9.02, 9.42, 1.10
0, 2258084, 60009, 5938, 645.19, -37.63, 9.38, 9.44, -5.08
0, 2264908, 59945, 5956, 645.19, -37.63, 9.29, 9.09, -9.35
0, 2273235, 59827, 5967, 645.00, -37.69, 9.42, 9.09, -14.55
0, 2279182, 59728, 5967, 644.56, -37.94, 9.42, 9.63, -18.23
0, 2287299, 59548, 5972, 643.62, -37.94, 8.98, 9.62, -23.22
0, 2294278, 59372, 5974, 643.62, -38.25, 9.16, 9.58, -27.46
0, 2304196, 58845, 5922, 642.19, -38.25, 9.17, 9.47, -33.40
0, 2313304, 58019, 5835, 640.19, -38.31, 9.77, 9.47, -38.73
0, 2321236, 57094, 5745, 637.00, -37.81, 9.77, 9.55, -43.28
0, 2326942, 56311, 5675, 630.69, -37.81, 9.92, 9.64, -46.48
0, 2333710, 55276, 5579, 630.69, -37.00, 10.50, 9.64, -50.20
0, 2340468, 54227, 5485, 620.94, -35.94, 11.01, 9.54, -53.83
0, 2349759, 52822, 5344, 608.37, -34.75, 11.01, 9.37, -58.66
0, 2359040, 51065, 5179, 593.62, -33.44, 10.54, 9.74, -63.28
0, 2365503, 49531, 5033, 578.94, -33.44, 11.22, 9.67, -66.37
0, 2373882, 47296, 4807, 578.94, -31.94, 13.38, 9.67, -70.21
0, 2379820, 45684, 4641, 561.19, -30.06, 13.38, 10.54, -72.82
0, 2388044, 43546, 4429, 539.81, -27.62, 12.33, 7.98, -76.26
0, 2395451, 41610, 4183, 539.81, -27.62, 11.24, 10.14, -79.19
0, 2404834, 38990, 3897, 518.25, -25.25, 8.62, 10.29, -82.65
0, 2413536, 36372, 3631, 497.19, -22.44, 7.06, 10.29, -85.60
0, 2421467, 33954, 3437, 476.69, -19.56, 7.06, 9.72, -88.07
0, 2427416, 32053, 3262, 456.87, -19.56, 5.13, 8.91, -89.78
0, 2434179, 29686, 3064, 456.87, -16.87, 4.94, 8.91, -91.57
0, 2441027, 27146, 2800, 437.69, -14.44, 4.93, 9.76, -93.21
0, 2450948, 23488, 2424, 419.19, -11.75, 11.61, 8.88, -95.29
0, 2460853, 19787, 2052, 401.44, -8.44, 11.61, 9.86, -96.99
0, 2466836, 17651, 1857, 384.06, -8.44, 13.27, 9.09, -97.84
0, 2474546, 14800, 1584, 384.06, -5.00, 16.17, 9.09, -98.72
0, 2480247, 12720, 1388, 366.69, -1.87, 16.82, 10.76, -99.23
0, 2488232, 9870, 1101, 349.00, 1.25, 16.82, 10.40, -99.73
0, 2495945, 7060, 815, 330.87, 1.25, 16.61, 9.19, -99.97
0, 2504930, 3795, 425, 330.87, 4.50, 12.44, 9.26, -99.95
0, 2513583, 637, 101, 312.12, 7.69, 10.98, 9.26, -99.64
0, 2521504, -2134, -127, 292.37, 11.56, 10.98, 10.30, -99.09
0, 2527463, -4321, -336, 271.75, 11.56, 8.33, 12.20, -98.51
0, 2534218, -6816, -557, 271.75, 15.06, 3.58, 12.20, -97.70
0, 2541032, -9320, -827, 250.25, 17.94, 2.33, 8.42, -96.70
0, 2550551, -12792, -1183, 228.00, 21.00, 5.33, 9.84, -95.00
0, 2559393, -15980, -1509, 205.25, 24.37, 5.33, 7.78, -93.12
0, 2566274, -18450, -1732, 182.50, 24.37, 9.43, 9.54, -91.45
0, 2574156, -21364, -2012, 182.50, 27.81, 13.09, 9.54, -89.34
0, 2580106, -23514, -2214, 160.12, 30.81, 16.57, 10.39, -87.60
0, 2588228, -26398, -2512, 138.50, 30.81, 16.57, 11.40, -85.02
0, 2596065, -28944, -2768, 117.69, 33.88, 17.70, 9.48, -82.33
0, 2604985, -31675, -3150, 117.69, 37.06, 15.76, 9.42, -79.02
0, 2613746, -34261, -3395, 97.81, 40.06, 11.98, 9.42, -75.53
0, 2621668, -36489, -3598, 78.62, 43.56, 11.98, 7.38, -72.18
0, 2627685, -38097, -3725, 60.06, 43.56, 11.66, 9.22, -69.51
0, 2634466, -39813, -3898, 60.06, 46.38, 7.92, 9.22, -66.38
0, 2641166, -41397, -4030, 41.81, 48.75, 8.26, 10.04, -63.18
0, 2650186, -43426, -4186, 23.75, 50.94, 7.41, 8.77, -58.68
0, 2659483, -45387, -4412, 5.56, 52.75, 7.41, 10.64, -53.86
0, 2666248, -46755, -4569, -12.88, 52.75, 6.87, 10.46, -50.23
0, 2674215, -48245, -4708, -12.88, 54.56, 7.88, 10.46, -45.84
0, 2680071, -49216, -4812, -31.12, 56.69, 8.80, 10.96, -42.54
0, 2688237, -50390, -4944, -48.50, 56.69, 8.80, 8.24, -37.84
0, 2696152, -51397, -5045, -64.44, 58.31, 10.00, 9.43, -33.19
0, 2705117, -52350, -5137, -64.44, 59.94, 9.58, 10.46, -27.83
0, 2714096, -53080, -5202, -77.94, 61.19, 10.24, 10.46, -22.37
0, 2721871, -53476, -5239, -89.56, 62.13, 10.24, 9.91, -17.58
0, 2728149, -53619, -5254, -99.00, 62.13, 10.68, 10.32, -13.69
0, 2735075, -53621, -5258, -99.00, 62.81, 11.09, 10.32, -9.36
0, 2741402, -53604, -5259, -105.75, 63.25, 11.03, 10.11, -5.40
0, 2750227, -53576, -5261, -108.94, 63.38, 9.28, 9.59, 0.14
0, 2759489, -53511, -5266, -109.19, 63.44, 9.28, 9.77, 5.96
0, 2766277, -53430, -5269, -109.19, 63.44, 9.40, 9.59, 10.21
0, 2774583, -53240, -5275, -108.87, 63.50, 9.22, 9.59, 15.38
0, 2780291, -53078, -5304, -108.31, 63.56, 9.86, 9.77, 18.92
0, 2788358, -52837, -5280, -107.19, 63.56, 9.86, 9.01, 23.87
0, 2795999, -52518, -5254, -104.94, 63.63, 9.10, 9.75, 28.50
0, 2804700, -51966, -5206, -104.94, 63.81, 9.78, 9.75, 33.70
0, 2813768, -51164, -5133, -102.12, 63.56, 10.36, 10.06, 39.00
0, 2820634, -50420, -5060, -98.12, 63.13, 10.36, 9.91, 42.94
0, 2827853, -49507, -4973, -91.75, 63.13, 10.24, 9.91, 46.99
0, 2834642, -48575, -4887, -91.75, 62.44, 10.34, 10.06, 50.71
0, 2841217, -47578, -4791, -82.94, 61.56, 9.67, 9.73, 54.23
0, 2850268, -45900, -4642, -71.94, 60.44, 9.90, 9.76, 58.91
0, 2859793, -43866, -4444, -59.50, 59.19, 9.90, 10.22, 63.64
0, 2866630, -42356, -4283, -44.69, 59.19, 9.28, 9.61, 66.90
0, 2874905, -40362, -4077, -44.69, 57.63, 7.15, 9.61, 70.67
0, 2880806, -38794, -3920, -27.00, 55.75, 6.31, 9.15, 73.24
0, 2888830, -36473, -3707, -8.75, 55.75, 6.31, 9.59, 76.58
0, 2896670, -34266, -3508, 9.56, 53.56, 5.86, 10.36, 79.65
0, 2905412, -31908, -3279, 9.56, 51.13, 7.46, 10.36, 82.85
0, 2914177, -29375, -3030, 27.56, 48.69, 11.65, 8.33, 85.81
0, 2920998, -27156, -2813, 45.56, 46.38, 11.65, 10.85, 87.93
0, 2928204, -24688, -2575, 63.94, 46.38, 11.39, 9.49, 90.00
0, 2935383, -22384, -2305, 63.94, 43.88, 13.31, 9.49, 91.87
0, 2941678, -20237, -2061, 82.69, 41.00, 16.39, 10.09, 93.36
0, 2950484, -16985, -1696, 101.81, 37.88, 15.66, 8.36, 95.20
0, 2960206, -13413, -1385, 121.81, 34.56, 15.66, 8.99, 96.89
0, 2967092, -10975, -1158, 142.75, 34.56, 16.76, 10.63, 97.87
0, 2975383, -7939, -862, 142.75, 30.94, 12.24, 10.63, 98.81
0, 2981332, -5757, -645, 164.50, 28.00, 9.11, 9.77, 99.31
0, 2989433, -2762, -328, 186.81, 28.00, 9.11, 10.14, 99.78
0, 2997547, 213, -61, 209.50, 25.00, 7.38, 9.60, 99.99
0, 3007823, 3925, 299, 232.19, 21.81, 2.39, 11.18, 99.88
0, 3015645, 6806, 587, 232.19, 18.44, 5.07, 11.18, 99.52
0, 3023530, 9714, 874, 254.25, 15.38, 11.53, 7.42, 98.91
0, 3029507, 11860, 1060, 275.56, 15.38, 11.53, 9.70, 98.29
0, 3037324, 14575, 1361, 296.06, 12.06, 12.74, 9.70, 97.26
0, 3044076, 17040, 1606, 296.06, 8.69, 14.57, 8.11, 96.19
0, 3052203, 20070, 1933, 315.56, 5.56, 15.94, 7.89, 94.67
0, 3060977, 23269, 2253, 334.25, 2.12, 15.94, 9.29, 92.75
0, 3067966, 25822, 2494, 352.37, 2.12, 17.73, 10.73, 91.02
0, 3076029, 28725, 2778, 370.00, -1.37, 17.94, 10.73, 88.81
0, 3082379, 31055, 3016, 370.00, -4.50, 13.54, 10.39, 86.90
0, 3089919, 33771, 3296, 387.50, -7.69, 13.54, 10.07, 84.46
0, 3098175, 36807, 3568, 405.06, -7.69, 8.87, 8.84, 81.57
0, 3108089, 40325, 3899, 423.00, -10.88, 4.60, 9.27, 77.81
0, 3116027, 42986, 4167, 423.00, -14.19, 2.85, 9.27, 74.58
0, 3123920, 45596, 4430, 441.37, -17.19, 7.47, 9.86, 71.19
0, 3129959, 47552, 4608, 460.62, -17.19, 7.47, 8.48, 68.47
0, 3138032, 49763, 4865, 480.62, -20.19, 8.76, 8.48, 64.69
0, 3145067, 51380, 5029, 480.62, -23.31, 12.24, 9.50, 61.26
0, 3153367, 53240, 5205, 501.50, -26.25, 12.63, 9.14, 57.05
0, 3161411, 54946, 5397, 522.94, -28.81, 12.63, 9.72, 52.83
0, 3168421, 56461, 5546, 544.37, -28.81, 12.98, 8.98, 49.04
0, 3176481, 58163, 5705, 565.75, -30.81, 11.96, 8.98, 44.57
0, 3182570, 59315, 5821, 565.75, -32.94, 11.91, 9.40, 41.11
0, 3190125, 60573, 5948, 586.50, -32.94, 11.91, 10.19, 36.74
0, 3198238, 61701, 6067, 606.69, -34.81, 11.61, 9.33, 31.95
0, 3208120, 62820, 6171, 623.94, -36.50, 10.59, 9.38, 26.01
0, 3216321, 63563, 6262, 637.75, -38.00, 9.01, 9.38, 21.00
0, 3223870, 64015, 6309, 637.75, -39.19, 9.07, 9.40, 16.34
0, 3230184, 64191, 6328, 648.44, -39.19, 9.07, 10.08, 12.42
0, 3238086, 64190, 6342, 656.81, -40.19, 7.87, 10.08, 7.48
0, 3245569, 64155, 6357, 656.81, -41.00, 7.62, 9.75, 2.78
0, 3254148, 64118, 6361, 661.62, -41.31, 9.02, 9.37, -2.61
0, 3261913, 64061, 6362, 662.69, -41.44, 9.14, 9.51, -7.48
0, 3268682, 63975, 6363, 662.31, -41.44, 9.14, 9.45, -11.71
0, 3276925, 63775, 6366, 661.87, -41.56, 8.98, 9.45, -16.84
0, 3283632, 63644, 6384, 661.87, -41.63, 8.86, 9.46, -20.97
0, 3290423, 63501, 6384, 661.06, -41.63, 9.64, 9.49, -25.13
0, 3298565, 63142, 6368, 659.19, -41.63, 9.64, 9.34, -30.04
0, 3308286, 62423, 6304, 657.31, -41.75, 8.29, 9.34, -35.81
0, 3316464, 61523, 6213, 657.31, -41.88, 8.54, 10.48, -40.56
0, 3323372, 60557, 6108, 654.31, -41.56, 8.63, 9.42, -44.48
0, 3330213, 59521, 6002, 648.37, -41.56, 8.63, 9.53, -48.29
0, 3337957, 58259, 5865, 638.87, -40.94, 9.48, 9.53, -52.49
0, 3344938, 56964, 5737, 638.87, -39.81, 10.05, 9.07, -56.18
0, 3352466, 55441, 5598, 625.87, -38.38, 11.15, 9.53, -60.02
0, 3360548, 53743, 5438, 611.00, -38.38, 11.15, 9.81, -64.01
0, 3368467, 52089, 5267, 593.50, -36.81, 12.28, 9.81, -67.75
0, 3376885, 49938, 5077, 573.69, -35.19, 11.66, 9.37, -71.54
0, 3383574, 47965, 4875, 573.69, -33.44, 12.33, 9.66, -74.42
0, 3390526, 45817, 4653, 553.44, -33.44, 13.48, 10.63, -77.26
0, 3398716, 43380, 4411, 531.94, -31.56, 13.48, 8.41, -80.42
0, 3408038, 40662, 4071, 510.37, -29.19, 11.56, 8.41, -83.77
0, 3415763, 38225, 3814, 510.37, -26.37, 8.08, 9.02, -86.32
0, 3422634, 35871, 3595, 489.37, -23.50, 6.84, 9.86, -88.42
0, 3429593, 33617, 3401, 469.06, -23.50, 6.84, 9.86, -90.37
0, 3437432, 31003, 3178, 449.50, -20.25, 4.62, 10.24, -92.37
0, 3444190, 28571, 2949, 449.50, -17.12, 5.44, 9.98, -93.91
0, 3451425, 25893, 2681, 430.75, -14.56, 4.50, 9.27, -95.38
0, 3460076, 22720, 2343, 412.50, -14.56, 4.50, 9.95, -96.87
0, 3468145, 19771, 2050, 394.81, -11.88, 13.10, 9.95, -98.00
0, 3475860, 16951, 1785, 394.81, -8.38, 12.94, 9.34, -98.85
0, 3482285, 14582, 1564, 377.44, -5.25, 16.58, 10.41, -99.38
0, 3489825, 11812, 1291, 360.00, -5.25, 16.58, 9.03, -99.80
0, 3497960, 8978, 1009, 342.19, -2.12, 18.42, 9.03, -99.99
0, 3507001, 5735, 637, 323.81, 1.00, 17.33, 10.37, -99.90
0, 3513960, 3179, 361, 323.81, 4.12, 15.88, 9.09, -99.62
0, 3520701, 705, 109, 304.81, 4.12, 15.88, 10.48, -99.16
0, 3528571, -2026, -115, 284.75, 7.81, 13.15, 10.48, -98.39
0, 3535611, -4538, -354, 284.75, 11.38, 3.94, 10.15, -97.51
0, 3541914, -6862, -565, 263.75, 14.19, 4.19, 9.30, -96.55
0, 3549717, -9740, -874, 241.94, 14.19, 4.07, 9.23, -95.16
0, 3558889, -13094, -1222, 219.50, 17.19, 4.07, 9.23, -93.23
0, 3566608, -15956, -1519, 219.50, 20.62, 8.60, 10.11, -91.37
0, 3573252, -18350, -1726, 196.69, 24.06, 11.03, 9.17, -89.59
0, 3580354, -20924, -1973, 173.94, 24.06, 11.03, 10.66, -87.52
0, 3588356, -23875, -2257, 151.75, 27.25, 13.47, 10.66, -84.98
0, 3595356, -26371, -2511, 151.75, 30.25, 18.22, 10.51, -82.58
0, 3601951, -28532, -2718, 130.44, 33.44, 16.42, 9.52, -80.18
0, 3610388, -31118, -3094, 109.94, 33.44, 16.42, 9.92, -76.90
0, 3618425, -33463, -3319, 90.31, 36.50, 14.87, 9.92, -73.57
0, 3626143, -35609, -3538, 71.44, 39.94, 12.84, 7.46, -70.20
0, 3632041, -37182, -3645, 71.44, 42.81, 9.00, 10.99, -67.51
0, 3640008, -39126, -3828, 53.00, 42.81, 9.00, 10.46, -63.74
0, 3648305, -41016, -4006, 34.81, 45.19, 7.81, 10.46, -59.64
0, 3657661, -43002, -4155, 16.69, 47.25, 7.03, 8.81, -54.82
0, 3664517, -44342, -4296, 16.69, 49.13, 7.52, 12.22, -51.17
0, 3671229, -45559, -4439, -1.62, 49.13, 7.65, 8.89, -47.50
0, 3679085, -46887, -4567, -19.75, 50.63, 7.65, 8.89, -43.10
0, 3686944, -48099, -4689, -36.63, 52.50, 8.27, 10.07, -38.59
0, 3693472, -48947, -4784, -36.63, 54.06, 9.30, 9.10, -34.78
0, 3700422, -49679, -4863, -51.94, 54.06, 10.08, 10.24, -30.65
0, 3709862, -50478, -4953, -66.06, 55.44, 10.08, 10.24, -24.95
0, 3717935, -51029, -5009, -77.75, 56.56, 10.50, 10.14, -20.01
0, 3724800, -51361, -5042, -77.75, 57.44, 9.94, 9.80, -15.77
0, 3731689, -51551, -5061, -86.56, 57.44, 10.64, 10.01, -11.48
0, 3739685, -51584, -5067, -93.56, 58.06, 10.64, 10.01, -6.48
0, 3748128, -51559, -5070, -98.37, 58.44, 10.77, 10.07, -1.18
0, 3755975, -51526, -5072, -98.37, 58.56, 10.32, 9.68, 3.75
0, 3762780, -51468, -5074, -100.37, 58.56, 9.55, 9.80, 8.02
0, 3770380, -51339, -5075, -100.25, 58.56, 9.55, 9.80, 12.77
0, 3778971, -51073, -5090, -99.94, 58.63, 9.64, 9.73, 18.10
0, 3786857, -50867, -5096, -99.00, 58.63, 9.98, 9.50, 22.95
0, 3793224, -50605, -5075, -99.00, 58.63, 10.04, 10.25, 26.83
0, 3800652, -50167, -5036, -96.81, 58.81, 10.46, 10.18, 31.29
0, 3810297, -49428, -4963, -94.19, 58.81, 10.46, 10.18, 36.99
0, 3818380, -48674, -4892, -90.31, 58.44, 10.31, 10.23, 41.65
0, 3825035, -47928, -4820, -90.31, 57.81, 9.89, 9.93, 45.42
0, 3832075, -46983, -4735, -84.25, 57.81, 10.11, 10.06, 49.31
0, 3839826, -45685, -4625, -76.44, 57.00, 10.11, 10.06, 53.49
0, 3847982, -44169, -4474, -66.75, 56.06, 10.02, 9.55, 57.75
0, 3855699, -42697, -4320, -66.75, 54.81, 9.58, 10.30, 61.64
0, 3862604, -41248, -4169, -54.19, 54.81, 7.92, 9.72, 64.99
0, 3870373, -39452, -3982, -38.69, 53.25, 7.92, 9.72, 68.62
0, 3878309, -37382, -3783, -22.50, 51.44, 7.35, 9.23, 72.17
0, 3885461, -35435, -3614, -22.50, 49.31, 6.78, 9.71, 75.20
0, 3892112, -33694, -3447, -4.87, 49.31, 6.15, 10.38, 77.89
0, 3899918, -31655, -3254, 13.38, 47.06, 6.15, 10.38, 80.87
0, 3909190, -29045, -2997, 31.37, 44.81, 10.76, 8.90, 84.16
0, 3916409, -26746, -2773, 49.63, 42.50, 9.95, 9.90, 86.52
0, 3922875, -24636, -2567, 49.63, 42.50, 11.48, 10.36, 88.49
0, 3930943, -22128, -2277, 68.12, 40.06, 16.17, 10.36, 90.73
0, 3939106, -19304, -1985, 86.94, 37.25, 16.17, 10.29, 92.77
0, 3946997, -16361, -1643, 106.31, 34.19, 14.60, 8.80, 94.51
0, 3955149, -13361, -1379, 106.31, 30.87, 15.75, 10.20, 96.06
0, 3962803, -10648, -1132, 126.56, 30.87, 12.71, 10.65, 97.28
0, 3970904, -7686, -837, 147.69, 27.31, 12.71, 10.65, 98.33
0, 3978651, -4835, -544, 169.56, 24.37, 9.70, 8.49, 99.10
0, 3986097, -2089, -262, 169.56, 21.37, 6.35, 11.60, 99.62
0, 3992197, 110, -74, 192.00, 21.37, 7.49, 8.30, 99.88
0, 3999968, 2895, 198, 214.75, 18.19, 7.49, 8.30, 100.00
0, 4009411, 6392, 539, 237.31, 14.81, 4.77, 9.47, 99.83
0, 4016477, 8996, 802, 237.31, 11.75, 7.07, 9.21, 99.46
0, 4023119, 11340, 998, 259.25, 11.75, 12.50, 10.39, 98.95
0, 4031278, 14225, 1321, 280.37, 8.44, 14.79, 10.39, 98.08
0, 4039371, 17170, 1620, 300.62, 5.19, 14.79, 11.21, 96.96
0, 4047174, 20028, 1926, 319.87, 2.06, 17.78, 8.87, 95.64
0, 4055460, 23078, 2228, 319.87, -1.37, 15.65, 10.23, 93.99
0, 4063118, 25886, 2496, 338.44, -1.37, 17.58, 10.94, 92.24
0, 4071262, 28821, 2786, 356.37, -4.81, 17.58, 10.94, 90.14
0, 4079461, 31831, 3089, 373.94, -7.94, 14.07, 8.48, 87.79
0, 4087278, 34689, 3382, 391.44, -11.25, 10.68, 11.19, 85.34
0, 4094289, 37275, 3610, 391.44, -11.25, 8.64, 10.04, 82.96
0, 4101330, 39821, 3859, 409.06, -14.50, 1.71, 8.39, 80.41
0, 4111402, 43309, 4199, 427.06, -17.81, 1.71, 8.39, 76.49
0, 4119390, 46089, 4474, 445.62, -20.75, 3.27, 10.87, 73.16
0, 4126066, 48336, 4695, 445.62, -23.81, 7.35, 8.13, 70.24
0, 4133644, 50469, 4934, 465.00, -23.81, 13.38, 9.07, 66.77
0, 4140686, 52262, 5112, 485.25, -27.00, 13.38, 9.07, 63.41
0, 4148811, 54249, 5324, 506.37, -30.12, 16.09, 9.52, 59.38
0, 4157200, 56286, 5529, 527.87, -32.75, 12.97, 9.44, 55.06
0, 4163664, 57854, 5673, 527.87, -32.75, 13.17, 9.19, 51.63
0, 4171799, 59666, 5855, 549.62, -35.00, 13.17, 9.19, 47.18
0, 4179794, 61264, 6018, 571.31, -37.31, 12.50, 9.58, 42.70
0, 4187605, 62641, 6150, 592.94, -39.31, 12.62, 10.27, 38.21
0, 4194533, 63731, 6270, 592.94, -39.31, 11.31, 9.00, 34.15
0, 4201296, 64590, 6366, 613.62, -41.19, 10.32, 9.72, 30.13
0, 4210954, 65504, 6447, 631.31, -42.88, 10.32, 9.72, 24.29
0, 4218642, 65995, 6499, 646.00, -44.31, 7.62, 10.12, 19.58
0, 4224828, 66243, 6523, 646.00, -44.31, 8.46, 9.53, 15.75
0, 4232542, 66330, 6530, 657.00, -45.25, 7.77, 9.53, 10.95
0, 4240396, 66305, 6548, 664.50, -45.88, 7.77, 9.82, 6.03
0, 4248382, 66276, 6562, 668.81, -46.19, 7.81, 9.31, 1.02
0, 4257106, 66232, 6577, 669.87, -46.25, 9.28, 9.44, -4.46
0, 4263933, 66178, 6578, 669.87, -46.25, 9.08, 9.44, -8.74
0, 4271835, 66044, 6583, 669.62, -46.44, 9.08, 9.44, -13.68
0, 4279756, 65877, 6587, 669.25, -46.63, 8.53, 9.50, -18.59
0, 4287594, 65747, 6605, 668.56, -46.69, 9.17, 9.39, -23.40
0, 4294347, 65711, 6611, 668.56, -46.69, 9.39, 9.28, -27.50
0, 4301267, 65563, 6611, 667.00, -46.75, 9.56, 9.28, -31.66
0, 4310988, 65016, 6560, 665.25, -46.94, 9.56, 9.69, -37.39
0, 4318107, 64438, 6502, 664.37, -47.06, 6.87, 10.43, -41.50
0, 4324563, 63709, 6423, 664.37, -47.06, 8.52, 9.33, -45.15
0, 4332682, 62531, 6314, 661.81, -46.88, 8.02, 9.33, -49.64
0, 4340315, 61142, 6174, 656.00, -46.19, 8.02, 10.11, -53.75
0, 4348375, 59494, 6001, 646.81, -45.13, 9.31, 10.36, -57.95
0, 4357049, 57637, 5804, 633.37, -43.75, 10.03, 9.02, -62.30
0, 4363917, 56057, 5658, 633.37, -43.75, 11.35, 8.93, -65.62
0, 4371903, 54140, 5477, 615.62, -41.88, 11.35, 8.93, -69.32
0, 4379801, 52285, 5286, 595.75, -39.94, 13.18, 9.95, -72.81
0, 4387617, 50180, 5102, 574.44, -38.00, 12.76, 9.65, -76.09
0, 4394505, 48080, 4886, 574.44, -38.00, 12.34, 9.65, -78.82
0, 4401531, 45855, 4658, 552.75, -35.94, 13.82, 9.53, -81.46
0, 4411336, 42938, 4358, 531.00, -33.75, 13.82, 9.65, -84.88
0, 4418284, 40888, 4103, 509.37, -31.00, 11.69, 10.28, -87.11
0, 4424859, 38829, 3883, 509.37, -31.00, 8.17, 9.94, -89.06
0, 4432684, 36246, 3620, 488.44, -28.19, 7.87, 9.94, -91.19
0, 4440334, 33708, 3411, 468.19, -25.00, 7.87, 10.46, -93.05
0, 4448334, 30918, 3171, 448.62, -21.81, 4.17, 10.43, -94.78
0, 4455116, 28423, 2927, 448.62, -21.81, 4.76, 7.18, -96.05
0, 4463635, 25296, 2620, 429.87, -19.06, 4.21, 7.18, -97.40
0, 4471945, 22262, 2284, 411.69, -16.31, 4.21, 10.90, -98.45
0, 4479808, 19382, 2014, 394.06, -13.25, 13.36, 9.71, -99.20
0, 4488052, 16391, 1727, 376.69, -13.25, 15.07, 10.76, -99.72
0, 4494971, 13824, 1489, 376.69, -9.88, 18.67, 10.76, -99.95
0, 4501999, 11245, 1234, 359.25, -6.50, 18.83, 9.07, -99.99
0, 4511830, 7750, 891, 341.44, -3.50, 18.83, 8.74, -99.72
0, 4518769, 5296, 587, 323.06, -0.37, 16.28, 8.48, -99.31
0, 4525352, 2872, 327, 323.06, -0.37, 15.64, 7.14, -98.73
0, 4533533, -115, 36, 304.00, 2.81, 11.53, 7.14, -97.79
0, 4540889, -2675, -183, 283.94, 6.31, 11.53, 9.13, -96.72
0, 4548911, -5582, -433, 262.94, 10.06, 5.04, 11.78, -95.32
0, 4556614, -8418, -735, 241.00, 13.13, 3.11, 8.06, -93.74
0, 4564148, -11197, -995, 241.00, 13.13, 3.22, 8.06, -91.99
0, 4572408, -14224, -1330, 218.50, 16.06, 8.68, 9.74, -89.83
0, 4580174, -17031, -1600, 195.69, 19.31, 8.68, 10.52, -87.58
0, 4588478, -19967, -1883, 172.94, 22.69, 10.98, 10.24, -84.94
0, 4595434, -22444, -2104, 172.94, 22.69, 14.29, 10.24, -82.55
0, 4602353, -24875, -2354, 150.75, 26.06, 13.55, 9.76, -80.02
0, 4612306, -27918, -2648, 129.44, 28.94, 13.55, 9.26, -76.12
0, 4619607, -29988, -2906, 109.06, 31.94, 15.01, 9.90, -73.07
0, 4625940, -31654, -3142, 109.06, 31.94, 13.90, 8.45, -70.29
0, 4635103, -33928, -3359, 89.50, 35.00, 11.89, 8.45, -66.08
0, 4641886, -35498, -3527, 70.56, 37.69, 10.38, 11.30, -62.83
0, 4649706, -37194, -3644, 52.06, 40.94, 10.38, 11.13, -58.93
0, 4658959, -38991, -3814, 33.75, 43.25, 7.82, 11.69, -54.13
0, 4665786, -40209, -3939, 33.75, 43.25, 8.19, 8.52, -50.48
0, 4673663, -41470, -4035, 15.44, 44.81, 7.72, 8.52, -46.15
0, 4681377, -42585, -4125, -2.00, 46.50, 8.49, 11.20, -41.79
0, 4689418, -43568, -4212, -17.56, 47.69, 8.49, 10.05, -37.15
0, 4697132, -44326, -4293, -31.44, 47.69, 8.52, 10.12, -32.61
0, 4703347, -44842, -4357, -31.44, 48.69, 9.18, 10.12, -28.90
0, 4712798, -45426, -4435, -43.69, 49.63, 9.18, 10.11, -23.16
0, 4720320, -45782, -4474, -53.63, 50.50, 9.85, 9.96, -18.54
0, 4726625, -45993, -4493, -53.63, 50.50, 9.83, 10.12, -14.63
0, 4735746, -46131, -4504, -61.38, 51.13, 9.92, 10.12, -8.94
0, 4742324, -46120, -4509, -66.94, 51.44, 9.97, 9.88, -4.82
0, 4750169, -46099, -4511, -70.94, 51.56, 9.97, 9.82, 0.11
0, 4759808, -46050, -4514, -72.94, 51.69, 9.83, 9.74, 6.16
0, 4766396, -45948, -4518, -72.94, 51.69, 9.33, 9.77, 10.28
0, 4774507, -45667, -4523, -73.00, 51.69, 9.63, 9.77, 15.34
0, 4782551, -45381, -4553, -72.69, 51.75, 10.77, 9.91, 20.31
0, 4790433, -45127, -4553, -71.87, 51.88, 10.77, 9.77, 25.13
0, 4798446, -44761, -4531, -69.31, 51.88, 9.16, 10.04, 29.97
0, 4805221, -44399, -4495, -69.31, 52.06, 9.98, 11.01, 34.00
0, 4814211, -43808, -4438, -66.12, 52.00, 9.20, 11.01, 39.26
0, 4821946, -43144, -4368, -63.00, 51.56, 9.20, 9.29, 43.68
0, 4828429, -42447, -4290, -58.56, 51.06, 9.84, 10.05, 47.31
0, 4836899, -41333, -4175, -52.94, 51.06, 9.69, 10.05, 51.93
0, 4843397, -40374, -4079, -52.94, 50.19, 8.97, 9.66, 55.37
0, 4850809, -39067, -3945, -45.38, 49.00, 8.97, 9.88, 59.19
0, 4860272, -37102, -3759, -35.19, 47.56, 8.43, 9.94, 63.87
0, 4866883, -35627, -3630, -35.19, 47.56, 7.84, 10.33, 67.01
0, 4875003, -33824, -3459, -22.87, 45.88, 6.91, 10.33, 70.71
0, 4883185, -31981, -3285, -7.75, 44.06, 10.28, 9.66, 74.25
0, 4890828, -30129, -3101, 10.00, 42.19, 10.28, 9.24, 77.38
0, 4898963, -27885, -2882, 28.31, 42.19, 10.07, 10.06, 80.52
0, 4906157, -25694, -2673, 28.31, 40.19, 10.25, 10.00, 83.11
0, 4914964, -23111, -2382, 46.69, 37.94, 13.88, 10.00, 86.06
0, 4922915, -20650, -2095, 65.25, 35.31, 13.88, 10.24, 88.50
0, 4929790, -18219, -1846, 84.00, 32.50, 15.09, 9.15, 90.43
0, 4938745, -14926, -1530, 103.31, 32.50, 14.08, 8.33, 92.68
0, 4945527, -12456, -1294, 103.31, 29.37, 15.58, 8.33, 94.20
0, 4952344, -10079, -1077, 123.37, 25.87, 13.58, 11.79, 95.55
0, 4962201, -6493, -722, 144.31, 22.94, 13.58, 9.71, 97.19
0, 4968275, -4238, -480, 166.00, 22.94, 10.57, 10.28, 98.02
0, 4975792, -1470, -202, 166.00, 19.94, 7.71, 10.28, 98.85
0, 4984155, 1566, 72, 188.37, 16.75, 3.05, 10.62, 99.50
0, 4991316, 4188, 317, 211.19, 13.38, 3.05, 8.13, 99.85
0, 4999415, 7158, 624, 233.81, 13.38, 5.41, 11.29, 100.00
0, 5007053, 9980, 894, 255.87, 10.31, 7.61, 9.05, 99.90
