********************************************************************************
Obsolete PIO Core v6.1.11 is used (previous was 6.1.14)
Please remove multiple PIO Cores from a system:
https://docs.platformio.org/en/latest/core/installation/troubleshooting.html
********************************************************************************
--- Terminal on /dev/cu.usbmodem14303 | 230400 8-N-1
--- Available filters and text transformations: colorize, debug, default, direct, hexlify, log2file, nocontrol, printable, send_on_enter, time
--- More details at https://bit.ly/pio-monitor-filters
--- Quit: Ctrl+C | Menu: Ctrl+T | Help: Ctrl+T followed by Ctrl+H
start
pain
Waiting for ODrive...
pin
found ODrive
DC voltage: 23.99
Enabling closed loop control...
ODrive running!
end time:10000000
0, 804, 3, -1, 360.31, 0.00, 10.07, 9.55, 99.87
0, 11698, 1151, -34, 360.31, 0.00, 10.06, 9.52, 74.18
0, 19241, 1967, 59, 360.31, 0.06, 10.06, 9.02, 35.40
0, 28046, 2353, 110, 362.25, 0.13, 12.53, 11.11, -19.02
0, 38381, 2151, 177, 373.06, -0.69, 6.86, 9.53, -74.51
0, 48576, 1441, 186, 381.25, -1.12, 7.78, 8.83, -99.60
0, 58958, 867, 126, 382.06, -1.56, 8.05, 10.54, -84.57
0, 66142, 531, 94, 377.69, -1.56, 13.60, 10.54, -52.83
0, 72577, 343, 76, 377.69, -1.44, 9.45, 9.28, -15.17
0, 79539, 356, 66, 371.69, -0.94, 9.45, 9.98, 28.13
0, 89525, 690, 60, 366.50, -0.69, 11.94, 9.77, 79.11
0, 99514, 1604, 16, 363.69, -0.56, 11.38, 10.07, 99.95
0, 109576, 2878, 161, 364.62, -0.37, 11.97, 11.88, 82.44
0, 116379, 3896, 272, 370.00, -0.37, 13.08, 11.88, 51.56
0, 122788, 4559, 338, 370.00, -0.44, 11.46, 9.31, 13.85
0, 129327, 4809, 369, 379.75, -1.87, 11.46, 10.78, -26.85
0, 139206, 4517, 409, 393.37, -2.94, 7.02, 9.38, -77.87
0, 149150, 3738, 415, 404.12, -3.37, 8.18, 9.06, -99.86
0, 159529, 3158, 359, 405.81, -3.62, 10.00, 10.04, -82.61
0, 166474, 2802, 326, 400.81, -3.62, 11.55, 10.04, -51.04
0, 172951, 2671, 313, 400.81, -3.50, 10.30, 10.70, -12.84
0, 179937, 2731, 300, 394.00, -3.06, 12.98, 9.64, 30.52
0, 190071, 3132, 292, 388.62, -2.81, 10.52, 10.28, 81.16
0, 200440, 4202, 301, 386.00, -2.69, 13.13, 9.17, 99.96
0, 211050, 5931, 466, 387.25, -2.50, 13.13, 12.39, 76.85
0, 217473, 7105, 585, 393.25, -2.50, 13.50, 9.15, 45.55
0, 224112, 7861, 669, 393.25, -2.87, 10.92, 9.15, 5.58
0, 230641, 8073, 695, 404.62, -4.37, 8.56, 10.33, -34.71
0, 241377, 7670, 709, 421.56, -5.81, 10.77, 9.79, -85.68
0, 252087, 6707, 719, 435.19, -6.25, 11.63, 9.15, -99.14
0, 262483, 5698, 607, 437.69, -6.31, 9.74, 9.34, -70.79
0, 269167, 5175, 549, 432.81, -6.19, 9.74, 10.31, -35.84
0, 275571, 4941, 521, 424.06, -6.19, 10.29, 10.31, 3.59
0, 282506, 5030, 502, 424.06, -5.37, 11.73, 9.80, 45.43
0, 292594, 5688, 493, 414.87, -4.75, 11.50, 9.67, 89.37
0, 302541, 6954, 569, 408.69, -4.50, 13.84, 9.29, 98.73
0, 312826, 8823, 746, 409.12, -4.44, 13.05, 9.01, 69.25
0, 319244, 9752, 845, 415.87, -5.06, 13.05, 11.02, 35.38
0, 325787, 10170, 872, 428.75, -5.06, 10.02, 11.02, -4.94
0, 332385, 10120, 903, 428.75, -6.56, 11.05, 7.96, -44.75
0, 342690, 9501, 938, 445.94, -7.62, 12.11, 9.68, -89.64
0, 352640, 8643, 939, 457.19, -8.00, 13.49, 10.21, -98.63
0, 362881, 7755, 835, 457.69, -8.31, 8.51, 9.61, -69.00
0, 369618, 7302, 783, 451.62, -8.31, 8.51, 9.09, -33.18
0, 376018, 7075, 753, 443.56, -8.31, 10.69, 9.09, 6.39
0, 382912, 7134, 731, 443.56, -7.56, 11.35, 9.63, 47.69
0, 392749, 7793, 706, 435.37, -6.87, 11.75, 10.10, 89.80
0, 402692, 9106, 777, 429.56, -6.56, 12.69, 9.08, 98.57
0, 413008, 10763, 920, 429.44, -6.31, 12.36, 10.00, 68.42
0, 419459, 11604, 1013, 436.25, -6.81, 12.36, 9.40, 34.12
0, 425965, 11990, 1056, 449.06, -6.81, 10.15, 9.40, -6.06
0, 432652, 11948, 1072, 449.06, -8.06, 12.73, 9.99, -46.25
0, 442842, 11357, 1099, 464.12, -9.25, 12.37, 9.57, -90.06
0, 452840, 10447, 1132, 474.44, -9.56, 13.44, 9.68, -98.41
0, 463028, 9400, 1027, 475.19, -9.81, 13.44, 9.65, -68.33
0, 469461, 8833, 957, 469.50, -9.81, 8.52, 9.50, -34.10
0, 476193, 8561, 921, 461.00, -10.13, 10.70, 9.50, 7.49
0, 482917, 8625, 901, 461.00, -9.31, 10.54, 9.67, 47.72
0, 492887, 9366, 871, 451.37, -8.44, 11.31, 10.39, 90.18
0, 502970, 10636, 909, 444.25, -8.06, 12.17, 8.86, 98.26
0, 513047, 12268, 1082, 443.94, -7.75, 12.17, 9.82, 68.24
0, 519515, 13050, 1165, 451.06, -7.75, 11.70, 9.43, 33.79
0, 526155, 13339, 1202, 451.06, -8.00, 11.03, 9.43, -7.25
0, 532911, 13211, 1237, 463.25, -9.44, 13.36, 9.90, -47.68
0, 543031, 12530, 1260, 478.12, -10.63, 11.89, 9.64, -90.57
0, 553098, 11701, 1249, 487.50, -11.06, 13.18, 9.00, -98.11
0, 563176, 10780, 1161, 487.12, -11.31, 8.45, 11.37, -67.64
0, 569799, 10232, 1108, 481.00, -11.31, 8.45, 9.86, -32.10
0, 576731, 9918, 1073, 473.19, -11.38, 11.53, 9.86, 10.85
0, 583507, 9936, 1058, 473.19, -10.56, 10.46, 10.50, 50.94
0, 593270, 10633, 1021, 464.81, -9.88, 10.56, 9.45, 91.19
0, 603174, 11964, 1053, 457.75, -9.50, 11.57, 9.29, 98.02
0, 613256, 13472, 1209, 456.44, -9.19, 12.10, 10.00, 67.27
0, 619709, 14179, 1296, 462.87, -9.19, 12.10, 9.12, 32.64
0, 626584, 14435, 1330, 462.87, -9.19, 10.89, 9.12, -9.94
0, 633016, 14320, 1354, 475.31, -10.56, 13.70, 10.25, -48.26
0, 643175, 13697, 1369, 489.00, -11.75, 13.48, 9.08, -90.95
0, 653061, 12860, 1373, 497.56, -12.19, 12.48, 9.65, -98.16
0, 663510, 11963, 1285, 497.50, -12.31, 9.04, 8.97, -66.08
0, 670010, 11532, 1235, 491.87, -12.31, 9.04, 9.17, -30.84
0, 676665, 11304, 1207, 484.12, -12.56, 10.94, 9.17, 10.44
0, 683433, 11384, 1191, 484.12, -11.75, 10.98, 11.56, 50.54
0, 692778, 12071, 1177, 476.25, -11.00, 9.81, 9.15, 89.88
0, 702443, 13190, 1181, 470.50, -10.75, 11.23, 10.43, 98.82
0, 712498, 14556, 1334, 470.06, -10.56, 11.23, 8.44, 70.72
0, 719565, 15383, 1428, 476.75, -10.56, 9.83, 10.56, 33.49
0, 725988, 15649, 1458, 476.75, -10.44, 8.88, 10.56, -6.20
0, 732703, 15518, 1483, 487.56, -11.81, 14.90, 10.23, -46.53
0, 742188, 14896, 1493, 500.00, -13.00, 13.45, 9.33, -88.19
0, 751775, 14116, 1496, 508.62, -13.44, 13.24, 9.16, -99.38
0, 761889, 13347, 1429, 508.31, -13.56, 13.24, 10.81, -73.37
0, 769467, 12863, 1379, 502.37, -13.56, 9.46, 10.81, -34.07
0, 776057, 12681, 1355, 502.37, -13.69, 10.93, 8.92, 6.64
0, 782676, 12770, 1333, 495.19, -12.94, 9.82, 10.06, 46.38
0, 791911, 13365, 1320, 488.06, -12.38, 8.91, 9.83, 87.36
0, 801775, 14447, 1330, 483.12, -12.13, 11.90, 8.45, 99.38
0, 811991, 15813, 1469, 483.31, -11.94, 11.90, 9.21, 72.94
0, 819653, 16653, 1557, 489.62, -11.94, 8.51, 9.21, 32.97
0, 826357, 16900, 1585, 489.62, -11.81, 8.70, 11.81, -8.51
0, 833106, 16750, 1609, 499.87, -13.19, 14.48, 9.36, -48.76
0, 842192, 16124, 1614, 511.87, -14.25, 12.98, 9.90, -88.20
0, 852063, 15272, 1599, 519.94, -14.63, 13.50, 9.11, -99.16
0, 862092, 14377, 1521, 519.50, -14.75, 9.99, 11.85, -72.50
0, 869962, 13873, 1474, 513.62, -14.75, 9.99, 11.85, -31.13
0, 876580, 13745, 1460, 505.75, -14.75, 10.27, 10.67, 9.91
0, 883493, 13879, 1439, 505.75, -13.88, 9.17, 10.30, 50.87
0, 892530, 14548, 1427, 497.75, -13.31, 8.98, 9.36, 89.19
0, 902079, 15570, 1446, 492.81, -13.13, 10.95, 8.57, 99.15
0, 912201, 16845, 1576, 493.37, -12.94, 8.62, 9.45, 72.03
0, 919894, 17670, 1662, 499.81, -12.94, 8.62, 9.45, 31.54
0, 926681, 17913, 1689, 509.56, -12.88, 9.37, 10.09, -10.54
0, 933334, 17773, 1712, 509.56, -14.13, 14.60, 9.44, -50.00
0, 942461, 17190, 1720, 520.75, -15.19, 12.61, 10.28, -88.99
0, 952305, 16373, 1685, 528.75, -15.63, 12.97, 8.99, -98.95
0, 962456, 15355, 1606, 528.69, -15.75, 11.47, 11.95, -70.91
0, 970418, 14758, 1551, 523.37, -15.75, 11.47, 11.95, -28.39
0, 977042, 14609, 1536, 515.87, -15.56, 9.90, 9.46, 12.79
0, 983685, 14751, 1514, 515.87, -14.81, 8.66, 9.95, 51.90
0, 992723, 15421, 1505, 507.19, -14.13, 8.96, 9.76, 89.73
0, 1002346, 16418, 1528, 501.00, -13.88, 11.20, 9.19, 98.92
0, 1012534, 17744, 1668, 501.25, -13.69, 8.91, 10.38, 70.56
0, 1020079, 18631, 1757, 507.50, -13.69, 8.91, 10.38, 30.43
0, 1026773, 18896, 1786, 516.94, -13.69, 9.40, 9.52, -11.12
0, 1033646, 18735, 1813, 516.94, -14.94, 15.60, 9.90, -51.69
0, 1042848, 18064, 1818, 528.31, -16.06, 12.21, 9.70, -90.07
0, 1052505, 17372, 1763, 537.19, -16.50, 13.49, 9.25, -98.76
0, 1062774, 16471, 1692, 537.25, -16.62, 11.84, 10.50, -69.48
0, 1070318, 15893, 1648, 531.62, -16.62, 11.84, 10.50, -29.00
0, 1076733, 15677, 1621, 531.62, -16.37, 10.38, 9.03, 10.87
0, 1083549, 15770, 1601, 525.06, -15.69, 8.54, 9.81, 51.17
0, 1092369, 16390, 1595, 517.25, -15.06, 7.75, 9.61, 88.72
0, 1102168, 17487, 1637, 511.12, -14.69, 10.77, 9.30, 99.07
0, 1112586, 18993, 1791, 510.62, -14.56, 10.77, 8.86, 70.33
0, 1120258, 19980, 1886, 516.62, -14.56, 8.32, 8.86, 29.36
0, 1126687, 20262, 1914, 516.62, -15.81, 8.26, 9.27, -10.58
0, 1133620, 20128, 1940, 526.56, -17.12, 15.94, 9.66, -51.55
0, 1142726, 19522, 1940, 539.06, -17.56, 11.34, 9.65, -89.74
0, 1152217, 18843, 1896, 548.75, -17.69, 13.42, 9.60, -99.03
0, 1162731, 17904, 1807, 549.31, -17.56, 13.42, 9.75, -69.68
0, 1170350, 17411, 1764, 544.25, -17.56, 11.49, 9.75, -28.80
0, 1177052, 17272, 1753, 537.87, -16.69, 8.64, 10.04, 12.86
0, 1184007, 17421, 1739, 537.87, -16.06, 8.27, 8.93, 53.62
0, 1192365, 18059, 1737, 530.19, -15.81, 7.06, 8.97, 88.71
0, 1201690, 19001, 1793, 525.06, -15.75, 9.66, 10.46, 99.44
0, 1211604, 20438, 1924, 525.19, -15.75, 9.66, 7.68, 74.58
0, 1220339, 21486, 2014, 531.06, -16.12, 7.83, 7.68, 28.87
0, 1226857, 21777, 2042, 531.06, -17.25, 7.63, 9.86, -11.64
0, 1233467, 21634, 2058, 540.31, -18.31, 14.74, 10.00, -50.72
0, 1242424, 21028, 2065, 552.62, -18.75, 11.25, 9.59, -88.88
0, 1251894, 20466, 2044, 561.56, -18.87, 12.90, 8.74, -99.29
0, 1261815, 19719, 1980, 562.19, -18.87, 12.90, 8.86, -73.69
0, 1270508, 19205, 1931, 557.12, -18.87, 7.95, 8.86, -27.85
0, 1276935, 19039, 1910, 557.12, -18.31, 8.23, 10.73, 12.13
0, 1284035, 19172, 1901, 551.75, -17.69, 8.21, 8.95, 53.77
0, 1292115, 19782, 1895, 545.56, -17.37, 6.68, 9.91, 87.98
0, 1301695, 20727, 1949, 540.69, -17.25, 11.22, 10.49, 99.43
0, 1311275, 22049, 2063, 540.56, -17.25, 11.22, 8.21, 75.94
0, 1320046, 23083, 2158, 546.19, -17.56, 6.78, 8.21, 30.63
0, 1326470, 23341, 2187, 546.19, -18.62, 7.70, 9.77, -9.22
0, 1333308, 23205, 2195, 555.00, -19.69, 14.50, 10.10, -49.86
0, 1341872, 22690, 2199, 566.50, -20.06, 9.59, 9.38, -87.24
0, 1351605, 22072, 2165, 575.00, -20.12, 12.22, 9.07, -99.49
0, 1361137, 21290, 2108, 575.37, -20.12, 12.22, 12.72, -76.50
0, 1370153, 20659, 2058, 570.87, -20.06, 7.18, 12.72, -29.99
0, 1376558, 20514, 2044, 570.87, -19.50, 8.60, 9.84, 9.77
0, 1383448, 20658, 2027, 565.25, -18.94, 6.37, 9.26, 50.62
0, 1391842, 21241, 2025, 558.50, -18.62, 5.44, 9.18, 87.15
0, 1401480, 22142, 2073, 553.25, -18.62, 9.06, 9.36, 99.57
0, 1411209, 23471, 2197, 553.44, -18.50, 9.06, 9.41, 76.21
0, 1419975, 24491, 2298, 558.81, -18.75, 7.13, 9.41, 31.05
0, 1426387, 24793, 2326, 558.81, -19.81, 8.64, 9.23, -8.70
0, 1433196, 24655, 2332, 567.06, -20.94, 11.85, 9.71, -49.25
0, 1441843, 24101, 2342, 578.25, -21.31, 10.87, 9.83, -87.15
0, 1451739, 23431, 2299, 586.81, -21.44, 8.09, 10.21, -99.40
0, 1461764, 22578, 2209, 587.44, -21.44, 8.09, 10.46, -73.91
0, 1470555, 21935, 2156, 582.75, -21.31, 9.82, 10.46, -27.57
0, 1477216, 21753, 2139, 582.75, -20.56, 8.00, 9.77, 13.88
0, 1484351, 21902, 2122, 576.81, -19.94, 6.52, 9.17, 55.43
0, 1492462, 22509, 2119, 569.81, -19.62, 5.46, 8.92, 88.99
0, 1502012, 23394, 2189, 564.19, -19.44, 9.65, 9.95, 99.20
0, 1511916, 24741, 2318, 563.75, -19.44, 6.25, 9.62, 73.26
0, 1520714, 25791, 2416, 568.81, -19.75, 6.25, 9.62, 26.61
0, 1527233, 26067, 2445, 568.81, -20.81, 7.91, 9.66, -13.98
0, 1533849, 25913, 2451, 576.94, -21.87, 11.80, 9.88, -52.78
0, 1542319, 25373, 2462, 588.00, -22.37, 9.26, 9.93, -88.58
0, 1552141, 24779, 2438, 597.12, -22.37, 9.67, 13.62, -99.10
0, 1562281, 23895, 2345, 598.19, -22.37, 9.47, 9.95, -71.68
0, 1570898, 23241, 2278, 593.81, -22.50, 9.47, 9.95, -25.49
0, 1577435, 23059, 2252, 593.81, -21.81, 8.46, 9.92, 15.24
0, 1584373, 23209, 2244, 588.37, -21.06, 6.53, 9.46, 55.54
0, 1592476, 23788, 2239, 581.25, -20.69, 5.79, 8.82, 89.03
0, 1602265, 24715, 2316, 575.31, -20.56, 6.99, 10.25, 98.99
0, 1612349, 26187, 2453, 574.62, -20.56, 6.99, 10.36, 71.38
0, 1620927, 27268, 2562, 582.69, -20.81, 7.08, 10.36, 25.32
0, 1627383, 27545, 2594, 582.69, -21.81, 8.40, 8.96, -14.91
0, 1634259, 27392, 2604, 590.75, -23.06, 11.52, 10.14, -54.95
0, 1642572, 26850, 2623, 602.50, -23.69, 9.08, 9.92, -89.30
0, 1652447, 26234, 2595, 603.87, -23.75, 8.70, 10.80, -98.82
0, 1662673, 25474, 2510, 599.44, -23.75, 8.70, 10.46, -69.94
0, 1671391, 24925, 2452, 594.12, -24.00, 8.54, 10.46, -22.48
0, 1677809, 24773, 2426, 588.06, -23.37, 8.05, 10.25, 17.56
0, 1684731, 24937, 2403, 588.06, -23.37, 6.59, 9.66, 57.40
0, 1692700, 25553, 2395, 582.87, -22.69, 6.06, 7.34, 89.66
0, 1702565, 26506, 2486, 582.25, -22.25, 5.88, 12.49, 98.70
0, 1712720, 27974, 2631, 587.25, -21.94, 8.20, 8.02, 69.73
0, 1721346, 29034, 2741, 595.25, -22.25, 8.20, 8.02, 22.76
0, 1727786, 29357, 2778, 606.75, -23.31, 8.81, 9.09, -17.41
0, 1734735, 29247, 2787, 606.75, -24.62, 10.51, 9.92, -57.42
0, 1742976, 28751, 2800, 616.81, -24.62, 8.18, 9.80, -90.42
0, 1752814, 28099, 2839, 619.19, -25.25, 8.56, 10.03, -98.44
0, 1762998, 27326, 2714, 615.44, -25.37, 8.89, 10.30, -68.47
0, 1771635, 26744, 2651, 609.94, -25.81, 8.89, 10.30, -20.99
0, 1778098, 26590, 2619, 603.69, -25.37, 7.76, 9.96, 19.34
0, 1785581, 26782, 2587, 603.69, -24.44, 7.72, 9.04, 61.69
0, 1793219, 27364, 2578, 598.12, -24.44, 7.24, 8.50, 91.06
0, 1803175, 28375, 2674, 597.25, -24.00, 6.06, 10.68, 98.02
0, 1813257, 29917, 2830, 601.81, -23.62, 9.80, 8.55, 67.27
0, 1821889, 31109, 2943, 610.00, -23.81, 9.80, 8.55, 19.43
0, 1828316, 31452, 2976, 622.00, -24.87, 9.50, 9.73, -20.68
0, 1835133, 31301, 2996, 622.00, -24.87, 9.36, 9.99, -59.45
0, 1843467, 30818, 3006, 633.56, -26.25, 7.68, 9.73, -91.69
0, 1853281, 30045, 3044, 636.62, -26.94, 7.52, 10.09, -97.88
0, 1863412, 29081, 2946, 632.81, -27.19, 7.99, 10.51, -66.55
0, 1872261, 28515, 2885, 626.56, -27.56, 7.99, 10.51, -17.13
0, 1878684, 28390, 2859, 618.87, -27.37, 8.27, 9.11, 22.94
0, 1886363, 28632, 2770, 618.87, -26.62, 8.50, 9.65, 65.48
0, 1893874, 29261, 2766, 613.00, -26.62, 8.34, 8.29, 92.68
0, 1903506, 30484, 2886, 612.12, -26.12, 6.76, 11.13, 97.58
0, 1913546, 32315, 3044, 616.87, -25.31, 11.36, 8.83, 65.92
0, 1922427, 33385, 3174, 626.56, -25.44, 11.36, 8.83, 16.10
0, 1928981, 33562, 3202, 641.00, -26.69, 9.61, 8.99, -24.75
0, 1936626, 33308, 3213, 641.00, -28.12, 8.40, 9.98, -66.72
0, 1944358, 32803, 3224, 652.44, -28.12, 7.26, 9.04, -93.78
0, 1953785, 31975, 3226, 654.37, -28.94, 8.45, 10.44, -97.19
0, 1963801, 30990, 3122, 650.19, -29.12, 8.13, 9.59, -64.70
0, 1972720, 30333, 3069, 643.37, -29.37, 8.13, 9.59, -14.28
0, 1979137, 30124, 3048, 635.37, -29.00, 8.15, 9.42, 25.70
0, 1986795, 30310, 3012, 635.37, -28.19, 8.75, 9.21, 67.51
0, 1994290, 30966, 2928, 628.44, -28.19, 9.69, 8.85, 93.63
0, 2003952, 32313, 3044, 626.19, -27.81, 9.53, 7.76, 96.93
0, 2014074, 33965, 3234, 630.50, -27.31, 10.25, 9.86, 63.39
0, 2022945, 34958, 3340, 641.00, -26.87, 10.25, 9.86, 12.88
0, 2029373, 35193, 3367, 654.56, -28.12, 9.95, 9.83, -27.13
0, 2037273, 34978, 3383, 654.56, -29.62, 6.30, 10.22, -69.69
0, 2044660, 34496, 3404, 665.56, -29.62, 7.03, 9.05, -94.42
0, 2054218, 33707, 3395, 668.62, -30.37, 7.60, 9.41, -96.51
0, 2064221, 32736, 3306, 665.06, -30.56, 8.37, 11.40, -62.67
0, 2073226, 32037, 3231, 658.31, -30.94, 8.37, 11.40, -11.13
0, 2079853, 31892, 3209, 650.31, -30.50, 9.12, 9.29, 30.02
0, 2087505, 32116, 3189, 650.31, -29.75, 10.57, 9.18, 70.73
0, 2094778, 32743, 3130, 643.12, -29.75, 10.49, 8.61, 94.66
0, 2104318, 33883, 3230, 641.00, -29.19, 9.55, 6.25, 96.34
0, 2114371, 35381, 3380, 645.12, -29.00, 10.92, 10.10, 61.93
0, 2123343, 36408, 3483, 654.25, -28.44, 10.92, 10.10, 10.40
0, 2129774, 36707, 3514, 666.44, -29.50, 9.92, 9.09, -29.55
0, 2137699, 36519, 3555, 666.44, -30.81, 6.46, 10.31, -71.59
0, 2145054, 35956, 3596, 677.87, -30.81, 6.59, 8.55, -95.21
0, 2154678, 35190, 3548, 682.12, -31.62, 7.59, 10.50, -95.71
0, 2164616, 34318, 3463, 678.69, -32.06, 8.38, 10.46, -60.72
0, 2173689, 33693, 3400, 671.69, -32.50, 8.38, 10.46, -8.23
0, 2180407, 33567, 3381, 664.19, -31.94, 9.70, 9.16, 33.32
0, 2188529, 33865, 3364, 657.50, -31.94, 10.79, 8.88, 75.13
0, 2195538, 34489, 3330, 657.50, -31.25, 11.72, 8.78, 96.09
0, 2204876, 35640, 3404, 655.25, -30.69, 9.93, 12.09, 95.34
0, 2214731, 37236, 3558, 659.44, -30.50, 11.40, 9.49, 60.14
0, 2223838, 38254, 3659, 668.56, -30.19, 11.40, 9.49, 7.30
0, 2230419, 38437, 3695, 681.75, -31.00, 10.22, 9.96, -33.39
0, 2238193, 38160, 3760, 681.75, -32.31, 4.70, 9.69, -73.72
0, 2245854, 37642, 3769, 694.00, -32.31, 4.79, 9.52, -96.63
0, 2255224, 37113, 3714, 697.69, -33.13, 9.76, 9.66, -94.66
0, 2265099, 36469, 3663, 693.81, -33.69, 9.09, 10.04, -58.28
0, 2274255, 35995, 3620, 688.37, -33.94, 9.09, 10.04, -4.68
0, 2280666, 35930, 3608, 682.69, -33.50, 9.49, 9.42, 34.85
0, 2289081, 36272, 3600, 677.44, -33.50, 11.69, 9.49, 77.37
0, 2296346, 36958, 3579, 677.44, -33.00, 11.97, 9.29, 97.38
0, 2306241, 38274, 3657, 675.75, -32.69, 10.85, 10.15, 92.41
0, 2315468, 39634, 3807, 680.19, -32.56, 10.70, 9.38, 56.38
0, 2324440, 40642, 3910, 689.81, -32.31, 10.70, 9.38, 3.52
0, 2331062, 40924, 3946, 702.94, -33.75, 9.84, 9.67, -37.17
0, 2339450, 40680, 3972, 715.19, -35.19, 6.51, 9.60, -78.82
0, 2347273, 40123, 4018, 715.19, -36.13, 5.68, 10.02, -98.54
0, 2357145, 39521, 3964, 720.75, -36.50, 7.67, 9.76, -90.09
0, 2366315, 39045, 3921, 717.94, -36.50, 11.96, 9.88, -51.90
0, 2374908, 38810, 3896, 711.50, -36.25, 9.95, 9.88, -0.58
0, 2381824, 38876, 3884, 706.25, -35.81, 9.95, 9.27, 41.57
0, 2390412, 39278, 3872, 702.25, -35.56, 12.18, 9.78, 82.39
0, 2397911, 40036, 3840, 702.25, -35.44, 11.52, 9.48, 99.14
0, 2407490, 41422, 3985, 702.00, -35.19, 12.10, 9.48, 89.13
0, 2416387, 42941, 4123, 706.50, -35.19, 12.71, 8.52, 51.52
0, 2424930, 43920, 4228, 716.44, -36.13, 12.71, 8.52, 0.44
0, 2431606, 44110, 4253, 731.37, -37.50, 8.80, 9.47, -40.32
0, 2440430, 43727, 4274, 745.81, -38.50, 6.82, 10.06, -82.46
0, 2447949, 43133, 4302, 745.81, -38.81, 7.81, 9.48, -99.17
0, 2457644, 42348, 4230, 751.25, -39.00, 9.38, 9.62, -88.69
0, 2466615, 41620, 4159, 747.50, -39.00, 10.14, 9.43, -50.28
0, 2475344, 41166, 4117, 740.06, -38.69, 10.39, 9.43, 2.16
0, 2481959, 41162, 4101, 732.12, -37.94, 10.39, 9.31, 42.34
0, 2490662, 41614, 4071, 725.31, -37.56, 13.25, 9.46, 83.27
0, 2498152, 42390, 4068, 725.31, -37.56, 13.49, 8.92, 99.33
0, 2507757, 43897, 4222, 723.31, -37.25, 11.95, 9.43, 88.36
0, 2516714, 45393, 4364, 728.00, -37.00, 13.29, 8.92, 49.75
0, 2525466, 46206, 4443, 738.62, -38.06, 7.68, 8.92, -2.92
0, 2532121, 46268, 4462, 754.56, -39.56, 7.68, 9.17, -43.26
0, 2540900, 45865, 4501, 768.25, -40.44, 8.57, 9.71, -84.09
0, 2548689, 45175, 4518, 768.25, -40.44, 9.79, 8.74, -99.66
0, 2558101, 44354, 4459, 772.50, -40.75, 10.51, 9.89, -87.32
0, 2567146, 43582, 4371, 768.50, -40.94, 10.68, 9.04, -47.37
0, 2575890, 43231, 4326, 760.25, -40.81, 10.03, 9.04, 5.59
0, 2582306, 43279, 4301, 751.81, -40.00, 10.03, 10.16, 44.31
0, 2591110, 43762, 4262, 744.81, -39.44, 13.05, 8.51, 84.80
0, 2598889, 44626, 4295, 743.31, -39.44, 13.39, 9.49, 99.76
0, 2608380, 46007, 4423, 743.31, -39.00, 12.13, 8.90, 86.46
0, 2617303, 47334, 4548, 748.12, -38.88, 11.20, 9.02, 46.50
0, 2626009, 48070, 4625, 758.94, -39.81, 9.05, 9.02, -6.33
0, 2632726, 48111, 4644, 773.50, -41.06, 9.05, 8.91, -46.66
0, 2641508, 47642, 4659, 786.19, -42.00, 10.64, 9.60, -86.10
0, 2651429, 46751, 4726, 790.56, -42.25, 10.78, 9.19, -99.60
0, 2661974, 45803, 4626, 786.56, -42.44, 10.52, 9.25, -73.01
0, 2669195, 45198, 4552, 786.56, -42.44, 10.48, 9.01, -35.67
0, 2677762, 44906, 4515, 778.00, -42.56, 10.10, 9.01, 17.26
0, 2684177, 45017, 4488, 769.44, -41.75, 12.04, 8.63, 54.52
0, 2692754, 45694, 4461, 761.75, -41.19, 12.04, 9.62, 89.81
0, 2702567, 46895, 4500, 759.62, -40.75, 13.39, 10.95, 98.70
0, 2712841, 48508, 4669, 765.00, -40.44, 12.44, 9.98, 69.18
0, 2719690, 49399, 4765, 776.19, -40.44, 10.30, 8.74, 32.75
0, 2728180, 49765, 4806, 776.19, -41.25, 10.06, 8.74, -19.84
0, 2734611, 49611, 4844, 790.69, -42.69, 11.45, 9.92, -56.78
0, 2743551, 49001, 4849, 803.31, -43.63, 10.42, 9.38, -91.90
0, 2753699, 48175, 4868, 806.12, -44.00, 11.00, 9.73, -97.31
0, 2764533, 47334, 4769, 801.44, -44.13, 11.00, 7.42, -61.13
0, 2771982, 46827, 4722, 793.37, -44.19, 11.13, 12.69, -18.85
0, 2779609, 46596, 4690, 786.12, -44.19, 10.61, 12.69, 28.55
0, 2786565, 46767, 4660, 786.12, -43.38, 11.12, 8.99, 66.43
0, 2794352, 47510, 4643, 778.94, -42.81, 11.91, 9.14, 93.77
0, 2804823, 48899, 4711, 776.00, -42.44, 13.11, 9.87, 95.44
0, 2815467, 50436, 4870, 780.56, -42.13, 13.11, 9.30, 56.38
0, 2823076, 51138, 4956, 792.31, -42.81, 10.06, 9.03, 12.06
0, 2830292, 51240, 4981, 806.19, -42.81, 10.24, 9.42, -32.64
0, 2837026, 51007, 4995, 806.19, -44.19, 12.49, 9.42, -68.57
0, 2844800, 50366, 5000, 817.81, -45.13, 11.22, 10.39, -94.71
0, 2855389, 49431, 5016, 820.62, -45.38, 12.79, 9.28, -94.32
0, 2866232, 48726, 4936, 816.19, -45.50, 9.77, 7.31, -52.35
0, 2874488, 48340, 4886, 807.44, -45.63, 9.77, 9.79, -3.22
0, 2881133, 48348, 4871, 800.25, -45.63, 11.34, 9.13, 37.58
0, 2888617, 48695, 4846, 800.25, -44.94, 11.12, 9.13, 75.49
0, 2895826, 49515, 4807, 794.37, -44.44, 11.55, 9.70, 96.58
0, 2906106, 50772, 4911, 792.87, -44.19, 12.79, 8.72, 92.73
0, 2916462, 52195, 5065, 798.12, -43.81, 9.20, 10.90, 51.11
0, 2924611, 52885, 5143, 809.31, -44.44, 9.20, 9.79, 2.45
0, 2931219, 52892, 5169, 821.94, -44.44, 10.95, 9.57, -38.08
0, 2938839, 52509, 5176, 821.94, -45.81, 13.87, 9.57, -76.40
0, 2945923, 51800, 5195, 833.62, -46.81, 12.03, 10.33, -96.74
0, 2956342, 50957, 5159, 836.50, -47.06, 13.83, 10.20, -92.17
0, 2966762, 50179, 5088, 831.37, -47.19, 9.10, 9.68, -49.48
0, 2975065, 49809, 5049, 822.87, -47.06, 9.10, 9.00, 0.40
0, 2981609, 49838, 5033, 815.19, -47.06, 11.23, 10.00, 40.34
0, 2989386, 50221, 5019, 815.19, -46.44, 11.18, 10.00, 78.57
0, 2996202, 50997, 4987, 808.81, -46.00, 10.58, 10.31, 97.17
0, 3006345, 52335, 5078, 807.19, -45.75, 13.46, 8.12, 92.16
0, 3016651, 53847, 5238, 812.06, -45.44, 7.42, 11.41, 50.09
0, 3024392, 54634, 5328, 823.44, -45.88, 7.42, 10.49, 3.82
0, 3031448, 54681, 5349, 836.75, -45.88, 10.78, 9.64, -39.41
0, 3038980, 54332, 5354, 836.75, -47.31, 15.25, 9.64, -76.97
0, 3046126, 53657, 5361, 849.37, -48.50, 13.18, 10.82, -97.05
0, 3056517, 52704, 5305, 853.25, -48.75, 13.04, 9.79, -91.73
0, 3066869, 51752, 5232, 848.87, -48.75, 9.61, 12.40, -48.90
0, 3074529, 51347, 5192, 840.31, -48.56, 9.61, 9.69, -2.96
0, 3081730, 51361, 5174, 831.31, -48.56, 10.66, 10.17, 41.03
0, 3089238, 51755, 5155, 831.31, -47.81, 10.02, 10.17, 77.99
0, 3096290, 52608, 5122, 823.75, -47.31, 9.58, 10.13, 97.29
0, 3106471, 54055, 5263, 821.81, -47.06, 15.84, 9.10, 91.85
0, 3116765, 55817, 5442, 826.87, -46.81, 5.70, 9.38, 49.47
0, 3124120, 56599, 5519, 838.75, -47.44, 5.70, 9.19, 5.53
0, 3131623, 56634, 5544, 853.31, -47.44, 9.57, 9.88, -40.42
0, 3139370, 56277, 5550, 853.31, -49.06, 17.00, 9.88, -78.51
0, 3146453, 55574, 5562, 867.44, -50.25, 12.32, 8.80, -97.53
0, 3156741, 54771, 5483, 871.19, -50.56, 14.46, 11.05, -91.17
0, 3166956, 54044, 5416, 866.94, -50.56, 9.74, 10.76, -48.42
0, 3174416, 53726, 5386, 858.81, -50.25, 9.74, 8.45, -3.67
0, 3182045, 53772, 5366, 851.87, -50.25, 11.11, 10.12, 42.83
0, 3190032, 54214, 5364, 845.75, -49.56, 9.12, 10.12, 81.02
0, 3196640, 55031, 5357, 845.75, -49.13, 8.13, 9.15, 97.78
0, 3206844, 56518, 5506, 844.50, -48.94, 10.96, 9.72, 90.90
0, 3216902, 58036, 5641, 849.25, -48.81, 6.59, 7.63, 48.72
0, 3224283, 58696, 5700, 860.81, -49.69, 6.59, 10.03, 4.51
0, 3231958, 58692, 5722, 874.56, -49.69, 11.12, 11.61, -42.34
0, 3239517, 58300, 5722, 874.56, -51.06, 16.14, 11.61, -79.08
0, 3246731, 57628, 5731, 886.44, -52.00, 11.70, 10.67, -97.90
0, 3256938, 56828, 5662, 889.62, -52.25, 14.17, 8.68, -90.65
0, 3267126, 56041, 5601, 885.25, -52.31, 14.17, 11.75, -47.48
0, 3274673, 55694, 5568, 877.87, -52.00, 10.11, 10.07, -2.06
0, 3282571, 55716, 5554, 870.69, -52.00, 10.59, 9.15, 45.79
0, 3290959, 56204, 5556, 864.31, -51.38, 8.16, 9.15, 84.29
0, 3298582, 57153, 5556, 864.31, -50.94, 6.93, 9.40, 99.60
0, 3308781, 58592, 5689, 862.44, -50.75, 9.63, 10.36, 85.16
0, 3318876, 59970, 5817, 866.62, -50.63, 7.66, 7.42, 37.54
0, 3327385, 60423, 5866, 877.31, -51.25, 11.08, 10.00, -14.93
0, 3333951, 60279, 5878, 890.06, -52.56, 11.08, 9.29, -53.32
0, 3342620, 59653, 5878, 901.12, -52.56, 14.96, 10.22, -89.44
0, 3351700, 58904, 5838, 904.06, -53.50, 10.79, 8.72, -99.43
0, 3362201, 57972, 5758, 899.69, -53.75, 14.13, 12.15, -72.03
0, 3370940, 57408, 5710, 892.56, -53.81, 10.77, 9.99, -25.24
0, 3379904, 57301, 5694, 892.56, -53.38, 7.77, 9.99, 30.32
0, 3386822, 57577, 5686, 884.87, -52.63, 7.68, 9.25, 67.63
0, 3394859, 58422, 5671, 878.50, -52.19, 7.63, 9.43, 94.83
0, 3404392, 59511, 5770, 877.19, -52.06, 12.11, 9.26, 96.22
0, 3414520, 60955, 5916, 882.12, -51.94, 12.11, 9.27, 61.19
0, 3422043, 61739, 5990, 891.75, -51.94, 6.91, 10.17, 18.48
0, 3430628, 61819, 6007, 903.31, -52.56, 8.73, 10.17, -34.63
0, 3438047, 61514, 6010, 903.31, -53.88, 14.68, 9.76, -73.10
0, 3445565, 60820, 6023, 914.06, -54.81, 10.36, 9.55, -96.14
0, 3455582, 60017, 5949, 916.44, -54.94, 14.08, 8.65, -93.91
0, 3465759, 59098, 5861, 912.31, -55.00, 10.63, 13.14, -54.86
0, 3473426, 58590, 5807, 905.19, -55.00, 10.63, 10.41, -9.88
0, 3481829, 58519, 5790, 897.56, -54.69, 9.19, 10.41, 41.60
0, 3489368, 58900, 5786, 897.56, -53.88, 7.10, 8.84, 78.50
0, 3496673, 59733, 5792, 890.31, -53.19, 6.97, 8.80, 97.82
0, 3505928, 60879, 5911, 887.75, -53.00, 13.13, 9.70, 93.14
0, 3515925, 62349, 6047, 891.87, -52.94, 5.15, 8.41, 53.98
0, 3523603, 63051, 6116, 901.56, -52.94, 5.15, 9.09, 8.77
0, 3532054, 63103, 6133, 913.37, -53.63, 10.71, 9.09, -42.88
0, 3539573, 62759, 6136, 913.37, -54.88, 14.15, 10.44, -79.29
0, 3546834, 62130, 6154, 924.25, -55.88, 9.44, 10.60, -98.03
0, 3556067, 61408, 6091, 927.44, -56.13, 14.35, 10.08, -92.82
0, 3566090, 60509, 5992, 923.87, -56.06, 8.38, 11.21, -53.11
0, 3573761, 60064, 5949, 917.12, -56.06, 8.38, 9.16, -7.78
0, 3582441, 60012, 5930, 910.06, -55.19, 8.70, 9.16, 45.06
0, 3590472, 60470, 5926, 903.19, -54.50, 6.91, 9.75, 82.61
0, 3597508, 61246, 5947, 903.19, -54.31, 6.73, 9.06, 98.78
0, 3606418, 62374, 6053, 900.69, -54.19, 9.66, 11.30, 91.98
0, 3616206, 63810, 6192, 904.50, -54.75, 9.66, 5.37, 52.49
0, 3623768, 64528, 6264, 913.69, -54.75, 6.35, 10.04, 7.74
0, 3632583, 64605, 6282, 925.25, -56.06, 9.81, 10.04, -45.86
0, 3640192, 64204, 6285, 925.25, -57.13, 13.17, 11.42, -81.60
0, 3647283, 63590, 6317, 936.31, -57.38, 9.83, 10.75, -98.55
0, 3656382, 62898, 6273, 940.00, -57.44, 13.59, 10.99, -92.07
0, 3666384, 62113, 6166, 936.62, -57.69, 7.81, 10.62, -51.53
0, 3674141, 61728, 6114, 929.87, -57.69, 7.81, 10.22, -5.40
0, 3682950, 61743, 6087, 923.37, -56.81, 8.62, 9.38, 47.90
0, 3691404, 62247, 6081, 917.37, -56.13, 6.62, 9.38, 85.76
0, 3698702, 63043, 6118, 917.37, -55.81, 6.73, 8.54, 99.67
0, 3707181, 64222, 6233, 915.31, -55.63, 9.94, 10.28, 89.99
0, 3716679, 65798, 6389, 918.87, -56.25, 7.43, 9.50, 49.94
0, 3724284, 66755, 6485, 927.87, -56.25, 7.43, 8.85, 4.50
0, 3733141, 66864, 6517, 940.00, -57.63, 9.62, 11.48, -48.95
0, 3741892, 66354, 6531, 953.12, -59.00, 13.57, 11.48, -87.30
0, 3749383, 65799, 6587, 953.12, -59.50, 8.93, 10.32, -99.92
0, 3757935, 65041, 6539, 958.69, -59.69, 9.84, 9.75, -87.83
0, 3766996, 64270, 6436, 955.69, -60.13, 8.83, 11.91, -48.20
0, 3774493, 63851, 6363, 949.37, -60.13, 8.83, 9.46, -3.19
0, 3783676, 63879, 6315, 942.12, -59.38, 7.46, 9.11, 51.85
0, 3792264, 64493, 6300, 935.56, -58.50, 6.55, 9.11, 88.42
0, 3799761, 65313, 6338, 935.56, -58.00, 6.99, 8.11, 99.99
0, 3808218, 66742, 6482, 933.19, -57.63, 8.57, 9.12, 86.97
0, 3816984, 68441, 6636, 936.75, -58.19, 8.57, 8.91, 48.27
0, 3824511, 69252, 6742, 945.69, -58.19, 8.03, 9.63, 3.08
0, 3833573, 69261, 6767, 959.75, -59.75, 10.39, 9.63, -51.29
0, 3842400, 68804, 6770, 974.12, -61.19, 12.20, 11.78, -88.81
0, 3849884, 68159, 6824, 974.12, -61.69, 8.31, 9.87, -100.00
0, 3858296, 67280, 6747, 978.69, -61.75, 9.08, 9.81, -86.72
0, 3866836, 66357, 6669, 976.06, -62.06, 8.75, 11.65, -49.08
0, 3874528, 65900, 6624, 969.50, -62.06, 8.75, 9.10, -2.97
0, 3883974, 65907, 6590, 960.81, -61.31, 7.95, 8.64, 53.44
0, 3892556, 66538, 6501, 952.87, -60.69, 7.37, 8.64, 89.26
0, 3900023, 67418, 6549, 952.87, -60.38, 7.39, 11.42, 100.00
0, 3908214, 68783, 6673, 950.06, -59.63, 7.43, 6.36, 86.98
0, 3916726, 70175, 6838, 953.25, -60.00, 9.78, 9.39, 49.68
0, 3924443, 70837, 6914, 962.50, -60.00, 9.78, 9.39, 3.50
0, 3933225, 70822, 6935, 976.00, -61.50, 9.59, 9.39, -49.40
0, 3941005, 70406, 6946, 988.12, -62.81, 10.24, 10.13, -84.45
0, 3948239, 69782, 6989, 988.12, -63.13, 7.89, 9.57, -99.39
0, 3956288, 68859, 6905, 991.62, -63.31, 8.97, 9.55, -92.30
0, 3965944, 67785, 6796, 988.75, -63.31, 8.68, 9.64, -53.88
0, 3974312, 67124, 6730, 981.44, -63.38, 8.68, 9.34, -4.33
0, 3983172, 66944, 6709, 971.94, -62.44, 7.73, 9.34, 49.12
0, 3991254, 67410, 6659, 963.56, -61.63, 8.15, 8.91, 85.27
0, 3998152, 68217, 6617, 963.56, -61.31, 7.62, 8.44, 99.33
0, 4006152, 69473, 6753, 959.19, -60.88, 5.71, 3.55, 92.62
0, 4015815, 71084, 6936, 961.69, -60.88, 10.18, 8.70, 54.56
0, 4024300, 72000, 7033, 971.06, -60.94, 10.18, 10.58, 4.40
0, 4033469, 72117, 7059, 984.37, -62.50, 9.71, 10.58, -50.73
0, 4041370, 71728, 7093, 997.06, -63.81, 8.97, 10.76, -85.65
0, 4048484, 71104, 7129, 997.06, -64.19, 7.33, 9.31, -99.55
0, 4056463, 70217, 7041, 1002.19, -64.50, 8.08, 9.23, -91.87
0, 4066165, 69072, 6927, 1000.00, -64.50, 8.38, 10.53, -52.71
0, 4074569, 68404, 6857, 992.94, -64.62, 8.38, 8.87, -2.71
0, 4083729, 68301, 6834, 983.56, -63.63, 9.01, 8.87, 52.13
0, 4092370, 68867, 6807, 974.44, -62.75, 8.28, 9.25, 88.72
0, 4099848, 69680, 6783, 974.44, -62.38, 8.38, 8.45, 100.00
0, 4107966, 70929, 6917, 970.25, -62.19, 8.59, 3.81, 87.74
0, 4116482, 72297, 7059, 972.69, -62.19, 9.84, 9.86, 51.01
0, 4124834, 73098, 7139, 981.12, -62.13, 9.84, 10.33, 1.05
0, 4134004, 73158, 7174, 993.75, -63.50, 10.01, 10.33, -53.60
0, 4142578, 72641, 7240, 1006.12, -64.69, 7.31, 10.55, -89.32
0, 4150149, 71923, 7205, 1006.12, -65.12, 6.53, 8.36, -100.00
0, 4158086, 71098, 7130, 1011.19, -65.62, 8.47, 12.97, -87.37
0, 4166749, 70135, 7033, 1008.75, -65.62, 7.77, 9.44, -49.56
0, 4175261, 69457, 6964, 1001.50, -65.44, 7.77, 8.69, 1.63
0, 4184259, 69389, 6945, 992.62, -64.56, 9.19, 8.69, 54.94
0, 4192814, 69955, 6931, 983.75, -63.69, 9.36, 8.61, 89.98
0, 4200288, 70694, 6897, 983.75, -63.31, 8.79, 9.01, 99.98
0, 4207613, 71764, 7006, 979.19, -63.25, 8.72, 13.20, 88.78
0, 4216612, 73144, 7138, 981.37, -63.25, 10.30, 9.72, 50.30
0, 4225197, 73908, 7217, 989.12, -63.06, 10.30, 10.94, -1.23
0, 4234533, 73890, 7263, 1001.06, -64.25, 9.73, 10.94, -56.38
0, 4243229, 73359, 7307, 1013.00, -65.31, 6.33, 10.17, -91.08
0, 4250712, 72734, 7281, 1013.00, -65.81, 6.07, 9.44, -99.90
0, 4258435, 71959, 7213, 1017.75, -66.25, 9.42, 11.88, -86.28
0, 4267009, 71057, 7127, 1015.37, -66.25, 7.15, 9.66, -48.13
0, 4275612, 70487, 7069, 1008.69, -66.12, 7.15, 10.21, 3.84
0, 4284791, 70428, 7051, 1000.37, -65.31, 9.45, 10.21, 57.71
0, 4293367, 71030, 7039, 992.12, -64.56, 9.74, 8.62, 91.44
0, 4300845, 71849, 7018, 992.12, -64.25, 9.10, 9.45, 99.86
0, 4308936, 73061, 7133, 987.87, -64.19, 9.03, 13.11, 84.65
0, 4317514, 74345, 7254, 989.81, -64.19, 10.55, 9.82, 45.33
0, 4325940, 75028, 7342, 998.00, -64.00, 9.26, 10.86, -5.90
0, 4335176, 75003, 7385, 1010.12, -65.12, 9.26, 10.86, -59.67
0, 4343755, 74487, 7419, 1022.31, -66.31, 5.25, 10.41, -92.40
0, 4352434, 73930, 7396, 1027.31, -66.81, 6.12, 9.59, -98.83
0, 4360684, 73310, 7339, 1027.31, -67.25, 10.06, 11.94, -78.31
0, 4368562, 72671, 7283, 1025.38, -67.19, 7.45, 9.68, -39.36
0, 4376742, 72275, 7244, 1019.56, -67.19, 8.88, 9.51, 10.92
0, 4385294, 72358, 7226, 1013.69, -66.56, 8.88, 9.51, 60.26
0, 4393980, 73006, 7213, 1006.94, -66.06, 10.74, 8.18, 92.93
0, 4402156, 73919, 7221, 1003.44, -65.81, 9.57, 10.44, 99.08
0, 4410182, 75177, 7353, 1003.44, -65.75, 10.66, 11.34, 80.23
0, 4418537, 76467, 7485, 1005.94, -65.75, 11.54, 6.90, 39.51
0, 4427066, 77215, 7568, 1014.00, -65.62, 8.61, 10.93, -12.94
0, 4435664, 77245, 7595, 1026.44, -66.81, 8.61, 10.93, -62.10
0, 4444663, 76661, 7625, 1039.81, -68.12, 4.73, 10.04, -94.43
0, 4453323, 76093, 7601, 1046.69, -68.75, 5.08, 10.35, -97.83
0, 4461865, 75495, 7548, 1045.25, -69.00, 11.87, 11.21, -73.48
0, 4469361, 75079, 7510, 1045.25, -69.06, 8.56, 9.82, -34.70
0, 4477143, 75013, 7498, 1039.19, -69.06, 9.60, 9.01, 13.42
0, 4485820, 75214, 7487, 1033.13, -68.56, 9.60, 9.01, 62.86
0, 4495014, 75897, 7462, 1028.00, -68.12, 10.79, 9.02, 95.13
0, 4503569, 76957, 7539, 1027.25, -68.06, 10.08, 9.94, 97.50
0, 4512032, 78456, 7674, 1030.25, -68.06, 11.86, 6.61, 72.76
0, 4519226, 79575, 7780, 1030.25, -68.06, 11.70, 9.74, 35.49
0, 4527422, 80210, 7849, 1038.38, -68.12, 7.00, 10.04, -15.15
0, 4536124, 80130, 7879, 1052.25, -69.37, 7.00, 10.04, -64.34
0, 4545032, 79514, 7895, 1067.06, -70.62, 4.10, 10.79, -95.17
0, 4553621, 78830, 7857, 1073.75, -71.25, 6.08, 10.01, -97.42
0, 4562577, 78040, 7783, 1071.56, -71.44, 11.44, 8.29, -70.37
0, 4569807, 77522, 7737, 1071.56, -71.44, 8.77, 9.91, -32.06
0, 4577789, 77356, 7720, 1064.88, -71.44, 10.16, 8.63, 17.43
0, 4586390, 77588, 7696, 1057.06, -70.69, 12.33, 8.63, 65.61
0, 4595189, 78304, 7667, 1049.94, -70.12, 12.33, 9.07, 95.46
0, 4603775, 79486, 7771, 1047.94, -69.94, 12.22, 10.74, 97.20
0, 4612276, 81054, 7926, 1051.13, -69.75, 11.08, 5.94, 71.70
0, 4619589, 82125, 8025, 1051.13, -69.75, 11.41, 9.22, 33.35
0, 4627839, 82567, 8059, 1060.13, -70.06, 5.74, 10.34, -17.74
0, 4636856, 82387, 8101, 1075.31, -71.44, 5.32, 10.34, -67.79
0, 4645455, 81745, 8117, 1090.44, -72.62, 5.32, 9.12, -95.95
0, 4654212, 81121, 8102, 1095.75, -73.00, 8.63, 9.99, -96.52
0, 4663126, 80462, 8037, 1093.25, -73.31, 10.78, 7.90, -67.88
0, 4670075, 80071, 7991, 1093.25, -73.31, 10.01, 8.89, -30.46
0, 4678193, 79864, 7963, 1086.25, -73.56, 11.14, 9.39, 19.92
0, 4686939, 80056, 7932, 1079.06, -73.00, 12.87, 9.39, 68.17
0, 4695554, 80794, 7908, 1073.19, -72.37, 12.87, 9.05, 96.12
0, 4704154, 81845, 7994, 1070.69, -72.12, 12.44, 10.29, 96.61
0, 4712716, 83176, 8096, 1073.38, -71.87, 12.41, 8.50, 69.75
0, 4719919, 84072, 8191, 1073.38, -71.87, 10.74, 10.43, 31.39
0, 4728358, 84440, 8233, 1082.38, -72.00, 7.23, 9.11, -20.94
0, 4737272, 84185, 8257, 1095.56, -73.00, 7.89, 9.11, -69.69
0, 4745845, 83503, 8299, 1108.81, -74.12, 7.89, 8.95, -96.61
0, 4754878, 82848, 8301, 1113.69, -74.56, 8.94, 9.37, -95.34
0, 4764943, 82020, 8209, 1110.63, -74.75, 11.45, 7.57, -59.07
0, 4772480, 81531, 8148, 1103.31, -75.25, 9.66, 11.15, -15.77
0, 4779981, 81394, 8129, 1103.31, -75.25, 10.34, 8.53, 30.78
0, 4788606, 81691, 8095, 1095.75, -74.75, 13.57, 8.53, 75.45
0, 4797064, 82527, 8053, 1088.31, -74.44, 13.40, 9.21, 98.30
0, 4805677, 83668, 8152, 1084.94, -74.19, 13.40, 10.28, 93.71
0, 4816064, 85209, 8309, 1087.88, -74.00, 12.36, 6.58, 53.25
0, 4823618, 85914, 8388, 1097.31, -75.06, 12.20, 10.47, 8.68
0, 4830684, 85994, 8415, 1097.31, -75.06, 8.34, 9.76, -34.95
0, 4839323, 85620, 8472, 1110.75, -76.31, 9.11, 9.76, -78.33
0, 4847595, 84924, 8510, 1124.06, -76.87, 9.79, 10.58, -98.86
0, 4856180, 84267, 8445, 1129.13, -77.37, 10.59, 10.28, -92.56
0, 4866880, 83417, 8357, 1125.81, -77.56, 10.59, 10.58, -48.84
0, 4874988, 82995, 8308, 1118.19, -76.94, 10.35, 9.43, -0.08
0, 4881819, 82962, 8289, 1118.19, -76.25, 10.83, 8.92, 41.54
0, 4890904, 83484, 8269, 1110.69, -76.25, 13.57, 10.20, 84.10
0, 4898447, 84230, 8210, 1103.19, -75.94, 14.75, 10.20, 99.52
0, 4907214, 85409, 8327, 1099.63, -75.75, 11.07, 8.69, 89.90
0, 4917653, 86781, 8483, 1103.06, -75.44, 11.07, 11.80, 44.55
0, 4926454, 87305, 8554, 1112.19, -76.44, 11.85, 10.53, -9.12
0, 4933841, 87185, 8596, 1125.13, -77.62, 8.70, 9.14, -52.73
0, 4942892, 86521, 8611, 1137.31, -77.62, 10.39, 10.64, -90.19
0, 4950720, 85962, 8630, 1137.31, -78.25, 10.45, 9.44, -99.90
0, 4958388, 85438, 8576, 1141.69, -78.62, 11.26, 11.89, -86.43
0, 4968662, 84772, 8501, 1137.94, -78.81, 10.76, 11.89, -38.78
0, 4977742, 84442, 8459, 1130.25, -78.31, 10.76, 9.44, 17.14
0, 4986711, 84600, 8435, 1123.69, -77.75, 11.20, 9.88, 67.11
0, 4995585, 85409, 8423, 1117.50, -77.31, 13.76, 10.79, 96.18
0, 5004162, 86370, 8437, 1114.13, -77.19, 13.17, 8.07, 96.60
0, 5011648, 87341, 8550, 1114.13, -76.87, 11.22, 13.34, 74.40
0, 5020382, 88256, 8657, 1116.75, -76.87, 11.11, 9.81, 28.62
0, 5029009, 88560, 8695, 1126.25, -77.75, 10.15, 9.81, -24.92
0, 5037714, 88273, 8729, 1138.25, -78.94, 11.36, 10.56, -71.65
0, 5046294, 87550, 8736, 1149.38, -79.50, 11.36, 9.66, -97.30
0, 5054852, 86842, 8721, 1153.88, -79.75, 10.61, 10.84, -95.39
0, 5065222, 86102, 8644, 1150.75, -79.87, 10.45, 12.38, -57.65
0, 5072377, 85760, 8607, 1150.75, -79.87, 10.16, 9.31, -16.41
0, 5080487, 85714, 8591, 1142.75, -79.44, 11.82, 9.25, 33.79
0, 5089238, 86070, 8564, 1134.81, -78.87, 12.06, 9.25, 77.99
0, 5097487, 86979, 8517, 1128.56, -78.62, 12.02, 10.76, 98.75
0, 5106190, 87985, 8628, 1126.31, -78.44, 12.02, 8.41, 92.53
0, 5115815, 89264, 8763, 1129.63, -78.12, 9.68, 7.90, 54.57
0, 5122643, 89873, 8832, 1129.63, -78.12, 10.86, 9.67, 14.76
0, 5130758, 89924, 8863, 1139.63, -79.12, 10.67, 10.73, -35.39
0, 5139708, 89510, 8863, 1151.50, -80.37, 11.97, 10.73, -79.81
0, 5147788, 88768, 8875, 1163.56, -80.87, 11.08, 9.63, -99.03
0, 5156532, 88071, 8830, 1167.63, -81.00, 11.08, 10.19, -91.70
0, 5166607, 87294, 8757, 1164.06, -81.06, 9.24, 11.22, -50.33
0, 5173580, 86956, 8725, 1156.00, -80.62, 9.96, 9.47, -8.92
0, 5181265, 86947, 8710, 1156.00, -80.62, 11.27, 9.10, 38.35
0, 5190400, 87377, 8693, 1148.19, -80.06, 12.31, 9.10, 82.35
0, 5198040, 88270, 8642, 1141.00, -79.75, 12.40, 9.90, 99.24
0, 5206593, 89354, 8767, 1138.25, -79.62, 12.40, 10.43, 91.54
0, 5216188, 90668, 8912, 1141.44, -79.37, 10.82, 5.76, 52.59
0, 5222992, 91285, 8978, 1151.50, -79.37, 9.96, 9.28, 12.59
0, 5231288, 91330, 8995, 1151.50, -80.37, 11.22, 10.90, -38.48
0, 5240092, 90948, 8994, 1164.31, -81.62, 12.82, 10.90, -81.24
0, 5248013, 90169, 9004, 1176.69, -82.12, 11.41, 10.10, -99.22
0, 5256571, 89383, 8940, 1181.19, -82.19, 11.41, 9.70, -91.60
0, 5266360, 88569, 8874, 1178.19, -82.19, 14.72, 8.77, -51.67
0, 5273494, 88225, 8840, 1169.81, -82.19, 10.31, 9.25, -9.46
0, 5281598, 88260, 8812, 1169.81, -81.69, 11.13, 9.00, 40.27
0, 5290808, 88765, 8796, 1160.94, -81.12, 12.11, 9.00, 83.78
0, 5298301, 89675, 8795, 1153.44, -80.81, 12.64, 10.24, 99.43
0, 5306860, 90835, 8929, 1150.88, -80.56, 12.64, 11.21, 90.86
0, 5316792, 92343, 9077, 1154.38, -80.56, 10.75, 8.72, 49.32
0, 5323509, 93020, 9143, 1154.38, -80.56, 9.05, 10.06, 9.36
0, 5331748, 93040, 9161, 1164.88, -81.69, 12.01, 9.25, -41.13
0, 5340876, 92525, 9158, 1178.31, -83.00, 13.64, 9.25, -84.01
0, 5348593, 91775, 9166, 1192.13, -83.62, 12.33, 10.32, -99.61
0, 5357197, 91069, 9097, 1197.56, -83.69, 12.33, 9.50, -89.95
0, 5367457, 90272, 9018, 1194.19, -83.69, 14.35, 11.90, -45.65
0, 5374425, 89946, 8986, 1185.81, -83.19, 11.08, 9.45, -3.62
0, 5382199, 89970, 8961, 1185.81, -83.19, 10.81, 9.26, 43.70
0, 5391831, 90503, 8963, 1177.94, -82.56, 11.68, 9.26, 87.11
0, 5399378, 91477, 8986, 1170.69, -82.19, 11.25, 10.04, 99.92
0, 5407820, 92787, 9117, 1167.56, -82.06, 11.76, 8.08, 88.17
0, 5418281, 94480, 9269, 1170.44, -82.12, 11.76, 8.74, 40.98
0, 5425686, 95091, 9325, 1180.75, -83.25, 7.47, 10.67, -4.30
0, 5433328, 94977, 9336, 1195.44, -83.25, 13.42, 9.83, -49.96
0, 5443282, 94342, 9337, 1210.13, -84.56, 15.29, 9.83, -91.22
0, 5450644, 93704, 9328, 1210.13, -85.37, 12.30, 10.06, -99.92
0, 5458449, 93032, 9273, 1216.13, -85.37, 12.43, 8.76, -86.24
0, 5469068, 92208, 9208, 1213.00, -85.37, 12.43, 12.90, -36.42
0, 5476417, 91998, 9187, 1205.50, -84.94, 10.28, 9.56, 8.88
0, 5483830, 92167, 9178, 1197.56, -84.94, 10.75, 8.49, 52.67
0, 5493571, 92957, 9179, 1190.13, -84.31, 10.43, 8.49, 91.95
0, 5500688, 93822, 9210, 1190.13, -84.06, 11.47, 9.22, 99.91
0, 5508372, 95055, 9320, 1187.63, -84.00, 8.73, 10.06, 86.48
0, 5518911, 96597, 9466, 1191.44, -84.00, 8.73, 8.83, 37.34
0, 5526414, 96984, 9510, 1201.50, -85.00, 6.75, 11.61, -8.87
0, 5533994, 96797, 9518, 1215.44, -85.00, 13.04, 10.79, -53.54
0, 5543907, 96064, 9520, 1228.81, -86.37, 14.30, 10.79, -92.76
0, 5551071, 95487, 9488, 1228.81, -87.00, 12.51, 8.94, -99.77
0, 5558591, 94803, 9418, 1233.19, -87.06, 10.54, 8.36, -85.79
0, 5569452, 94028, 9351, 1229.69, -87.06, 10.54, 11.87, -34.16
0, 5577024, 93848, 9335, 1222.25, -86.37, 10.00, 8.73, 12.68
0, 5584533, 94038, 9328, 1214.38, -86.37, 9.75, 9.45, 56.37
0, 5594279, 94911, 9323, 1207.44, -85.75, 9.41, 9.45, 93.61
0, 5601645, 95641, 9374, 1207.44, -85.44, 11.83, 8.29, 99.47
0, 5609167, 96559, 9463, 1205.00, -85.44, 9.92, 10.89, 83.87
0, 5620045, 97838, 9590, 1208.69, -85.50, 9.92, 5.88, 30.64
0, 5627704, 98133, 9622, 1217.88, -86.31, 8.73, 9.61, -16.90
0, 5634986, 97896, 9629, 1228.31, -86.31, 11.24, 10.57, -58.70
0, 5644709, 97176, 9632, 1239.06, -87.44, 13.92, 10.07, -94.52
0, 5652226, 96580, 9593, 1239.06, -88.00, 12.24, 10.07, -99.02
0, 5659764, 95898, 9529, 1243.50, -88.06, 11.48, 9.26, -81.77
0, 5670387, 95005, 9437, 1240.13, -88.12, 11.48, 11.24, -28.59
0, 5677758, 94779, 9414, 1232.44, -87.56, 10.14, 9.48, 17.24
0, 5685104, 94981, 9408, 1224.69, -86.69, 9.93, 9.18, 59.30
0, 5695161, 95890, 9395, 1216.63, -86.69, 8.35, 8.36, 95.41
0, 5702671, 96544, 9462, 1216.63, -86.25, 7.74, 8.36, 98.60
0, 5709917, 97441, 9552, 1212.94, -86.19, 7.78, 11.63, 81.21
0, 5720382, 98700, 9672, 1216.38, -86.25, 7.78, 7.65, 28.62
0, 5727852, 98975, 9704, 1226.19, -87.00, 8.56, 9.13, -17.82
0, 5735447, 98727, 9711, 1235.88, -88.12, 10.88, 11.21, -61.02
0, 5745519, 97899, 9714, 1246.94, -88.12, 12.28, 11.50, -96.06
0, 5753117, 97392, 9678, 1246.94, -88.75, 14.60, 11.50, -98.09
0, 5760209, 96764, 9611, 1243.38, -88.87, 7.09, 8.49, -80.13
0, 5770531, 95903, 9529, 1236.38, -88.94, 9.84, 9.94, -27.72
0, 5778147, 95630, 9499, 1229.38, -88.37, 9.84, 9.36, 19.64
0, 5785585, 95785, 9492, 1221.63, -87.56, 9.75, 8.95, 61.71
0, 5795707, 96743, 9480, 1217.25, -87.56, 8.10, 8.07, 96.38
0, 5803228, 97508, 9559, 1217.25, -87.06, 7.43, 8.07, 97.95
0, 5810302, 98451, 9648, 1219.88, -87.00, 8.04, 10.67, 79.78
0, 5820685, 99706, 9770, 1228.88, -87.00, 8.51, 7.96, 26.79
0, 5828086, 100031, 9806, 1239.38, -87.75, 8.51, 9.34, -19.26
0, 5835779, 99774, 9813, 1250.75, -88.94, 12.02, 12.49, -62.66
0, 5845997, 98960, 9821, 1256.19, -88.94, 12.74, 10.35, -96.85
0, 5854016, 98396, 9802, 1253.06, -89.69, 14.42, 10.35, -96.84
0, 5860998, 97793, 9720, 1253.06, -89.81, 8.36, 9.11, -77.06
0, 5870991, 97122, 9654, 1246.25, -89.94, 9.63, 10.73, -24.93
0, 5878356, 96905, 9624, 1239.44, -89.62, 9.63, 8.83, 20.92
0, 5885893, 97132, 9616, 1232.63, -89.62, 9.50, 9.56, 63.22
0, 5896091, 98117, 9619, 1228.94, -88.75, 7.32, 10.54, 97.00
0, 5904119, 98941, 9695, 1231.94, -88.31, 7.05, 10.54, 96.67
0, 5910851, 99869, 9785, 1231.94, -88.19, 9.19, 8.16, 77.65
0, 5920759, 101154, 9917, 1240.75, -88.12, 9.19, 8.71, 26.34
0, 5927764, 101483, 9955, 1251.13, -88.87, 8.60, 10.10, -17.27
0, 5935423, 101221, 9960, 1262.94, -88.87, 10.58, 11.04, -60.90
0, 5947470, 100356, 9987, 1268.75, -90.19, 12.47, 9.74, -98.74
0, 5956516, 99687, 9957, 1265.44, -91.00, 14.02, 8.27, -91.74
0, 5964975, 99042, 9883, 1259.19, -91.19, 5.92, 11.52, -58.91
0, 5973829, 98573, 9801, 1259.19, -91.37, 11.18, 11.52, -7.36
0, 5982458, 98558, 9771, 1252.88, -91.31, 7.28, 10.50, 45.16
0, 5990458, 99019, 9766, 1246.44, -90.50, 6.80, 7.71, 82.56
0, 5998721, 100014, 9804, 1243.25, -90.25, 6.33, 9.93, 99.68
0, 6007410, 101235, 9925, 1245.75, -90.25, 6.33, 3.97, 89.36
0, 6016178, 102662, 10071, 1255.00, -90.25, 8.74, 9.90, 52.64
0, 6024735, 103608, 10162, 1267.19, -91.25, 8.79, 9.90, 1.67
0, 6033686, 103624, 10184, 1267.19, -92.75, 9.99, 8.53, -51.90
0, 6043201, 103010, 10190, 1280.63, -93.75, 10.99, 12.22, -91.01
0, 6052403, 102216, 10254, 1287.50, -93.94, 12.27, 9.92, -98.86
0, 6061474, 101348, 10161, 1285.63, -94.12, 8.80, 8.57, -75.12
0, 6070596, 100635, 10069, 1279.00, -94.37, 10.17, 12.72, -27.33
0, 6079019, 100477, 10039, 1271.19, -93.37, 10.17, 9.21, 24.98
0, 6086870, 100751, 9967, 1263.63, -93.37, 6.24, 8.67, 67.85
0, 6096941, 101753, 9979, 1260.44, -92.81, 6.28, 12.10, 98.16
0, 6105517, 102901, 10093, 1263.25, -92.31, 7.05, 12.10, 94.05
0, 6113007, 104296, 10220, 1263.25, -92.06, 6.29, 6.93, 68.43
0, 6122615, 105607, 10360, 1271.81, -93.06, 8.81, 9.61, 14.94
0, 6130160, 105820, 10397, 1284.19, -94.62, 12.24, 10.77, -31.85
0, 6139554, 105416, 10437, 1298.56, -95.69, 14.03, 11.17, -79.22
0, 6150180, 104513, 10472, 1305.19, -96.06, 12.25, 9.55, -99.99
0, 6160263, 103382, 10354, 1303.06, -96.37, 9.44, 9.11, -79.92
0, 6170038, 102455, 10275, 1296.63, -96.06, 9.44, 11.55, -30.68
0, 6178921, 102114, 10240, 1288.06, -95.12, 10.76, 8.22, 24.38
0, 6187130, 102355, 10198, 1279.19, -95.12, 6.94, 8.56, 69.04
0, 6197149, 103382, 10136, 1274.63, -94.62, 5.48, 10.15, 98.40
0, 6205734, 104631, 10248, 1276.69, -94.31, 6.56, 10.15, 93.58
0, 6213214, 105923, 10398, 1276.69, -93.81, 6.55, 9.17, 67.47
0, 6222178, 106982, 10525, 1285.38, -94.50, 10.02, 9.15, 17.65
0, 6229405, 107171, 10563, 1297.88, -96.19, 10.02, 11.01, -27.32
0, 6238817, 106763, 10595, 1310.75, -97.25, 12.14, 10.87, -76.31
0, 6249863, 105869, 10601, 1316.38, -97.56, 10.78, 9.72, -100.00
0, 6259775, 104771, 10497, 1313.81, -97.75, 8.62, 11.63, -81.73
0, 6270420, 103666, 10381, 1307.50, -97.25, 10.29, 10.13, -28.39
0, 6279244, 103171, 10334, 1299.06, -96.25, 10.29, 9.45, 26.34
0, 6287421, 103353, 10307, 1290.06, -96.25, 8.11, 8.68, 70.35
0, 6297593, 104358, 10227, 1283.88, -95.50, 5.39, 10.48, 98.86
0, 6306134, 105572, 10349, 1284.81, -95.25, 5.45, 10.48, 92.67
0, 6313611, 106780, 10498, 1284.81, -94.69, 5.82, 9.40, 65.61
0, 6322214, 107723, 10612, 1292.88, -95.31, 9.91, 6.06, 17.42
0, 6329527, 107962, 10646, 1304.75, -97.00, 9.91, 11.30, -28.05
0, 6339029, 107622, 10687, 1316.88, -97.94, 10.97, 10.71, -77.16
0, 6350286, 106593, 10672, 1322.63, -98.25, 10.46, 9.32, -99.98
0, 6360137, 105409, 10558, 1320.88, -98.56, 8.60, 11.13, -80.40
0, 6370494, 104390, 10453, 1314.31, -97.87, 8.60, 9.63, -27.94
0, 6377975, 103942, 10404, 1305.06, -97.87, 10.03, 9.46, 18.58
0, 6386858, 104029, 10383, 1296.06, -96.87, 7.65, 8.66, 67.80
0, 6397126, 104994, 10292, 1290.13, -96.12, 6.04, 8.66, 98.37
0, 6405939, 106176, 10426, 1290.75, -95.87, 5.84, 10.56, 93.12
0, 6413399, 107347, 10570, 1290.75, -95.37, 10.63, 7.80, 66.61
0, 6421832, 108323, 10676, 1298.44, -96.00, 9.51, 8.24, 19.78
0, 6429348, 108620, 10714, 1309.75, -96.00, 11.39, 11.12, -26.97
0, 6439156, 108252, 10772, 1321.69, -98.50, 10.15, 10.81, -77.67
0, 6450250, 107286, 10742, 1327.94, -98.87, 8.96, 8.53, -99.99
0, 6458926, 106199, 10634, 1326.25, -99.19, 8.73, 12.95, -84.69
0, 6469469, 105102, 10527, 1320.00, -99.19, 10.42, 9.55, -34.06
0, 6479256, 104573, 10469, 1310.69, -98.50, 6.87, 9.36, 26.42
0, 6487873, 104730, 10449, 1301.38, -97.44, 6.49, 8.19, 72.34
0, 6497991, 105719, 10372, 1295.69, -96.69, 6.49, 8.19, 99.20
0, 6506554, 106883, 10515, 1296.00, -96.44, 6.36, 11.55, 91.64
0, 6514222, 108078, 10650, 1296.00, -96.12, 11.77, 6.21, 62.67
0, 6522395, 109035, 10751, 1303.56, -96.69, 9.85, 9.96, 16.30
0, 6529684, 109333, 10787, 1314.63, -96.69, 11.00, 10.03, -29.00
0, 6539433, 109000, 10852, 1326.81, -99.12, 9.71, 10.42, -78.75
0, 6550639, 108035, 10816, 1333.63, -99.50, 8.11, 9.40, -99.92
0, 6559235, 107061, 10721, 1332.56, -99.50, 8.71, 12.60, -83.64
0, 6569836, 105898, 10607, 1326.50, -99.81, 8.71, 9.61, -31.89
0, 6578202, 105442, 10557, 1317.88, -99.19, 9.78, 9.02, 19.97
0, 6587040, 105585, 10540, 1308.38, -98.19, 8.50, 9.02, 68.63
0, 6597080, 106494, 10477, 1302.63, -97.44, 6.67, 8.27, 98.32
0, 6605201, 107454, 10584, 1303.50, -97.19, 6.85, 8.61, 94.71
0, 6611907, 108517, 10693, 1303.50, -97.00, 9.94, 6.62, 73.30
0, 6619948, 109685, 10811, 1310.69, -97.00, 9.24, 10.41, 31.22
0, 6628379, 110173, 10866, 1321.00, -97.50, 9.24, 10.40, -21.06
0, 6638662, 109800, 10925, 1333.69, -98.87, 8.95, 7.96, -75.67
0, 6648588, 109040, 10906, 1340.69, -99.81, 8.95, 11.63, -99.61
0, 6658840, 107972, 10813, 1338.94, -100.25, 7.82, 10.91, -84.97
0, 6669552, 106822, 10700, 1333.06, -100.44, 8.96, 10.36, -33.57
0, 6679454, 106252, 10640, 1325.13, -99.94, 8.54, 9.17, 27.61
0, 6688257, 106486, 10629, 1315.94, -99.00, 8.54, 8.70, 73.99
0, 6697993, 107383, 10571, 1309.63, -98.19, 7.32, 8.70, 99.20
0, 6706543, 108498, 10692, 1310.31, -97.94, 7.28, 8.63, 91.67
0, 6714029, 109826, 10824, 1310.31, -97.81, 8.40, 7.19, 63.61
0, 6721700, 110888, 10933, 1317.19, -98.25, 9.38, 9.80, 20.59
0, 6729647, 111256, 10993, 1327.81, -98.25, 10.50, 10.92, -28.78
0, 6739695, 110893, 11036, 1341.75, -100.75, 8.10, 10.95, -79.76
0, 6751299, 110058, 11002, 1349.56, -101.25, 7.45, 10.90, -99.67
0, 6761074, 109091, 10917, 1348.50, -101.37, 8.56, 10.51, -76.76
0, 6771114, 108120, 10830, 1343.19, -101.37, 8.64, 10.28, -24.18
0, 6780859, 107805, 10798, 1336.25, -100.94, 8.95, 8.97, 35.98
0, 6789237, 108170, 10791, 1327.88, -100.12, 8.10, 8.86, 77.99
0, 6799673, 109260, 10771, 1322.31, -99.44, 8.00, 9.61, 99.98
0, 6808414, 110607, 10903, 1323.50, -99.31, 8.00, 9.61, 86.35
0, 6816941, 112156, 11072, 1330.75, -99.25, 8.31, 10.22, 48.51
0, 6824301, 113116, 11179, 1330.75, -99.75, 9.46, 8.83, 4.40
0, 6831521, 113313, 11215, 1342.38, -99.75, 9.52, 11.50, -39.83
0, 6841124, 112806, 11234, 1357.19, -102.62, 6.96, 10.89, -84.84
0, 6851753, 112085, 11199, 1366.69, -103.06, 5.97, 10.93, -99.40
0, 6861449, 111341, 11134, 1365.81, -103.12, 7.93, 9.72, -75.23
0, 6871516, 110726, 11075, 1360.44, -103.12, 8.73, 10.35, -21.72
0, 6881131, 110646, 11060, 1354.38, -102.75, 9.18, 8.43, 37.57
0, 6889673, 111040, 11047, 1348.25, -102.06, 8.77, 8.74, 79.67
0, 6900221, 112095, 11075, 1345.19, -101.69, 9.83, 8.74, 99.99
0, 6908801, 113474, 11208, 1347.06, -101.56, 9.83, 11.25, 85.10
0, 6918796, 115392, 11379, 1353.94, -101.50, 9.28, 5.27, 38.01
0, 6927389, 116201, 11461, 1365.63, -102.19, 10.28, 11.48, -14.95
0, 6936104, 116158, 11490, 1381.81, -103.75, 6.82, 11.04, -64.24
0, 6946236, 115460, 11510, 1391.88, -104.94, 4.18, 10.25, -97.21
0, 6955090, 114707, 11439, 1391.88, -105.37, 6.34, 9.52, -94.93
0, 6963733, 113867, 11367, 1391.88, -105.50, 8.45, 11.17, -65.03
0, 6973154, 113192, 11311, 1385.94, -105.06, 8.55, 9.79, -11.58
0, 6981911, 113104, 11290, 1378.44, -105.06, 10.56, 8.88, 42.06
0, 6991615, 113612, 11261, 1370.56, -104.31, 10.63, 9.06, 86.44
0, 7001997, 114869, 11337, 1366.00, -103.75, 10.41, 10.56, 99.21
0, 7011282, 116611, 11497, 1367.44, -103.62, 12.17, 6.49, 75.92
0, 7020841, 118125, 11635, 1374.44, -103.50, 9.71, 9.36, 25.84
0, 7029463, 118512, 11684, 1387.94, -104.31, 9.71, 9.36, -27.67
0, 7039073, 118168, 11731, 1404.13, -105.81, 4.71, 10.78, -77.34
0, 7050085, 117449, 11727, 1412.44, -106.94, 7.93, 9.11, -100.00
0, 7059723, 116780, 11657, 1411.13, -107.25, 7.93, 10.62, -81.92
0, 7069728, 116077, 11580, 1405.56, -107.50, 9.85, 10.21, -32.53
0, 7078675, 115699, 11538, 1399.81, -107.25, 9.31, 8.77, 22.88
0, 7086577, 115810, 11516, 1393.56, -106.56, 9.30, 9.98, 66.49
0, 7095244, 116568, 11493, 1393.56, -106.00, 12.26, 9.60, 95.57
0, 7104478, 117864, 11606, 1388.81, -105.75, 14.19, 8.48, 96.07
0, 7112193, 119010, 11709, 1389.31, -105.75, 11.75, 9.33, 72.07
0, 7120773, 120004, 11793, 1397.06, -105.62, 11.75, 9.33, 26.26
0, 7129843, 120357, 11827, 1409.81, -106.37, 9.65, 9.60, -29.95
0, 7138545, 120036, 11852, 1422.38, -107.44, 7.27, 10.89, -75.19
0, 7149565, 119261, 11931, 1429.38, -108.19, 5.66, 9.31, -99.96
0, 7158510, 118521, 11856, 1428.06, -108.44, 8.10, 9.54, -86.05
0, 7167249, 117761, 11772, 1422.00, -108.62, 9.29, 8.28, -46.81
0, 7174073, 117446, 11734, 1422.00, -108.94, 9.31, 9.32, -5.83
0, 7181994, 117501, 11713, 1414.94, -108.94, 12.05, 8.26, 42.54
0, 7190553, 117947, 11684, 1407.19, -108.19, 11.48, 9.16, 82.89
0, 7201084, 118984, 11696, 1403.63, -108.00, 12.07, 9.16, 99.77
0, 7211215, 120385, 11828, 1405.63, -107.75, 10.63, 8.38, 76.19
0, 7221654, 121637, 11953, 1412.81, -108.12, 12.06, 9.40, 20.88
0, 7231997, 121888, 11996, 1423.44, -109.19, 7.50, 10.82, -42.55
0, 7242050, 121366, 12029, 1436.50, -110.12, 6.35, 9.21, -87.78
0, 7253329, 120556, 12051, 1443.94, -110.44, 8.04, 9.21, -97.82
0, 7262415, 119853, 11986, 1442.81, -110.69, 10.75, 12.70, -71.09
0, 7272139, 119174, 11916, 1436.50, -111.00, 8.93, 9.62, -17.89
0, 7282559, 118948, 11888, 1429.94, -110.31, 11.35, 9.57, 45.72
0, 7293027, 119548, 11832, 1422.81, -109.75, 12.64, 9.15, 90.55
0, 7304054, 120796, 11869, 1417.88, -109.50, 12.54, 8.33, 96.78
0, 7313217, 122029, 11989, 1418.31, -109.19, 12.75, 8.75, 67.46
0, 7322343, 122865, 12086, 1425.50, -109.25, 10.76, 9.97, 16.63
0, 7332464, 122971, 12119, 1436.69, -110.31, 7.64, 10.92, -45.19
0, 7342616, 122465, 12143, 1448.63, -111.25, 8.08, 9.73, -89.42
0, 7354174, 121659, 12178, 1454.56, -111.50, 8.86, 8.62, -96.58
0, 7363009, 121025, 12111, 1453.38, -111.69, 11.32, 13.23, -68.42
0, 7372660, 120448, 12042, 1447.44, -112.12, 9.56, 9.29, -14.66
0, 7382998, 120338, 12020, 1441.00, -111.50, 11.60, 9.49, 48.16
0, 7393287, 120947, 11994, 1434.38, -110.87, 12.96, 9.52, 91.23
0, 7404631, 122150, 12008, 1430.13, -110.69, 12.38, 10.04, 95.80
0, 7413722, 123247, 12125, 1430.88, -110.56, 12.35, 9.53, 65.09
0, 7422703, 123983, 12210, 1438.00, -110.37, 10.75, 10.14, 14.39
0, 7433086, 124038, 12242, 1448.44, -111.37, 7.42, 10.58, -48.64
0, 7443332, 123441, 12262, 1459.44, -112.31, 9.38, 9.92, -91.35
0, 7455252, 122635, 12288, 1465.00, -112.56, 9.05, 8.24, -94.61
0, 7463768, 122111, 12234, 1463.75, -112.75, 10.08, 14.70, -64.87
0, 7472826, 121659, 12183, 1457.44, -113.19, 10.76, 9.64, -13.63
0, 7482928, 121620, 12163, 1451.13, -112.69, 11.08, 9.31, 47.77
0, 7492907, 122216, 12145, 1445.44, -112.19, 13.20, 10.09, 90.23
0, 7503434, 123305, 12143, 1441.81, -112.00, 13.72, 10.09, 97.68
0, 7512079, 124298, 12244, 1442.94, -111.94, 10.11, 9.89, 72.56
0, 7521388, 125120, 12330, 1450.44, -111.62, 10.11, 9.92, 22.51
0, 7530483, 125256, 12361, 1460.63, -112.62, 10.36, 10.71, -33.76
0, 7538715, 124948, 12369, 1471.13, -113.44, 8.21, 9.52, -75.89
0, 7549146, 124118, 12448, 1476.63, -113.69, 9.67, 9.83, -99.86
0, 7558461, 123461, 12376, 1475.00, -113.75, 9.70, 7.25, -86.20
0, 7567814, 122893, 12316, 1468.19, -114.19, 11.27, 11.56, -43.64
0, 7574660, 122641, 12285, 1468.19, -114.19, 11.45, 9.72, -2.15
0, 7583526, 122720, 12263, 1461.31, -113.69, 11.47, 9.89, 51.04
0, 7592557, 123308, 12259, 1455.13, -113.19, 13.53, 9.09, 89.26
0, 7602745, 124304, 12254, 1451.69, -113.00, 13.30, 9.09, 98.52
0, 7610971, 125231, 12343, 1453.25, -112.94, 10.96, 11.93, 77.17
0, 7619678, 126049, 12430, 1461.00, -112.62, 10.96, 5.57, 32.83
0, 7626135, 126284, 12458, 1470.75, -113.56, 10.94, 10.02, -7.12
0, 7636183, 126100, 12472, 1481.25, -114.37, 8.97, 10.11, -64.62
0, 7646620, 125299, 12497, 1486.44, -114.62, 10.01, 9.32, -97.75
0, 7656992, 124617, 12481, 1484.88, -114.62, 9.95, 7.59, -90.51
0, 7666036, 124005, 12428, 1484.88, -114.69, 10.41, 9.52, -53.40
0, 7674456, 123628, 12389, 1478.31, -115.00, 10.92, 10.08, -3.43
0, 7684423, 123685, 12364, 1471.44, -114.56, 11.80, 8.70, 55.80
0, 7694793, 124394, 12354, 1464.88, -114.12, 13.72, 8.63, 94.69
0, 7706740, 125594, 12374, 1462.06, -113.94, 13.09, 12.11, 91.17
0, 7715031, 126503, 12477, 1462.06, -113.87, 11.23, 5.24, 58.63
0, 7724189, 127075, 12541, 1469.13, -113.50, 10.59, 9.70, 5.10
0, 7733037, 127017, 12560, 1478.94, -114.31, 9.82, 9.70, -48.37
0, 7743110, 126367, 12569, 1489.25, -115.12, 10.36, 9.95, -90.77
0, 7754765, 125543, 12558, 1494.38, -115.44, 10.92, 9.95, -95.55
0, 7763904, 124988, 12513, 1492.69, -115.50, 10.90, 9.06, -64.21
0, 7773016, 124548, 12475, 1485.75, -115.62, 10.97, 9.18, -12.44
0, 7782788, 124521, 12461, 1479.06, -115.25, 11.33, 9.98, 46.99
0, 7792514, 125056, 12451, 1473.25, -114.87, 13.04, 9.38, 89.14
0, 7804347, 126295, 12459, 1469.56, -114.75, 11.87, 9.49, 96.30
0, 7813250, 127276, 12558, 1470.50, -114.69, 10.46, 13.46, 67.31
0, 7822751, 128007, 12633, 1478.06, -114.31, 10.99, 6.23, 14.09
0, 7832526, 128048, 12659, 1488.19, -115.19, 9.83, 10.73, -45.54
0, 7842229, 127518, 12666, 1498.56, -116.00, 10.23, 9.96, -88.31
0, 7854424, 126473, 12638, 1504.06, -116.31, 11.46, 10.27, -96.16
0, 7863254, 125923, 12590, 1502.88, -116.44, 10.40, 8.70, -67.29
0, 7872594, 125466, 12550, 1495.88, -116.44, 11.05, 8.97, -15.07
0, 7881760, 125441, 12537, 1488.00, -115.94, 11.05, 9.80, 41.20
0, 7890048, 125796, 12529, 1482.00, -115.56, 11.61, 8.95, 81.07
0, 7900985, 126963, 12539, 1478.50, -115.44, 13.03, 10.22, 99.81
0, 7910621, 128040, 12637, 1479.63, -115.37, 13.03, 9.25, 78.55
0, 7920311, 128980, 12728, 1487.75, -115.19, 9.72, 9.42, 29.05
0, 7926992, 129150, 12750, 1498.00, -115.19, 10.93, 10.03, -12.47
0, 7936014, 128912, 12773, 1498.00, -116.12, 10.25, 8.69, -63.80
0, 7946439, 128073, 12780, 1514.50, -116.94, 10.77, 11.48, -97.51
0, 7956973, 127325, 12712, 1512.44, -117.25, 12.77, 8.85, -90.56
0, 7964429, 126801, 12665, 1512.44, -117.44, 9.71, 8.85, -61.65
0, 7972194, 126407, 12628, 1505.31, -117.31, 9.71, 11.55, -17.55
0, 7980128, 126413, 12618, 1498.06, -116.75, 11.20, 9.37, 31.66
0, 7987420, 126667, 12610, 1491.25, -116.75, 12.03, 9.68, 70.35
0, 7996750, 127590, 12580, 1487.75, -116.25, 11.89, 9.64, 97.92
0, 8006738, 128663, 12697, 1489.63, -116.12, 12.36, 9.64, 91.18
0, 8013700, 129488, 12773, 1489.63, -116.06, 10.73, 6.93, 65.19
0, 8021687, 130030, 12823, 1497.88, -116.06, 10.73, 8.79, 20.68
0, 8030117, 130011, 12843, 1508.38, -117.00, 10.29, 10.09, -31.59
0, 8038881, 129594, 12844, 1519.31, -117.75, 11.09, 10.12, -76.57
0, 8050770, 128622, 12838, 1523.50, -118.00, 13.19, 10.18, -99.88
0, 8061320, 127947, 12775, 1521.00, -118.06, 9.85, 9.22, -75.76
0, 8071569, 127356, 12715, 1513.56, -118.06, 9.85, 10.34, -21.40
0, 8079668, 127264, 12700, 1506.94, -117.56, 11.27, 9.35, 28.90
0, 8088612, 127584, 12695, 1500.56, -117.06, 11.61, 9.39, 75.47
0, 8099681, 128714, 12704, 1496.50, -116.87, 12.40, 9.07, 99.98
0, 8110653, 129963, 12815, 1497.88, -116.81, 11.61, 10.30, 78.43
0, 8121196, 130846, 12894, 1505.81, -116.81, 9.15, 9.18, 23.68
0, 8127861, 130957, 12913, 1516.25, -116.81, 10.60, 10.31, -17.87
0, 8137795, 130646, 12916, 1527.06, -117.69, 11.18, 10.18, -72.00
0, 8148648, 129672, 12943, 1532.13, -118.69, 10.88, 9.85, -99.64
0, 8159863, 128923, 12871, 1530.19, -118.69, 14.23, 7.94, -81.41
0, 8169738, 128301, 12811, 1523.13, -118.69, 8.16, 10.45, -32.47
0, 8178130, 128197, 12795, 1515.63, -118.81, 10.40, 9.34, 19.53
0, 8187843, 128482, 12787, 1509.19, -118.37, 11.71, 10.75, 72.21
0, 8198911, 129573, 12773, 1505.50, -117.69, 11.33, 7.86, 99.77
0, 8209843, 130782, 12888, 1507.19, -117.69, 11.68, 11.40, 81.48
0, 8219599, 131681, 12971, 1514.69, -117.69, 9.39, 9.95, 33.30
0, 8226057, 131842, 12989, 1514.69, -117.62, 10.82, 9.95, -6.63
0, 8235724, 131614, 12994, 1525.19, -118.37, 11.50, 9.98, -62.39
0, 8245595, 130847, 12995, 1535.81, -119.19, 11.25, 9.89, -96.19
0, 8257375, 129965, 12964, 1538.63, -119.44, 14.59, 9.89, -89.46
0, 8266361, 129314, 12907, 1538.63, -119.37, 9.14, 8.85, -51.66
0, 8276723, 129057, 12882, 1531.75, -119.44, 10.16, 9.78, 10.79
0, 8286439, 129252, 12868, 1524.31, -119.06, 11.23, 10.93, 65.84
0, 8296865, 130211, 12861, 1514.13, -118.56, 10.86, 8.40, 98.06
0, 8307534, 131417, 12945, 1515.44, -118.44, 11.37, 8.40, 89.01
0, 8314907, 132292, 13024, 1515.44, -118.37, 8.98, 12.90, 59.26
0, 8322938, 132791, 13075, 1522.88, -118.31, 8.98, 6.10, 12.93
0, 8329695, 132765, 13088, 1533.75, -118.31, 11.17, 10.21, -29.06
0, 8338105, 132406, 13088, 1545.06, -119.12, 12.54, 10.17, -73.34
0, 8348262, 131513, 13104, 1549.94, -119.94, 12.57, 9.90, -99.40
0, 8359052, 130754, 13031, 1547.75, -120.25, 14.72, 12.69, -84.26
0, 8366967, 130217, 12982, 1540.63, -120.25, 8.16, 12.69, -48.37
0, 8374032, 129941, 12958, 1540.63, -120.25, 11.30, 9.68, -6.09
0, 8381395, 129954, 12941, 1533.25, -119.75, 11.30, 9.31, 39.10
0, 8390290, 130328, 12936, 1526.44, -119.25, 11.69, 9.49, 81.95
0, 8401273, 131615, 12966, 1522.56, -119.06, 11.03, 8.57, 99.68
0, 8411965, 132917, 13088, 1523.63, -119.00, 7.82, 11.65, 73.05
0, 8422122, 133867, 13183, 1531.19, -119.06, 7.82, 8.33, 18.00
0, 8428542, 133971, 13201, 1542.81, -119.06, 11.46, 9.55, -22.06
0, 8438769, 133590, 13205, 1554.25, -119.87, 11.59, 10.49, -76.11
0, 8450649, 132541, 13210, 1560.75, -120.31, 14.62, 9.91, -99.92
0, 8461459, 131658, 13112, 1559.13, -120.31, 15.57, 8.35, -75.19
0, 8471741, 130964, 13043, 1552.56, -119.75, 8.08, 9.76, -20.34
0, 8479929, 130885, 13024, 1544.31, -119.75, 10.62, 9.40, 30.47
0, 8489463, 131287, 13018, 1536.56, -119.06, 11.04, 9.06, 78.87
0, 8500826, 132528, 13049, 1531.81, -118.75, 9.91, 10.15, 99.87
0, 8511558, 133758, 13173, 1533.13, -118.87, 11.47, 9.46, 74.78
0, 8521815, 134854, 13276, 1540.94, -118.87, 9.33, 9.47, 19.89
0, 8528461, 135005, 13299, 1551.31, -119.69, 10.50, 10.72, -21.56
0, 8538724, 134625, 13308, 1562.88, -120.75, 12.18, 9.96, -75.93
0, 8550266, 133642, 13318, 1570.31, -121.25, 14.91, 9.89, -99.99
0, 8561432, 132675, 13220, 1568.75, -121.31, 15.00, 7.88, -75.30
0, 8572037, 131899, 13136, 1562.44, -121.31, 7.42, 9.95, -18.52
0, 8580191, 131780, 13115, 1554.63, -120.75, 10.74, 9.37, 32.03
0, 8589952, 132214, 13108, 1546.19, -119.94, 10.24, 9.00, 80.72
0, 8601285, 133518, 13151, 1540.75, -119.56, 11.12, 8.69, 99.68
0, 8611946, 134928, 13283, 1541.69, -119.69, 11.99, 8.12, 73.14
0, 8622230, 136083, 13403, 1549.38, -119.69, 11.99, 10.66, 17.33
0, 8630121, 136234, 13431, 1560.69, -120.62, 11.10, 10.34, -31.61
0, 8639973, 135775, 13435, 1573.44, -121.81, 12.26, 9.72, -80.80
0, 8651144, 134797, 13441, 1581.50, -122.44, 15.47, 9.34, -99.74
0, 8661564, 134019, 13353, 1580.56, -122.44, 13.66, 10.78, -74.75
0, 8671426, 133364, 13287, 1573.75, -122.50, 8.09, 11.47, -22.28
0, 8678609, 133151, 13263, 1566.63, -122.00, 11.14, 11.47, 22.47
0, 8688284, 133457, 13252, 1559.56, -121.31, 9.40, 9.85, 74.10
0, 8697657, 134480, 13235, 1554.25, -120.94, 8.49, 9.74, 98.92
0, 8707541, 135810, 13373, 1554.81, -120.87, 9.93, 7.53, 88.99
0, 8714219, 136813, 13479, 1554.81, -120.94, 10.88, 4.61, 62.69
0, 8723088, 137742, 13577, 1562.19, -122.00, 10.88, 11.58, 12.00
0, 8730313, 137898, 13601, 1574.38, -122.00, 11.19, 9.92, -32.76
0, 8739421, 137531, 13607, 1587.69, -123.31, 13.27, 10.68, -78.70
0, 8750719, 136549, 13631, 1596.13, -124.00, 15.33, 9.44, -99.90
0, 8760783, 135756, 13554, 1595.88, -124.06, 15.06, 9.14, -77.92
0, 8769824, 135179, 13484, 1589.81, -124.19, 6.78, 9.14, -31.96
0, 8776311, 135020, 13455, 1589.81, -123.94, 10.38, 11.72, 8.22
0, 8783708, 135188, 13434, 1582.38, -123.12, 8.25, 9.27, 52.01
0, 8791159, 135692, 13434, 1575.50, -122.69, 8.25, 11.22, 84.96
0, 8800621, 136856, 13483, 1571.31, -122.69, 8.28, 8.55, 99.92
0, 8810629, 138399, 13642, 1572.94, -122.62, 9.47, 10.58, 78.52
0, 8819165, 139804, 13786, 1580.81, -122.75, 8.37, 10.58, 35.86
0, 8826931, 140420, 13846, 1580.81, -123.94, 10.23, 10.09, -12.09
0, 8836102, 140240, 13859, 1592.69, -125.50, 14.84, 10.18, -64.23
0, 8844877, 139508, 13864, 1607.56, -126.37, 15.07, 10.90, -94.86
0, 8854995, 138548, 13885, 1618.06, -126.44, 12.31, 9.57, -95.12
0, 8864156, 137699, 13785, 1618.19, -126.62, 10.04, 11.86, -62.99
0, 8874037, 137114, 13713, 1611.88, -126.50, 10.04, 10.04, -6.06
0, 8882000, 137071, 13671, 1603.56, -126.50, 9.60, 9.84, 42.57
0, 8890459, 137583, 13636, 1595.31, -125.50, 7.64, 10.44, 82.56
0, 8902011, 139048, 13715, 1590.19, -124.56, 8.86, 7.77, 99.20
0, 8911585, 140674, 13864, 1590.63, -124.56, 8.86, 7.03, 74.66
0, 8920464, 142002, 13993, 1598.50, -124.69, 9.69, 7.03, 28.13
0, 8926967, 142350, 14044, 1598.50, -125.87, 12.12, 9.45, -12.32
0, 8935755, 142163, 14063, 1610.63, -127.31, 15.33, 11.45, -62.54
0, 8944571, 141459, 14069, 1625.63, -128.19, 12.70, 11.10, -94.23
0, 8954554, 140426, 14075, 1634.88, -128.37, 12.00, 8.83, -95.94
0, 8964279, 139313, 13957, 1634.63, -128.50, 10.10, 12.64, -62.39
0, 8974294, 138539, 13879, 1628.69, -128.19, 10.10, 9.71, -4.45
0, 8982334, 138423, 13849, 1619.56, -128.19, 9.28, 9.93, 44.46
0, 8991002, 138949, 13773, 1609.75, -127.12, 7.28, 10.69, 84.43
0, 9002187, 140444, 13848, 1603.06, -126.19, 9.82, 8.51, 99.06
0, 9011915, 142022, 13992, 1602.56, -126.19, 9.82, 3.69, 73.27
0, 9020823, 143186, 14132, 1609.94, -125.87, 9.07, 3.69, 25.96
0, 9027256, 143526, 14180, 1609.94, -127.00, 11.59, 9.57, -14.12
0, 9036280, 143330, 14215, 1622.31, -128.56, 13.30, 10.94, -65.08
0, 9044586, 142691, 14222, 1636.00, -129.44, 12.50, 10.24, -94.27
0, 9054123, 141662, 14211, 1644.63, -129.75, 11.92, 8.85, -96.67
0, 9063799, 140377, 14058, 1644.63, -129.87, 11.05, 11.94, -64.72
0, 9073470, 139506, 13970, 1639.06, -129.87, 11.05, 8.86, -9.61
0, 9080570, 139317, 13943, 1629.81, -129.37, 9.93, 8.86, 34.28
0, 9089480, 139761, 13892, 1618.81, -128.06, 6.77, 9.77, 78.93
0, 9099051, 140911, 13885, 1611.25, -127.37, 3.78, 8.57, 99.82
0, 9108659, 142412, 14040, 1610.81, -127.06, 11.53, 10.89, 85.57
0, 9116465, 143632, 14181, 1610.81, -126.69, 5.80, 5.16, 51.10
0, 9124230, 144332, 14265, 1618.06, -126.69, 5.80, 10.40, 4.85
0, 9131210, 144419, 14292, 1630.00, -127.87, 12.57, 10.35, -38.02
0, 9140518, 143947, 14321, 1643.63, -129.50, 12.69, 10.87, -82.76
0, 9150729, 142947, 14340, 1652.06, -130.37, 12.25, 9.37, -99.90
0, 9161233, 141634, 14200, 1652.25, -130.69, 11.46, 9.37, -76.12
0, 9170411, 140570, 14077, 1646.38, -130.81, 9.85, 10.37, -28.45
0, 9176946, 140194, 14029, 1646.38, -130.31, 9.82, 9.19, 12.18
0, 9183810, 140199, 14014, 1637.56, -130.31, 6.23, 9.62, 52.56
0, 9191725, 140798, 13972, 1626.56, -128.94, 4.12, 8.74, 86.78
0, 9201520, 142030, 13995, 1618.56, -128.19, 10.33, 9.42, 99.55
0, 9211463, 143590, 14176, 1617.69, -127.87, 10.33, 6.39, 75.17
0, 9220268, 144803, 14312, 1624.81, -127.44, 6.58, 6.39, 29.31
0, 9226727, 145243, 14374, 1624.81, -128.62, 12.06, 9.95, -10.82
0, 9235730, 145138, 14412, 1636.19, -130.19, 12.78, 11.66, -62.42
0, 9244593, 144462, 14432, 1649.38, -131.19, 11.23, 10.31, -94.28
0, 9254683, 143310, 14374, 1658.56, -131.56, 12.19, 10.43, -95.71
0, 9265080, 142004, 14235, 1659.38, -131.75, 9.46, 12.70, -58.38
0, 9274593, 141057, 14128, 1654.06, -131.75, 9.73, 10.27, -2.57
0, 9282639, 140868, 14097, 1644.81, -131.12, 7.10, 8.97, 46.16
0, 9291453, 141422, 14076, 1634.06, -129.87, 7.10, 8.05, 85.92
0, 9301069, 142538, 14064, 1625.38, -128.94, 2.96, 9.96, 99.78
0, 9311012, 144022, 14228, 1623.63, -128.69, 11.85, 9.96, 77.01
0, 9320864, 145432, 14381, 1630.06, -128.25, 7.22, 8.37, 25.71
0, 9327417, 145915, 14454, 1630.06, -129.12, 8.10, 9.68, -15.12
0, 9335432, 145813, 14480, 1640.63, -130.69, 12.52, 10.71, -60.94
0, 9344518, 145155, 14516, 1653.44, -131.81, 11.22, 9.32, -94.12
0, 9354658, 144077, 14450, 1663.56, -132.19, 12.21, 13.20, -95.75
0, 9364625, 142803, 14324, 1664.94, -132.19, 9.58, 9.85, -60.68
0, 9374361, 141845, 14217, 1659.69, -132.44, 9.58, 10.25, -4.03
0, 9382478, 141631, 14175, 1651.00, -131.81, 6.98, 9.15, 45.26
0, 9391368, 142137, 14153, 1640.50, -130.62, 6.98, 8.03, 85.64
0, 9401171, 143268, 14147, 1631.94, -129.69, 3.94, 10.06, 99.73
0, 9412706, 145016, 14336, 1630.06, -129.37, 7.18, 9.47, 69.80
0, 9421687, 146379, 14488, 1636.13, -129.06, 7.18, 9.47, 20.68
0, 9428119, 146796, 14546, 1636.13, -129.81, 7.42, 9.45, -19.46
0, 9436337, 146551, 14597, 1646.31, -131.37, 13.42, 11.53, -65.35
0, 9445196, 145916, 14602, 1659.44, -132.56, 11.44, 10.42, -95.48
0, 9455120, 145021, 14531, 1670.56, -133.06, 9.65, 11.29, -94.87
0, 9464989, 143864, 14429, 1671.63, -133.06, 9.74, 9.80, -58.84
0, 9474371, 142957, 14338, 1666.44, -133.12, 9.74, 9.83, -3.96
0, 9481462, 142778, 14307, 1659.19, -132.56, 9.50, 9.83, 39.48
0, 9489918, 143203, 14294, 1649.75, -131.62, 6.93, 9.55, 80.59
0, 9498396, 144082, 14237, 1641.56, -130.81, 5.20, 8.41, 99.49
0, 9506214, 145177, 14356, 1641.56, -130.56, 9.26, 12.74, 92.48
0, 9515869, 147006, 14551, 1639.94, -130.31, 7.28, 7.45, 54.29
0, 9523617, 148058, 14688, 1645.94, -130.31, 7.28, 7.45, 8.69
0, 9530049, 148299, 14725, 1656.13, -131.00, 7.55, 9.79, -31.18
0, 9538816, 147934, 14752, 1670.75, -132.69, 12.33, 13.25, -76.30
0, 9547626, 147276, 14738, 1670.75, -134.06, 9.63, 9.71, -98.89
0, 9557037, 146487, 14662, 1682.69, -134.50, 9.95, 11.04, -90.39
0, 9566814, 145552, 14575, 1684.19, -134.50, 9.44, 10.54, -49.21
0, 9576053, 144963, 14523, 1679.25, -133.87, 8.83, 9.24, 6.60
0, 9583757, 144955, 14510, 1672.94, -133.87, 7.56, 9.25, 52.28
0, 9592368, 145556, 14501, 1665.25, -133.06, 6.31, 9.09, 88.72
0, 9602181, 146801, 14521, 1658.69, -132.50, 6.31, 9.09, 99.06
0, 9612216, 148649, 14740, 1657.63, -132.37, 8.11, 11.70, 71.97
0, 9621938, 150262, 14912, 1663.50, -132.31, 8.70, 7.95, 19.13
0, 9628391, 150666, 14959, 1663.50, -133.12, 8.01, 10.85, -21.13
0, 9636108, 150464, 14979, 1674.56, -133.12, 11.55, 12.04, -64.25
0, 9644664, 149810, 14969, 1689.88, -135.00, 6.84, 9.19, -94.43
0, 9654467, 148952, 14896, 1702.13, -136.12, 9.09, 11.09, -96.09
0, 9664715, 148019, 14815, 1703.88, -136.44, 8.66, 9.87, -60.23
0, 9673900, 147509, 14766, 1698.56, -135.75, 8.66, 9.87, -6.92
0, 9680322, 147498, 14753, 1691.44, -135.06, 8.13, 9.34, 32.81
0, 9687693, 147760, 14746, 1691.44, -134.62, 8.04, 9.31, 71.55
0, 9696211, 148511, 14733, 1683.94, -134.50, 7.65, 10.39, 97.18
0, 9705131, 149828, 14866, 1679.06, -134.50, 7.07, 8.04, 94.85
0, 9714474, 151618, 15032, 1679.31, -134.56, 9.66, 8.67, 61.43
0, 9723204, 152788, 15146, 1684.69, -135.56, 9.66, 8.67, 11.27
0, 9729733, 153000, 15175, 1695.25, -137.19, 10.34, 10.27, -29.29
0, 9736625, 152729, 15193, 1695.25, -138.19, 8.32, 11.80, -66.71
0, 9744614, 152095, 15187, 1710.63, -138.19, 6.04, 9.53, -94.32
0, 9754405, 151207, 15097, 1722.06, -138.44, 8.37, 11.36, -96.20
0, 9764404, 150079, 14996, 1723.25, -138.37, 8.87, 9.94, -61.78
0, 9773338, 149361, 14934, 1717.69, -137.62, 8.87, 9.94, -10.44
0, 9781170, 149286, 14918, 1710.31, -136.69, 8.60, 9.20, 37.79
0, 9788551, 149601, 14912, 1701.38, -136.12, 9.55, 9.09, 75.21
0, 9797893, 150523, 14925, 1701.38, -136.00, 9.14, 8.42, 99.12
0, 9807772, 152233, 15080, 1694.38, -136.06, 8.66, 7.35, 88.32
0, 9817229, 153984, 15248, 1693.94, -136.06, 11.86, 9.51, 46.92
0, 9826320, 154743, 15332, 1699.44, -137.00, 9.43, 9.51, -8.27
0, 9833208, 154686, 15360, 1710.50, -138.69, 9.43, 9.28, -49.31
0, 9843135, 154080, 15386, 1726.56, -139.62, 6.60, 9.81, -90.84
0, 9854944, 153223, 15318, 1737.50, -139.87, 8.20, 11.09, -95.22
0, 9866227, 152044, 15189, 1738.50, -140.00, 8.84, 9.95, -52.38
0, 9875399, 151327, 15113, 1733.69, -139.44, 8.39, 9.95, 2.49
0, 9881966, 151244, 15094, 1727.56, -138.50, 8.39, 8.79, 42.37
0, 9889381, 151599, 15074, 1719.31, -137.69, 10.44, 9.92, 78.55
0, 9900090, 152695, 15137, 1711.69, -137.44, 10.57, 8.46, 100.00
0, 9910278, 154223, 15270, 1710.06, -137.44, 10.04, 8.14, 79.87
0, 9919764, 155527, 15376, 1715.38, -138.37, 11.02, 10.11, 32.32
0, 9927872, 155927, 15416, 1715.38, -138.37, 10.76, 9.51, -17.93
0, 9936388, 155685, 15456, 1728.25, -139.69, 5.43, 11.16, -65.59
0, 9946389, 154940, 15499, 1741.31, -140.37, 6.68, 9.78, -97.43
0, 9956705, 154001, 15400, 1750.88, -140.94, 7.46, 10.36, -91.26
0, 9967831, 152925, 15291, 1751.56, -140.94, 8.59, 11.56, -43.55
0, 9976862, 152351, 15228, 1746.25, -140.50, 9.21, 11.56, 11.66
0, 9985146, 152365, 15194, 1737.69, -139.56, 10.93, 9.31, 59.51
0, 9995445, 153101, 15173, 1729.25, -138.75, 12.49, 8.62, 95.93
