********************************************************************************
Obsolete PIO Core v6.1.11 is used (previous was 6.1.14)
Please remove multiple PIO Cores from a system:
https://docs.platformio.org/en/latest/core/installation/troubleshooting.html
********************************************************************************
--- Terminal on /dev/cu.usbmodem14303 | 230400 8-N-1
--- Available filters and text transformations: colorize, debug, default, direct, hexlify, log2file, nocontrol, printable, send_on_enter, time
--- More details at https://bit.ly/pio-monitor-filters
--- Quit: Ctrl+C | Menu: Ctrl+T | Help: Ctrl+T followed by Ctrl+H
start
pain
Waiting for ODrive...
pin
found ODrive
DC voltage: 24.01
Enabling closed loop control...
ODrive running!
end time:10000000
0, 803, 2, 0, -5.06, -0.06, 11.76, 9.57, 99.87
0, 11566, 1348, -37, -5.06, -0.06, 11.76, 9.55, 74.74
0, 18804, 2152, 64, -5.06, -0.06, 11.76, 9.60, 37.95
0, 27570, 2635, 125, -2.06, -0.06, 9.26, 9.61, -16.08
0, 38303, 2477, 188, 10.63, -0.94, 8.89, 9.84, -74.19
0, 48842, 1736, 204, 18.75, -1.37, 9.28, 8.61, -99.74
0, 59177, 1189, 153, 19.62, -1.75, 9.35, 11.29, -83.83
0, 66557, 814, 113, 19.62, -1.75, 14.16, 11.29, -50.60
0, 72996, 636, 88, 15.13, -1.62, 12.28, 8.84, -12.56
0, 79655, 687, 76, 8.81, -1.19, 12.28, 9.72, 28.83
0, 89437, 1046, 74, 3.87, -0.88, 14.39, 9.82, 78.77
0, 99524, 1943, 36, 1.19, -0.75, 12.89, 9.48, 99.96
0, 109800, 3275, 190, 2.75, -0.56, 14.30, 10.98, 81.63
0, 116806, 4305, 291, 8.81, -0.56, 14.27, 10.98, 49.24
0, 123282, 4993, 364, 8.81, -0.81, 12.31, 9.49, 10.77
0, 129832, 5274, 393, 18.75, -2.25, 12.31, 10.46, -29.90
0, 139704, 4993, 429, 32.69, -3.31, 8.43, 9.58, -79.79
0, 149756, 4136, 438, 43.38, -3.69, 9.44, 9.42, -99.99
0, 160050, 3313, 361, 45.13, -3.94, 10.21, 9.85, -80.72
0, 167096, 2922, 325, 39.88, -3.94, 12.96, 9.85, -47.65
0, 173566, 2780, 309, 39.88, -3.69, 11.94, 10.34, -9.00
0, 180442, 2870, 290, 31.56, -3.12, 14.07, 10.26, 33.53
0, 190644, 3318, 286, 24.56, -2.81, 14.24, 9.96, 83.21
0, 200954, 4366, 297, 21.87, -2.62, 12.63, 8.86, 99.82
0, 211579, 6090, 463, 23.62, -2.56, 12.63, 12.47, 74.68
0, 217999, 7188, 578, 29.87, -2.56, 14.41, 9.62, 42.58
0, 224409, 7836, 644, 29.87, -3.00, 11.32, 9.62, 3.71
0, 231167, 8004, 666, 41.38, -4.50, 9.08, 10.04, -37.79
0, 241818, 7558, 683, 58.13, -5.75, 10.63, 10.12, -87.07
0, 252470, 6576, 697, 70.19, -6.12, 12.14, 9.61, -98.80
0, 262940, 5557, 582, 71.62, -6.19, 10.67, 9.71, -68.73
0, 269615, 5025, 516, 66.19, -6.06, 10.67, 9.67, -33.19
0, 276022, 4792, 489, 66.19, -6.06, 11.61, 9.67, 6.42
0, 282793, 4888, 472, 57.13, -5.19, 13.06, 9.27, 47.03
0, 293007, 5567, 464, 47.94, -4.50, 13.33, 9.94, 90.50
0, 303169, 6846, 541, 41.88, -4.25, 15.01, 8.56, 98.02
0, 313285, 8649, 719, 42.69, -4.25, 14.46, 9.59, 67.14
0, 319695, 9550, 806, 49.75, -4.94, 14.46, 10.80, 32.72
0, 326286, 9945, 838, 49.75, -4.94, 10.70, 10.80, -8.07
0, 332908, 9878, 865, 62.63, -6.37, 10.47, 8.49, -47.67
0, 343137, 9201, 890, 79.50, -7.37, 11.89, 9.32, -90.85
0, 353119, 8335, 896, 90.06, -7.75, 12.93, 10.18, -98.09
0, 363426, 7460, 794, 89.87, -7.94, 10.49, 9.71, -66.48
0, 370172, 7020, 742, 83.31, -7.94, 10.49, 8.67, -29.87
0, 376587, 6813, 714, 75.19, -8.00, 11.35, 8.67, 9.95
0, 383282, 6878, 686, 75.19, -7.19, 12.41, 9.62, 49.72
0, 393231, 7565, 667, 67.12, -6.56, 13.39, 9.87, 91.09
0, 403137, 8861, 737, 61.63, -6.19, 14.09, 10.18, 98.06
0, 413403, 10479, 873, 61.81, -6.06, 13.64, 9.28, 66.59
0, 419862, 11290, 964, 69.00, -6.06, 13.64, 9.54, 31.73
0, 426495, 11677, 1007, 69.00, -6.56, 10.43, 9.54, -9.38
0, 433160, 11621, 1022, 81.81, -7.81, 11.95, 9.65, -49.05
0, 443321, 10988, 1039, 96.62, -8.88, 12.11, 9.69, -91.32
0, 453388, 10072, 1084, 106.37, -9.19, 11.64, 9.34, -97.74
0, 463580, 9067, 980, 106.75, -9.38, 9.05, 8.46, -65.75
0, 470000, 8553, 918, 100.56, -9.38, 9.05, 9.88, -30.90
0, 476836, 8321, 886, 92.06, -9.75, 10.50, 9.88, 11.51
0, 483523, 8410, 865, 92.06, -8.94, 11.92, 9.59, 51.03
0, 493342, 9192, 836, 82.75, -8.13, 11.96, 9.66, 91.38
0, 503263, 10427, 869, 76.44, -7.81, 13.71, 9.16, 97.91
0, 513577, 12055, 1043, 76.69, -7.50, 12.27, 10.12, 65.77
0, 520042, 12851, 1128, 84.37, -7.50, 12.27, 8.80, 30.65
0, 526683, 13125, 1164, 84.37, -7.75, 10.21, 8.80, -10.55
0, 533371, 12977, 1194, 96.50, -9.19, 12.86, 9.72, -50.20
0, 543459, 12276, 1215, 111.12, -10.38, 11.28, 9.71, -91.67
0, 553539, 11411, 1212, 120.31, -10.75, 12.19, 8.81, -97.54
0, 563616, 10498, 1121, 119.56, -10.94, 7.87, 10.59, -65.58
0, 570255, 9979, 1071, 113.12, -10.94, 7.87, 9.79, -29.37
0, 577122, 9698, 1039, 105.00, -11.06, 11.75, 9.79, 13.29
0, 584174, 9737, 1022, 105.00, -10.19, 10.65, 9.57, 54.50
0, 593694, 10465, 993, 96.69, -9.56, 11.06, 10.46, 92.25
0, 603518, 11813, 1020, 90.19, -9.25, 12.94, 9.27, 97.57
0, 613643, 13368, 1181, 89.25, -9.00, 11.77, 10.93, 65.46
0, 620090, 14108, 1276, 96.25, -9.00, 11.77, 8.06, 30.36
0, 626720, 14372, 1307, 109.12, -9.06, 8.31, 8.06, -10.79
0, 633324, 14253, 1328, 109.12, -10.44, 13.11, 10.00, -49.95
0, 643365, 13641, 1341, 123.19, -11.63, 12.24, 9.42, -91.43
0, 653430, 12748, 1351, 131.81, -12.00, 11.41, 9.63, -97.69
0, 663753, 11844, 1265, 131.50, -12.13, 8.31, 9.11, -64.93
0, 670252, 11426, 1217, 125.69, -12.13, 8.31, 9.56, -29.39
0, 676674, 11225, 1192, 117.62, -12.38, 10.99, 9.56, 10.50
0, 683582, 11313, 1177, 117.62, -11.63, 10.46, 11.24, 51.35
0, 693055, 12048, 1163, 109.62, -10.94, 10.14, 9.57, 90.63
0, 702568, 13196, 1167, 104.19, -10.69, 12.09, 10.08, 98.70
0, 712212, 14571, 1321, 104.37, -10.50, 12.09, 8.95, 71.98
0, 719783, 15488, 1421, 111.69, -10.50, 9.48, 9.35, 32.20
0, 726351, 15775, 1453, 111.69, -10.44, 7.80, 9.35, -8.48
0, 733000, 15647, 1474, 123.06, -11.88, 13.52, 10.80, -48.17
0, 742394, 15021, 1484, 136.06, -13.06, 12.18, 9.49, -88.80
0, 751975, 14202, 1489, 144.56, -13.44, 12.04, 9.37, -99.23
0, 762328, 13387, 1421, 144.06, -13.50, 12.04, 11.22, -71.47
0, 769949, 12895, 1373, 137.75, -13.50, 8.61, 9.38, -31.21
0, 776577, 12742, 1354, 137.75, -13.63, 10.39, 9.38, 9.89
0, 783244, 12867, 1331, 130.31, -12.94, 9.13, 9.99, 49.51
0, 792330, 13531, 1322, 123.06, -12.38, 8.67, 10.02, 88.61
0, 802031, 14667, 1342, 118.25, -12.13, 12.13, 8.59, 99.19
0, 812285, 16043, 1475, 119.06, -12.00, 7.79, 9.54, 71.66
0, 819981, 16890, 1564, 126.12, -12.00, 7.79, 9.54, 31.02
0, 826656, 17147, 1593, 126.12, -11.94, 8.88, 11.62, -10.39
0, 833486, 17008, 1613, 136.94, -13.31, 12.93, 9.46, -50.83
0, 842584, 16385, 1623, 149.06, -14.38, 11.66, 10.31, -89.34
0, 852282, 15523, 1599, 156.87, -14.69, 11.66, 8.85, -98.97
0, 862457, 14538, 1516, 156.50, -14.81, 8.66, 11.15, -70.90
0, 870192, 14012, 1474, 150.50, -14.81, 8.66, 11.15, -29.75
0, 876800, 13862, 1457, 142.37, -14.75, 9.49, 9.51, 11.28
0, 883662, 14021, 1439, 142.37, -14.00, 8.56, 9.14, 51.78
0, 892732, 14754, 1429, 133.81, -13.38, 7.59, 10.09, 89.75
0, 902331, 15767, 1446, 128.69, -13.13, 11.89, 9.09, 98.93
0, 912452, 17059, 1582, 129.50, -13.00, 7.31, 9.44, 70.92
0, 920191, 17908, 1668, 136.69, -13.00, 7.31, 9.44, 29.76
0, 926981, 18163, 1696, 136.69, -13.00, 8.26, 9.52, -12.41
0, 933625, 18015, 1717, 146.37, -14.25, 12.95, 9.63, -51.58
0, 942728, 17397, 1726, 157.69, -15.31, 11.31, 10.25, -89.74
0, 952594, 16588, 1685, 165.69, -15.69, 11.54, 9.32, -98.67
0, 962599, 15612, 1609, 165.50, -15.81, 11.54, 11.94, -70.27
0, 970732, 14987, 1553, 165.50, -15.81, 9.83, 11.94, -26.50
0, 977303, 14804, 1535, 152.37, -15.63, 9.14, 9.05, 14.42
0, 984094, 14967, 1516, 152.37, -14.88, 8.04, 9.38, 54.08
0, 992774, 15645, 1508, 144.00, -14.19, 8.43, 9.51, 89.87
0, 1002343, 16695, 1539, 137.62, -13.94, 11.66, 9.26, 98.92
0, 1012581, 18049, 1681, 137.94, -13.75, 11.66, 10.37, 70.35
0, 1020237, 18944, 1770, 144.62, -13.75, 7.35, 10.37, 29.48
0, 1026667, 19241, 1802, 144.62, -13.88, 7.40, 9.42, -10.45
0, 1033638, 19129, 1825, 154.56, -15.13, 13.42, 9.54, -51.65
0, 1043033, 18501, 1828, 166.19, -16.31, 9.07, 10.36, -90.57
0, 1052420, 17679, 1777, 174.81, -16.69, 14.04, 8.85, -98.85
0, 1062536, 16772, 1703, 175.19, -16.81, 14.04, 11.65, -70.55
0, 1070388, 16196, 1655, 169.69, -16.81, 9.05, 11.65, -28.58
0, 1076811, 16026, 1636, 169.69, -16.56, 9.25, 8.56, 11.35
0, 1083672, 16179, 1620, 162.25, -15.75, 6.54, 10.73, 51.83
0, 1092688, 16895, 1614, 154.25, -15.13, 7.62, 9.37, 89.63
0, 1102066, 17884, 1660, 148.56, -14.88, 12.24, 9.26, 99.16
0, 1112264, 19314, 1803, 149.06, -14.81, 12.24, 9.69, 71.75
0, 1120368, 20331, 1896, 155.75, -14.81, 6.14, 9.69, 28.70
0, 1126790, 20626, 1923, 155.75, -15.06, 7.09, 9.03, -11.22
0, 1133723, 20487, 1945, 165.31, -16.31, 13.65, 10.39, -52.10
0, 1142196, 19946, 1946, 177.56, -17.44, 9.22, 9.71, -88.22
0, 1151745, 19156, 1919, 186.69, -17.50, 11.61, 9.27, -99.40
0, 1161885, 18260, 1839, 187.00, -17.50, 7.32, 9.91, -73.39
0, 1170468, 17665, 1779, 181.62, -17.44, 7.32, 9.91, -28.09
0, 1176879, 17519, 1765, 181.62, -16.69, 7.66, 8.73, 11.78
0, 1183674, 17691, 1754, 174.62, -16.00, 5.57, 10.46, 51.84
0, 1191996, 18327, 1754, 167.06, -15.75, 5.93, 9.01, 87.62
0, 1201546, 19339, 1802, 161.81, -15.69, 10.98, 10.35, 99.53
0, 1211244, 20723, 1926, 162.44, -15.69, 10.98, 8.66, 76.07
0, 1220278, 21830, 2024, 168.94, -16.00, 4.97, 8.66, 29.24
0, 1226775, 22138, 2053, 168.94, -17.19, 7.29, 10.91, -11.13
0, 1233429, 22000, 2067, 178.56, -18.25, 13.36, 10.60, -50.52
0, 1242054, 21439, 2068, 190.69, -18.62, 7.71, 9.86, -87.79
0, 1251807, 20664, 2039, 199.44, -18.69, 13.22, 8.93, -99.36
0, 1261456, 19870, 1981, 199.81, -18.69, 13.22, 8.57, -75.19
0, 1270480, 19267, 1928, 194.44, -18.62, 6.66, 8.57, -28.02
0, 1276895, 19123, 1912, 194.44, -18.00, 7.64, 10.91, 11.88
0, 1283739, 19291, 1905, 187.69, -17.44, 5.14, 8.50, 52.19
0, 1292009, 19935, 1900, 180.81, -17.19, 4.44, 9.74, 87.66
0, 1301678, 20965, 1947, 175.81, -17.06, 8.72, 11.99, 99.44
0, 1311409, 22347, 2070, 176.37, -17.06, 8.72, 7.43, 75.39
0, 1320198, 23379, 2171, 182.69, -17.37, 6.10, 7.43, 29.72
0, 1326617, 23644, 2199, 182.69, -18.50, 7.12, 11.09, -10.14
0, 1333466, 23497, 2205, 192.19, -19.56, 10.86, 10.04, -50.72
0, 1342048, 22990, 2207, 204.00, -19.94, 7.18, 9.91, -87.77
0, 1351776, 22255, 2170, 212.25, -19.94, 11.59, 9.80, -99.38
0, 1361499, 21406, 2098, 212.44, -19.94, 11.59, 10.90, -75.02
0, 1370602, 20758, 2046, 207.56, -19.81, 6.92, 10.90, -27.28
0, 1377013, 20575, 2026, 207.56, -19.12, 6.38, 10.69, 12.61
0, 1383872, 20722, 2014, 201.25, -18.56, 5.00, 9.32, 52.90
0, 1392126, 21326, 2009, 194.06, -18.31, 4.04, 9.58, 88.01
0, 1401840, 22312, 2069, 188.56, -18.19, 8.61, 12.05, 99.33
0, 1411618, 23692, 2202, 188.56, -18.19, 8.61, 8.42, 74.52
0, 1420422, 24737, 2298, 194.31, -18.44, 5.98, 8.42, 28.37
0, 1426987, 25027, 2326, 194.31, -19.56, 7.48, 9.75, -12.45
0, 1433646, 24891, 2332, 203.31, -20.69, 9.82, 9.72, -51.69
0, 1442043, 24351, 2333, 214.87, -21.06, 6.92, 9.82, -87.76
0, 1451889, 23616, 2306, 223.50, -21.06, 10.86, 11.49, -99.30
0, 1461812, 22736, 2215, 224.06, -21.06, 10.86, 10.07, -73.70
0, 1470613, 22054, 2149, 219.25, -21.06, 7.80, 10.07, -27.22
0, 1477272, 21870, 2132, 219.25, -20.31, 7.01, 10.37, 14.23
0, 1484373, 22036, 2120, 212.75, -19.56, 4.73, 9.13, 55.54
0, 1492529, 22669, 2116, 205.37, -19.31, 3.97, 8.91, 89.18
0, 1502089, 23606, 2195, 199.69, -19.19, 7.42, 9.64, 99.14
0, 1512052, 25038, 2325, 199.50, -19.19, 5.02, 9.45, 72.67
0, 1520889, 26121, 2430, 205.12, -19.56, 5.02, 9.45, 25.55
0, 1527443, 26398, 2460, 205.12, -20.62, 7.46, 9.62, -15.29
0, 1534107, 26220, 2466, 213.75, -21.75, 10.15, 9.83, -54.15
0, 1542462, 25709, 2470, 225.44, -22.25, 7.86, 10.03, -88.99
0, 1552386, 25082, 2462, 234.62, -22.31, 8.49, 13.48, -98.88
0, 1562416, 24272, 2373, 235.31, -22.31, 8.49, 10.66, -71.08
0, 1571041, 23620, 2307, 230.87, -22.50, 8.83, 10.66, -24.62
0, 1577594, 23410, 2278, 230.87, -21.81, 7.12, 9.97, 16.22
0, 1584507, 23556, 2267, 225.31, -21.06, 5.55, 9.56, 56.24
0, 1592638, 24192, 2262, 218.75, -20.62, 4.54, 8.08, 89.49
0, 1602471, 25180, 2339, 212.87, -20.50, 3.19, 10.79, 98.80
0, 1612602, 26660, 2482, 212.19, -20.50, 3.19, 9.89, 70.26
0, 1621175, 27677, 2585, 217.69, -20.81, 7.29, 9.89, 23.80
0, 1627686, 27974, 2620, 217.69, -21.87, 8.30, 8.54, -16.79
0, 1634582, 27840, 2629, 226.31, -23.06, 9.45, 9.99, -56.63
0, 1642894, 27283, 2638, 238.06, -23.06, 7.65, 10.06, -90.20
0, 1652766, 26618, 2645, 247.37, -23.69, 8.19, 12.61, -98.49
0, 1662923, 25844, 2539, 248.69, -23.69, 8.19, 10.76, -68.81
0, 1671677, 25298, 2478, 244.19, -24.00, 8.39, 10.76, -20.73
0, 1678094, 25186, 2459, 238.44, -23.31, 7.29, 9.23, 19.32
0, 1684968, 25393, 2430, 238.44, -23.31, 6.39, 9.51, 58.61
0, 1693045, 26045, 2422, 232.06, -22.62, 5.75, 7.99, 90.60
0, 1702887, 27024, 2520, 227.19, -22.25, 5.34, 12.01, 98.36
0, 1713029, 28517, 2669, 227.19, -21.94, 7.44, 8.19, 68.32
0, 1721704, 29687, 2791, 235.56, -22.25, 7.44, 8.19, 20.56
0, 1728213, 30068, 2831, 244.00, -23.37, 9.02, 8.99, -20.05
0, 1735229, 29925, 2844, 244.00, -24.69, 8.93, 10.45, -59.93
0, 1743364, 29332, 2865, 255.81, -24.69, 7.50, 9.40, -91.43
0, 1753328, 28633, 2890, 266.69, -25.62, 8.52, 8.93, -97.82
0, 1763342, 27871, 2797, 269.25, -25.62, 7.84, 11.10, -66.87
0, 1772013, 27357, 2712, 263.31, -26.12, 7.84, 11.10, -18.66
0, 1778423, 27246, 2681, 257.37, -25.69, 7.90, 9.73, 21.34
0, 1785729, 27469, 2638, 257.37, -24.81, 7.50, 9.59, 62.42
0, 1793477, 28121, 2634, 252.44, -24.81, 7.51, 7.90, 91.72
0, 1803342, 29243, 2748, 252.25, -24.25, 6.54, 12.06, 97.80
0, 1813447, 31135, 2924, 252.00, -23.81, 10.24, 7.68, 66.38
0, 1822238, 32454, 3048, 261.37, -24.12, 10.24, 7.68, 17.27
0, 1828711, 32704, 3089, 276.19, -25.37, 11.02, 9.60, -23.10
0, 1836031, 32482, 3106, 276.19, -26.87, 8.98, 10.46, -63.89
0, 1843914, 31917, 3115, 289.12, -26.87, 7.74, 9.48, -92.78
0, 1853757, 31127, 3129, 291.06, -27.69, 9.84, 9.49, -97.23
0, 1863696, 30137, 3037, 286.31, -27.87, 7.94, 9.73, -65.20
0, 1872585, 29467, 2975, 279.56, -28.19, 7.94, 9.73, -15.12
0, 1879004, 29295, 2952, 271.50, -27.75, 8.91, 9.36, 24.89
0, 1886746, 29537, 2897, 271.50, -27.06, 9.63, 9.57, 67.28
0, 1894294, 30234, 2841, 264.75, -27.06, 10.07, 10.72, 93.64
0, 1903794, 31537, 2957, 263.50, -26.62, 8.20, 8.88, 97.17
0, 1913813, 33228, 3137, 268.81, -26.00, 12.20, 10.16, 64.65
0, 1922788, 34232, 3247, 279.56, -25.87, 12.20, 10.16, 13.86
0, 1929335, 34442, 3273, 293.75, -27.12, 9.51, 8.95, -26.90
0, 1937097, 34215, 3288, 293.75, -28.62, 7.40, 9.85, -68.90
0, 1944628, 33683, 3295, 304.31, -28.62, 8.52, 9.28, -94.36
0, 1954082, 32867, 3302, 306.31, -29.25, 8.90, 9.16, -96.73
0, 1964184, 31859, 3206, 302.06, -29.44, 8.70, 9.79, -62.85
0, 1973134, 31234, 3137, 295.00, -29.75, 8.70, 9.79, -11.70
0, 1979548, 31033, 3103, 286.62, -29.31, 9.64, 8.77, 28.19
0, 1987227, 31249, 3077, 286.62, -28.50, 10.80, 9.56, 69.49
0, 1994689, 31948, 2996, 279.87, -28.50, 11.45, 8.77, 94.48
0, 2004292, 33109, 3123, 277.87, -28.00, 8.81, 5.73, 96.39
0, 2014320, 34582, 3282, 282.87, -27.69, 12.34, 11.48, 62.18
0, 2023293, 35567, 3382, 292.69, -27.19, 12.34, 11.48, 10.71
0, 2029718, 35793, 3407, 305.06, -28.44, 10.14, 8.95, -29.21
0, 2037620, 35545, 3440, 305.06, -29.75, 7.57, 9.90, -71.24
0, 2045052, 34946, 3495, 315.69, -29.75, 6.04, 9.02, -95.21
0, 2054636, 34220, 3443, 318.37, -30.44, 8.90, 9.66, -95.79
0, 2064637, 33330, 3358, 313.75, -30.81, 10.10, 10.31, -60.61
0, 2073693, 32660, 3289, 306.81, -31.19, 10.10, 10.31, -8.21
0, 2080321, 32502, 3264, 299.25, -30.62, 10.10, 8.97, 32.81
0, 2088180, 32767, 3247, 299.25, -30.62, 11.92, 9.42, 73.66
0, 2095419, 33442, 3213, 292.44, -29.87, 12.40, 8.97, 95.89
0, 2104873, 34586, 3281, 290.37, -29.37, 9.64, 7.86, 95.35
0, 2114833, 36102, 3434, 295.19, -29.19, 12.72, 9.83, 59.63
0, 2123887, 37130, 3533, 304.75, -28.81, 12.72, 9.83, 6.99
0, 2130315, 37361, 3558, 317.62, -29.75, 10.89, 9.31, -32.78
0, 2138269, 37122, 3629, 317.62, -31.00, 7.31, 10.24, -74.04
0, 2145834, 36517, 3640, 329.25, -31.00, 5.82, 9.12, -96.59
0, 2155369, 35848, 3591, 332.62, -31.75, 9.60, 9.66, -94.36
0, 2165062, 34991, 3519, 328.50, -32.31, 10.59, 10.17, -58.47
0, 2174270, 34437, 3465, 321.75, -32.50, 10.59, 10.17, -4.59
0, 2181090, 34370, 3450, 314.37, -32.06, 9.99, 8.99, 37.33
0, 2189132, 34711, 3441, 308.00, -32.06, 12.82, 9.25, 77.58
0, 2196376, 35401, 3411, 308.00, -31.44, 12.69, 9.59, 97.42
0, 2205912, 36728, 3489, 306.62, -31.00, 12.04, 9.46, 93.18
0, 2215467, 38230, 3639, 311.56, -30.87, 13.21, 9.50, 56.38
0, 2224545, 39142, 3744, 321.81, -30.56, 13.21, 9.50, 2.86
0, 2231231, 39342, 3777, 336.00, -31.44, 9.39, 9.48, -38.16
0, 2239345, 39034, 3822, 347.37, -32.75, 7.55, 9.89, -78.41
0, 2247013, 38435, 3848, 347.37, -32.75, 6.87, 9.19, -98.24
0, 2257094, 37841, 3789, 351.00, -33.63, 10.41, 10.65, -90.23
0, 2266197, 37415, 3743, 346.75, -34.00, 12.19, 9.72, -52.54
0, 2275073, 37191, 3714, 340.37, -34.31, 12.19, 9.72, 0.46
0, 2281706, 37264, 3693, 335.25, -33.94, 11.90, 9.24, 40.90
0, 2290264, 37715, 3693, 332.12, -33.50, 13.21, 9.42, 81.86
0, 2297735, 38373, 3654, 332.12, -33.19, 13.80, 9.50, 98.99
0, 2307555, 39650, 3792, 332.37, -33.00, 12.57, 9.91, 88.94
0, 2316543, 41043, 3929, 337.62, -33.00, 13.08, 9.67, 50.67
0, 2325088, 42005, 4017, 346.94, -32.88, 13.08, 9.67, -0.55
0, 2331756, 42245, 4046, 360.56, -33.88, 11.16, 9.37, -41.18
0, 2340395, 41907, 4065, 373.62, -35.13, 7.90, 10.09, -82.33
0, 2348156, 41260, 4115, 373.62, -36.00, 7.79, 10.11, -99.33
0, 2357790, 40461, 4038, 378.62, -36.19, 11.69, 8.85, -88.26
0, 2366922, 39879, 3988, 374.62, -36.19, 11.41, 9.99, -48.61
0, 2375462, 39593, 3959, 366.81, -35.88, 13.16, 9.99, 2.90
0, 2382315, 39693, 3941, 359.56, -35.38, 13.16, 9.60, 44.36
0, 2390872, 40132, 3925, 354.62, -35.06, 15.27, 11.04, 84.00
0, 2398373, 40930, 3918, 354.62, -35.06, 13.45, 8.77, 99.48
0, 2408043, 42511, 4067, 354.62, -34.88, 14.75, 8.57, 87.50
0, 2417005, 44122, 4231, 359.87, -34.69, 13.93, 9.09, 48.15
0, 2425785, 45018, 4316, 371.19, -35.81, 13.93, 9.09, -4.93
0, 2432449, 45066, 4340, 388.19, -37.38, 9.54, 10.21, -45.11
0, 2441145, 44640, 4368, 402.56, -38.25, 8.29, 9.24, -84.92
0, 2448665, 43965, 4401, 402.56, -38.63, 9.76, 8.72, -99.65
0, 2458327, 43151, 4312, 406.25, -38.63, 10.83, 10.36, -86.62
0, 2467355, 42451, 4233, 401.50, -38.81, 12.06, 9.14, -46.21
0, 2475918, 42034, 4189, 393.31, -38.38, 12.08, 9.14, 5.76
0, 2482537, 42039, 4172, 385.25, -37.63, 12.08, 9.62, 45.60
0, 2491348, 42573, 4142, 378.62, -37.13, 14.67, 9.47, 85.58
0, 2499098, 43507, 4169, 378.62, -37.13, 15.12, 9.30, 99.84
0, 2508499, 45019, 4313, 377.00, -36.88, 15.51, 9.46, 86.08
0, 2517543, 46403, 4433, 382.69, -36.75, 13.10, 9.98, 45.16
0, 2526192, 47101, 4510, 394.87, -37.88, 9.79, 9.98, -7.48
0, 2532883, 47110, 4527, 410.75, -39.13, 9.79, 8.92, -47.53
0, 2541698, 46606, 4532, 423.12, -39.94, 10.21, 10.15, -86.70
0, 2550755, 45808, 4604, 426.31, -40.13, 10.72, 9.29, -99.89
0, 2560945, 44894, 4507, 421.25, -40.38, 11.57, 8.81, -77.27
0, 2568450, 44270, 4435, 421.25, -40.38, 10.86, 9.12, -40.01
0, 2577596, 43937, 4396, 412.87, -40.38, 11.89, 9.12, 16.24
0, 2584302, 44028, 4363, 404.19, -39.50, 13.67, 9.42, 55.17
0, 2592906, 44669, 4333, 397.25, -39.00, 13.67, 8.82, 90.23
0, 2602680, 45867, 4390, 395.75, -38.56, 14.44, 9.33, 98.59
0, 2613046, 47451, 4547, 401.31, -38.38, 14.08, 8.43, 68.25
0, 2619889, 48355, 4642, 412.81, -38.38, 12.54, 9.00, 31.57
0, 2628094, 48797, 4689, 412.81, -39.25, 10.20, 9.00, -19.31
0, 2634800, 48686, 4717, 427.12, -40.69, 10.77, 10.15, -57.75
0, 2643422, 48069, 4736, 439.37, -41.50, 10.77, 9.49, -91.58
0, 2653522, 47211, 4749, 442.25, -41.81, 10.66, 10.04, -97.56
0, 2663427, 46298, 4661, 437.31, -42.13, 11.22, 8.00, -66.48
0, 2670599, 45735, 4605, 428.94, -41.88, 11.29, 9.28, -27.30
0, 2678779, 45441, 4562, 428.94, -41.88, 11.44, 9.28, 23.52
0, 2685552, 45546, 4536, 420.50, -41.13, 12.85, 9.04, 61.55
0, 2694042, 46331, 4503, 412.75, -40.56, 14.05, 9.17, 93.07
0, 2704023, 47648, 4570, 410.25, -40.19, 14.43, 11.24, 96.82
0, 2714743, 49341, 4743, 415.81, -39.81, 14.43, 8.83, 60.08
0, 2722152, 50113, 4826, 428.06, -40.69, 11.24, 8.58, 17.80
0, 2730116, 50223, 4859, 442.81, -40.69, 10.46, 8.58, -31.59
0, 2736802, 49963, 4877, 442.81, -42.13, 11.39, 9.93, -67.54
0, 2744718, 49267, 4883, 454.44, -42.94, 10.55, 9.75, -94.54
0, 2755381, 48466, 4898, 455.94, -43.25, 10.94, 10.38, -94.34
0, 2766313, 47680, 4804, 450.31, -43.50, 11.28, 7.52, -51.92
0, 2774428, 47225, 4748, 442.12, -43.44, 11.28, 10.79, -3.60
0, 2781030, 47145, 4730, 435.25, -43.44, 11.94, 9.39, 36.98
0, 2788503, 47473, 4700, 435.25, -42.69, 12.29, 9.39, 75.02
0, 2795869, 48332, 4682, 428.87, -42.06, 12.92, 9.24, 96.65
0, 2806265, 49714, 4782, 426.87, -41.75, 14.15, 9.49, 92.35
0, 2816598, 51125, 4936, 432.75, -41.50, 10.49, 6.80, 50.38
0, 2824767, 51815, 5014, 444.87, -42.31, 10.49, 9.24, 1.47
0, 2831351, 51846, 5040, 458.19, -42.31, 10.45, 9.75, -38.85
0, 2838865, 51533, 5054, 458.19, -43.69, 12.42, 9.75, -76.51
0, 2846205, 50839, 5058, 469.25, -44.56, 10.75, 10.33, -97.17
0, 2856378, 49962, 5055, 471.62, -44.81, 12.58, 10.27, -92.08
0, 2867038, 49174, 4977, 466.81, -44.94, 8.33, 8.39, -47.97
0, 2875471, 48850, 4938, 458.06, -44.94, 8.33, 8.81, 2.96
0, 2882202, 48904, 4917, 450.56, -44.94, 11.89, 8.68, 43.72
0, 2890646, 49386, 4892, 444.44, -44.25, 11.66, 10.68, 83.22
0, 2897990, 50288, 4843, 444.44, -43.81, 12.48, 8.24, 99.20
0, 2908592, 51702, 4996, 443.56, -43.56, 13.89, 11.59, 85.78
0, 2918363, 53070, 5143, 449.25, -43.25, 9.53, 11.59, 40.51
0, 2926857, 53631, 5211, 460.69, -43.88, 11.28, 10.55, -11.64
0, 2933492, 53525, 5230, 474.00, -45.25, 11.28, 9.59, -50.86
0, 2942154, 52960, 5235, 485.50, -45.25, 13.69, 10.62, -88.09
0, 2950827, 52083, 5238, 487.94, -46.25, 11.97, 8.68, -99.87
0, 2960639, 51244, 5170, 482.87, -46.50, 12.80, 13.27, -78.48
0, 2969328, 50595, 5112, 482.87, -46.56, 8.97, 10.31, -34.89
0, 2978546, 50368, 5088, 474.06, -46.38, 11.15, 10.31, 22.09
0, 2985010, 50539, 5069, 465.75, -45.63, 10.96, 11.15, 58.83
0, 2993648, 51339, 5055, 459.31, -45.25, 10.96, 10.59, 92.14
0, 3003388, 52524, 5087, 458.25, -45.06, 10.99, 8.94, 97.74
0, 3013829, 54118, 5255, 464.25, -44.75, 14.36, 8.99, 64.57
0, 3021381, 55130, 5364, 475.56, -44.75, 8.03, 10.41, 22.55
0, 3029957, 55372, 5396, 475.56, -45.31, 8.72, 10.41, -30.64
0, 3036684, 55123, 5406, 488.81, -46.88, 15.12, 9.89, -66.99
0, 3044888, 54415, 5409, 501.44, -47.94, 11.60, 10.72, -94.88
0, 3054557, 53659, 5363, 504.00, -48.13, 13.18, 10.25, -95.93
0, 3064501, 52789, 5293, 498.94, -48.13, 13.18, 11.76, -61.29
0, 3071835, 52261, 5251, 491.31, -48.13, 10.22, 9.27, -19.76
0, 3080377, 52149, 5232, 483.62, -47.81, 10.61, 9.27, 33.14
0, 3087054, 52418, 5200, 483.62, -47.13, 9.42, 10.30, 68.70
0, 3094951, 53300, 5195, 476.44, -46.69, 10.24, 10.87, 95.01
0, 3104532, 54607, 5301, 474.94, -46.44, 13.42, 8.52, 95.97
0, 3114471, 56311, 5471, 480.75, -46.25, 13.42, 8.15, 61.44
0, 3121951, 57173, 5551, 492.56, -46.25, 6.42, 10.49, 19.04
0, 3130541, 57355, 5575, 507.19, -47.19, 8.82, 10.49, -34.11
0, 3136972, 57117, 5588, 507.19, -48.75, 13.99, 10.16, -68.32
0, 3144957, 56413, 5592, 519.44, -49.63, 10.94, 10.05, -95.02
0, 3154820, 55640, 5550, 521.87, -49.81, 13.64, 10.17, -95.45
0, 3164672, 54825, 5473, 517.25, -49.88, 13.64, 10.37, -60.44
0, 3172218, 54447, 5435, 509.62, -49.88, 8.57, 9.71, -17.40
0, 3180763, 54412, 5419, 502.44, -49.56, 9.45, 9.71, 35.42
0, 3188119, 54717, 5413, 502.44, -48.81, 8.29, 8.52, 73.40
0, 3195608, 55533, 5398, 496.56, -48.44, 7.83, 9.51, 96.22
0, 3205122, 56758, 5507, 495.69, -48.31, 9.62, 10.27, 94.87
0, 3214897, 58203, 5637, 500.81, -48.31, 9.62, 6.54, 59.30
0, 3222545, 58974, 5708, 511.56, -48.31, 7.74, 11.30, 15.37
0, 3231022, 59064, 5729, 524.00, -49.00, 7.99, 11.30, -36.94
0, 3238392, 58760, 5733, 524.00, -50.25, 13.47, 10.78, -74.56
0, 3246169, 58049, 5743, 534.81, -51.06, 9.21, 11.08, -97.12
0, 3255618, 57337, 5685, 536.94, -51.25, 14.52, 8.39, -93.84
0, 3265680, 56573, 5625, 532.62, -51.31, 14.52, 11.03, -55.27
0, 3273127, 56220, 5596, 525.19, -51.31, 8.84, 10.26, -11.75
0, 3281451, 56244, 5584, 518.56, -50.94, 8.38, 10.26, 39.43
0, 3289136, 56617, 5583, 518.56, -50.38, 6.91, 8.49, 77.59
0, 3296446, 57427, 5566, 512.94, -50.00, 7.66, 10.03, 97.52
0, 3305627, 58599, 5672, 512.12, -49.94, 9.35, 10.04, 93.82
0, 3315646, 60036, 5809, 516.94, -49.88, 9.35, 7.15, 55.45
0, 3323195, 60733, 5881, 527.06, -49.88, 5.89, 11.16, 11.32
0, 3331556, 60781, 5895, 539.25, -50.50, 9.64, 11.16, -40.03
0, 3339119, 60434, 5899, 539.25, -51.75, 13.59, 10.12, -77.52
0, 3346616, 59754, 5907, 549.56, -52.63, 9.01, 10.31, -97.75
0, 3355846, 58993, 5835, 551.81, -52.75, 12.84, 9.41, -93.33
0, 3365894, 58070, 5743, 547.75, -52.81, 12.84, 11.99, -54.15
0, 3373401, 57611, 5703, 540.37, -52.81, 8.54, 10.37, -10.03
0, 3381954, 57631, 5691, 532.69, -52.38, 8.04, 10.37, 42.31
0, 3389643, 58027, 5689, 532.69, -51.56, 4.84, 8.55, 79.56
0, 3396697, 58839, 5691, 525.75, -51.06, 6.99, 9.54, 97.85
0, 3405891, 59986, 5807, 524.37, -50.94, 13.33, 10.36, 93.23
0, 3415889, 61441, 5945, 529.00, -51.00, 4.68, 9.53, 54.17
0, 3423550, 62135, 6012, 538.87, -51.00, 4.68, 10.23, 9.10
0, 3432111, 62174, 6028, 550.69, -51.63, 8.47, 10.23, -43.20
0, 3439612, 61832, 6030, 550.69, -52.88, 12.78, 9.97, -79.44
0, 3446792, 61153, 6044, 561.19, -53.75, 7.79, 9.68, -97.97
0, 3456088, 60374, 5964, 563.69, -53.94, 13.86, 9.27, -92.77
0, 3466142, 59447, 5877, 559.87, -54.00, 6.75, 12.24, -52.83
0, 3473753, 58988, 5830, 552.56, -54.00, 6.75, 7.96, -7.83
0, 3482291, 58951, 5814, 544.94, -53.69, 7.05, 7.96, 44.22
0, 3490178, 59424, 5810, 544.94, -52.81, 5.08, 8.67, 81.55
0, 3497004, 60213, 5831, 537.94, -52.19, 5.27, 9.04, 98.23
0, 3506052, 61384, 5940, 535.87, -52.13, 5.91, 10.06, 92.86
0, 3516069, 62840, 6077, 540.50, -52.13, 6.44, 8.69, 53.22
0, 3523681, 63584, 6155, 550.31, -52.13, 6.44, 10.91, 8.28
0, 3532451, 63654, 6174, 562.06, -52.88, 8.09, 10.91, -45.12
0, 3540132, 63290, 6176, 562.06, -54.06, 12.02, 10.85, -81.38
0, 3547156, 62685, 6199, 572.94, -55.06, 7.56, 10.87, -98.41
0, 3556430, 62024, 6147, 576.00, -55.25, 12.65, 10.92, -91.95
0, 3566350, 61218, 6050, 572.56, -55.31, 5.84, 10.39, -51.72
0, 3573967, 60774, 6000, 566.06, -55.31, 5.84, 10.33, -6.49
0, 3583129, 60752, 5979, 559.62, -54.44, 7.36, 9.26, 48.88
0, 3591715, 61303, 5974, 553.31, -53.81, 4.77, 9.26, 86.75
0, 3599220, 62108, 6011, 553.31, -53.56, 5.16, 8.79, 99.88
0, 3607788, 63294, 6123, 551.19, -53.56, 5.01, 12.32, 88.27
0, 3616698, 64619, 6255, 555.06, -54.25, 5.53, 10.31, 49.83
0, 3624227, 65396, 6336, 564.00, -54.25, 5.53, 9.81, 4.86
0, 3633119, 65505, 6359, 575.87, -55.50, 9.05, 9.81, -48.83
0, 3641945, 65045, 6366, 587.19, -56.63, 11.20, 10.79, -87.46
0, 3649499, 64428, 6420, 587.19, -56.94, 8.05, 10.94, -99.95
0, 3658306, 63680, 6346, 591.37, -57.00, 10.09, 10.81, -86.69
0, 3666987, 63008, 6258, 588.37, -57.44, 6.80, 11.63, -48.25
0, 3674906, 62668, 6205, 581.94, -57.44, 6.80, 9.56, -0.60
0, 3683773, 62749, 6167, 575.00, -56.50, 5.81, 9.25, 52.37
0, 3692362, 63372, 6161, 569.19, -55.75, 5.40, 9.25, 88.70
0, 3699882, 64131, 6209, 569.19, -55.38, 5.35, 8.03, 100.00
0, 3708464, 65459, 6340, 567.75, -55.25, 5.57, 11.70, 86.19
0, 3716921, 67003, 6490, 571.69, -56.00, 5.95, 7.45, 48.61
0, 3724405, 67866, 6573, 580.25, -56.00, 5.95, 10.43, 3.74
0, 3733496, 67946, 6604, 593.37, -57.44, 9.14, 10.43, -50.88
0, 3742178, 67467, 6611, 606.94, -58.75, 11.51, 11.03, -88.16
0, 3749673, 66803, 6645, 606.94, -59.13, 7.65, 10.23, -99.98
0, 3758010, 65900, 6610, 611.62, -59.25, 8.25, 9.12, -87.60
0, 3766538, 65108, 6530, 608.69, -59.56, 7.41, 11.77, -50.70
0, 3774235, 64712, 6481, 601.56, -59.56, 7.41, 9.47, -4.81
0, 3782798, 64728, 6435, 593.00, -58.88, 6.81, 9.47, 47.05
0, 3790531, 65219, 6370, 593.00, -58.19, 6.12, 8.42, 82.81
0, 3797529, 66033, 6399, 586.31, -57.75, 6.22, 9.15, 98.80
0, 3805684, 67415, 6532, 584.44, -57.13, 6.66, 9.59, 93.69
0, 3815356, 69199, 6715, 588.50, -57.13, 6.66, 8.38, 56.96
0, 3823990, 70154, 6826, 598.75, -58.06, 8.06, 10.98, 6.35
0, 3832889, 70214, 6854, 613.62, -59.50, 9.88, 10.98, -47.56
0, 3840810, 69775, 6865, 626.56, -60.94, 9.54, 10.50, -83.78
0, 3848113, 69136, 6907, 626.56, -61.31, 7.68, 9.44, -99.30
0, 3856201, 68248, 6830, 630.56, -61.44, 8.92, 10.99, -92.51
0, 3865746, 67206, 6724, 627.19, -61.44, 8.92, 10.43, -54.93
0, 3874151, 66546, 6665, 619.81, -61.50, 8.05, 9.86, -5.34
0, 3883099, 66367, 6642, 610.69, -60.50, 7.81, 9.86, 48.72
0, 3891294, 66833, 6576, 602.50, -59.81, 7.55, 8.65, 85.41
0, 3897946, 67617, 6545, 602.50, -59.50, 7.60, 8.36, 99.17
0, 3905866, 68883, 6672, 598.37, -58.94, 5.03, 7.51, 93.29
0, 3915487, 70514, 6860, 601.25, -58.94, 5.03, 7.89, 56.28
0, 3924093, 71441, 6961, 611.00, -59.25, 8.64, 7.89, 5.70
0, 3933203, 71572, 6991, 624.81, -60.88, 10.66, 10.60, -49.28
0, 3941693, 71138, 7018, 637.19, -62.06, 7.97, 10.28, -86.68
0, 3949072, 70512, 7057, 637.19, -62.44, 7.30, 9.03, -99.83
0, 3957208, 69564, 6961, 641.87, -62.69, 9.02, 9.88, -89.92
0, 3966237, 68534, 6861, 639.25, -62.69, 9.02, 9.38, -52.32
0, 3974593, 67898, 6789, 632.19, -62.75, 7.82, 9.64, -2.56
0, 3983830, 67786, 6768, 622.44, -61.69, 8.93, 9.64, 52.67
0, 3992375, 68347, 6742, 613.87, -60.94, 8.41, 8.78, 88.74
0, 3999848, 69188, 6710, 613.87, -60.63, 8.11, 8.32, 100.00
0, 4007665, 70432, 6849, 610.06, -60.38, 8.16, 5.52, 88.63
0, 4016277, 71874, 7000, 612.75, -60.38, 9.71, 9.41, 52.11
0, 4024683, 72740, 7088, 621.62, -60.50, 9.71, 9.74, 2.00
0, 4033991, 72824, 7119, 634.94, -61.94, 10.53, 9.74, -53.53
0, 4042559, 72305, 7182, 647.75, -63.13, 7.53, 10.25, -89.27
0, 4050041, 71590, 7161, 647.75, -63.50, 7.04, 8.62, -100.00
0, 4057937, 70756, 7082, 652.69, -63.94, 8.95, 11.91, -87.82
0, 4066593, 69775, 6985, 650.00, -63.94, 8.36, 10.04, -50.40
0, 4075125, 69091, 6914, 642.50, -63.75, 9.57, 8.86, 0.78
0, 4084252, 69054, 6896, 633.37, -62.81, 9.57, 8.86, 54.91
0, 4092833, 69659, 6879, 624.50, -62.00, 10.02, 8.90, 90.03
0, 4100298, 70450, 6858, 624.50, -61.69, 9.20, 8.09, 99.98
0, 4107917, 71643, 6977, 620.37, -61.56, 8.53, 5.20, 87.88
0, 4116488, 73115, 7119, 623.19, -61.56, 9.71, 9.38, 50.97
0, 4125092, 73914, 7202, 631.62, -61.63, 9.71, 10.38, -0.57
0, 4134531, 73891, 7247, 644.75, -63.00, 10.51, 10.38, -56.36
0, 4143137, 73394, 7286, 657.87, -64.06, 6.34, 11.15, -90.84
0, 4150914, 72759, 7267, 657.87, -64.50, 7.63, 9.02, -99.84
0, 4158753, 71971, 7201, 662.31, -64.94, 9.25, 11.37, -85.26
0, 4167293, 71124, 7123, 659.75, -64.94, 8.37, 9.58, -46.56
0, 4175645, 70568, 7064, 653.00, -64.75, 10.03, 8.58, 4.05
0, 4184664, 70575, 7048, 644.62, -64.00, 10.03, 8.58, 57.05
0, 4193207, 71213, 7035, 636.56, -63.25, 11.03, 8.78, 91.03
0, 4200834, 72055, 7026, 636.56, -63.00, 10.12, 8.88, 99.86
0, 4209266, 73426, 7152, 632.87, -62.94, 9.78, 12.48, 83.53
0, 4217582, 74844, 7301, 635.81, -62.94, 11.03, 10.13, 44.94
0, 4225893, 75677, 7396, 644.44, -62.94, 10.14, 10.12, -5.60
0, 4235037, 75757, 7435, 657.87, -64.25, 10.14, 10.12, -58.96
0, 4243711, 75205, 7477, 671.94, -65.62, 5.54, 11.15, -92.29
0, 4252009, 74657, 7455, 678.25, -66.19, 6.72, 9.33, -99.21
0, 4260061, 74182, 7410, 678.25, -66.50, 12.12, 11.46, -80.68
0, 4268343, 73725, 7365, 676.19, -66.50, 9.73, 9.46, -40.62
0, 4276605, 73535, 7343, 669.87, -66.50, 10.32, 9.59, 10.06
0, 4285254, 73704, 7324, 664.81, -66.00, 10.32, 9.59, 60.06
0, 4294419, 74407, 7300, 660.12, -65.56, 12.25, 8.89, 93.91
0, 4302972, 75421, 7372, 659.00, -65.44, 10.92, 10.15, 98.26
0, 4311429, 76912, 7514, 662.31, -65.37, 10.96, 10.75, 75.31
0, 4318786, 78114, 7633, 662.31, -65.37, 12.65, 9.97, 38.06
0, 4326984, 78794, 7695, 670.94, -65.62, 8.79, 11.21, -12.43
0, 4335624, 78766, 7721, 685.06, -67.00, 8.79, 11.21, -61.90
0, 4344333, 78186, 7743, 699.81, -68.31, 5.74, 10.21, -93.73
0, 4352917, 77495, 7714, 706.00, -68.75, 7.45, 10.03, -98.33
0, 4361596, 76816, 7652, 703.69, -68.87, 11.48, 11.49, -74.61
0, 4369016, 76383, 7612, 703.69, -68.87, 11.77, 9.38, -36.72
0, 4377101, 76208, 7593, 696.62, -68.87, 11.41, 9.03, 13.16
0, 4385798, 76404, 7566, 689.56, -68.25, 11.41, 9.03, 62.75
0, 4394996, 77122, 7549, 683.87, -67.81, 13.87, 10.24, 95.10
0, 4403591, 78258, 7644, 682.56, -67.69, 11.92, 9.26, 97.47
0, 4412167, 79785, 7783, 685.94, -67.56, 14.09, 9.37, 72.18
0, 4418997, 80818, 7888, 685.94, -67.56, 13.01, 9.10, 36.84
0, 4427245, 81360, 7939, 695.12, -67.94, 8.82, 11.42, -14.05
0, 4436139, 81199, 7970, 710.12, -69.25, 5.87, 11.42, -64.41
0, 4444921, 80556, 7983, 724.75, -70.44, 5.87, 9.51, -94.95
0, 4453584, 80027, 7978, 729.81, -70.87, 9.16, 10.28, -97.48
0, 4462062, 79388, 7908, 726.62, -71.00, 14.59, 12.42, -72.63
0, 4469294, 78902, 7853, 726.62, -71.00, 10.66, 9.88, -35.09
0, 4477625, 78602, 7820, 719.94, -71.19, 11.92, 9.69, 16.41
0, 4486372, 78722, 7794, 713.37, -70.50, 14.58, 9.69, 65.52
0, 4495058, 79450, 7769, 707.06, -69.94, 14.58, 8.78, 95.22
0, 4503615, 80607, 7871, 704.12, -69.69, 13.98, 9.14, 97.43
0, 4512098, 82020, 7992, 706.81, -69.44, 14.67, 6.45, 72.48
0, 4519395, 83003, 8069, 706.81, -69.44, 11.20, 10.94, 34.50
0, 4527687, 83467, 8119, 716.75, -69.81, 8.75, 9.53, -16.80
0, 4536794, 83305, 8136, 731.56, -71.00, 8.01, 9.53, -67.50
0, 4545397, 82696, 8145, 745.19, -71.94, 8.01, 10.15, -95.85
0, 4554484, 81995, 8199, 750.06, -72.37, 9.95, 9.45, -96.06
0, 4564882, 81078, 8095, 747.44, -72.44, 11.95, 8.24, -59.38
0, 4572478, 80622, 8043, 740.19, -72.87, 11.27, 9.82, -15.79
0, 4579820, 80594, 8026, 740.19, -72.87, 11.86, 8.82, 29.82
0, 4588173, 80906, 7995, 732.31, -72.50, 14.75, 8.82, 73.63
0, 4596682, 81732, 7966, 724.87, -71.81, 14.54, 9.38, 97.83
0, 4605267, 82808, 8049, 722.75, -71.56, 14.54, 10.28, 94.58
0, 4615699, 84387, 8209, 726.56, -71.31, 14.91, 7.44, 55.17
0, 4623663, 85166, 8293, 736.12, -71.37, 13.43, 8.24, 8.40
0, 4630691, 85270, 8315, 736.12, -71.37, 9.59, 10.09, -34.99
0, 4639162, 84917, 8368, 749.50, -72.37, 8.90, 10.09, -77.69
0, 4646958, 84242, 8412, 762.81, -73.56, 10.26, 9.53, -98.18
0, 4655587, 83550, 8352, 767.75, -74.06, 10.26, 9.72, -93.90
0, 4666206, 82678, 8269, 764.37, -74.50, 11.15, 10.75, -52.49
0, 4674723, 82175, 8213, 756.44, -74.75, 12.14, 9.32, -1.75
0, 4681971, 82131, 8191, 748.44, -74.06, 12.31, 9.48, 42.41
0, 4691123, 82636, 8166, 748.44, -74.06, 15.28, 9.16, 84.84
0, 4698538, 83476, 8120, 740.81, -73.44, 15.38, 9.16, 99.58
0, 4706929, 84608, 8232, 737.31, -73.12, 14.29, 5.52, 90.67
0, 4717628, 86063, 8384, 740.75, -72.87, 13.00, 5.52, 44.69
0, 4726123, 86614, 8459, 750.87, -72.69, 13.00, 9.62, -7.04
0, 4734472, 86473, 8510, 764.25, -73.75, 10.00, 9.48, -56.06
0, 4743132, 85931, 8524, 776.56, -74.31, 9.90, 8.29, -90.83
0, 4750741, 85290, 8559, 776.56, -74.31, 11.25, 10.69, -99.89
0, 4758956, 84745, 8488, 780.69, -74.87, 11.93, 8.14, -84.58
0, 4768645, 84039, 8404, 777.19, -75.00, 11.91, 10.39, -38.88
0, 4777693, 83679, 8362, 769.62, -74.56, 12.08, 10.39, 16.83
0, 4786306, 83770, 8338, 762.81, -73.87, 12.08, 8.97, 65.21
0, 4795207, 84567, 8333, 756.06, -73.50, 14.77, 9.61, 95.50
0, 4803747, 85560, 8338, 752.44, -73.44, 15.14, 8.99, 97.24
0, 4811409, 86584, 8446, 752.44, -73.12, 11.92, 5.06, 75.39
0, 4819733, 87433, 8554, 754.87, -73.12, 13.08, 9.50, 32.50
0, 4828344, 87754, 8592, 764.81, -74.00, 10.09, 9.50, -20.85
0, 4836929, 87530, 8632, 777.25, -75.19, 11.10, 10.05, -68.12
0, 4845756, 86825, 8641, 788.06, -75.62, 11.10, 11.34, -96.46
0, 4854449, 86100, 8631, 791.81, -75.94, 10.86, 10.16, -96.12
0, 4864585, 85375, 8558, 788.75, -76.06, 11.58, 10.15, -60.87
0, 4871646, 85023, 8517, 788.75, -76.06, 11.76, 8.89, -20.92
0, 4879726, 84954, 8499, 780.50, -75.62, 12.36, 8.84, 29.25
0, 4888479, 85264, 8477, 773.19, -75.06, 13.46, 8.84, 74.92
0, 4896736, 86140, 8447, 766.81, -74.81, 14.65, 10.60, 97.90
0, 4905551, 87111, 8514, 764.81, -74.69, 14.65, 8.56, 93.98
0, 4915088, 88337, 8649, 768.25, -74.37, 11.57, 11.60, 58.34
0, 4921902, 88967, 8722, 768.25, -74.37, 12.14, 10.85, 19.35
0, 4930099, 89076, 8747, 778.25, -75.37, 10.40, 10.29, -31.49
0, 4938846, 88777, 8762, 789.81, -76.50, 11.40, 10.29, -76.43
0, 4947160, 88020, 8772, 801.31, -76.87, 10.64, 10.06, -98.41
0, 4955837, 87311, 8745, 805.00, -77.06, 10.64, 9.65, -93.35
0, 4965364, 86548, 8672, 802.00, -77.19, 10.20, 11.47, -56.92
0, 4972413, 86181, 8635, 802.00, -76.75, 10.78, 9.13, -16.19
0, 4980332, 86166, 8619, 793.81, -76.75, 12.61, 9.97, 32.87
0, 4989079, 86538, 8602, 785.75, -76.19, 13.62, 9.97, 77.36
0, 4997187, 87423, 8553, 778.62, -75.94, 14.63, 10.61, 98.44
0, 5005736, 88435, 8662, 776.56, -75.81, 14.63, 9.26, 93.58
0, 5015352, 89740, 8801, 780.25, -75.56, 11.80, 10.09, 56.98
0, 5022160, 90358, 8870, 780.25, -75.56, 11.51, 10.32, 17.76
0, 5030573, 90438, 8892, 790.31, -76.62, 10.54, 10.34, -34.30
0, 5039278, 90086, 8891, 802.56, -77.75, 12.06, 10.34, -78.15
0, 5047194, 89282, 8899, 814.50, -78.19, 10.88, 9.73, -98.45
0, 5055985, 88575, 8859, 818.19, -78.25, 10.88, 9.84, -93.01
0, 5066081, 87791, 8791, 814.94, -78.25, 14.18, 13.54, -53.16
0, 5073002, 87460, 8757, 806.25, -77.81, 11.30, 8.98, -12.53
0, 5080939, 87452, 8742, 806.25, -77.81, 12.05, 9.25, 36.45
0, 5090227, 87903, 8720, 798.25, -77.31, 12.94, 9.25, 81.73
0, 5097732, 88781, 8683, 791.37, -77.06, 14.63, 10.42, 98.99
0, 5106359, 89892, 8814, 789.12, -76.94, 14.63, 9.05, 92.13
0, 5116436, 91335, 8963, 792.50, -76.81, 13.39, 7.45, 51.26
0, 5123237, 91982, 9031, 802.81, -76.81, 9.69, 9.64, 11.06
0, 5131180, 92020, 9051, 802.81, -77.87, 10.79, 10.65, -37.86
0, 5140310, 91624, 9045, 815.75, -79.06, 12.59, 10.65, -82.03
0, 5147942, 90853, 9056, 828.62, -79.62, 11.67, 10.05, -99.16
0, 5156833, 90151, 8994, 833.31, -79.62, 13.42, 9.75, -90.93
0, 5167180, 89277, 8915, 830.31, -79.62, 13.42, 11.73, -47.19
0, 5174362, 88930, 8882, 822.25, -79.12, 10.80, 9.77, -4.01
0, 5182015, 89005, 8850, 822.25, -79.12, 11.24, 8.86, 42.66
0, 5192106, 89602, 8851, 814.12, -78.50, 12.83, 8.86, 87.95
0, 5199358, 90459, 8870, 806.37, -78.19, 13.85, 10.70, 99.92
0, 5207459, 91618, 8991, 803.81, -78.06, 13.27, 10.26, 89.22
0, 5217986, 93210, 9138, 807.25, -78.19, 13.27, 6.25, 42.66
0, 5225338, 93736, 9189, 817.06, -79.25, 8.86, 9.52, -2.12
0, 5232910, 93629, 9200, 817.06, -79.25, 11.27, 11.32, -47.67
0, 5242610, 93020, 9200, 844.19, -80.44, 13.22, 11.32, -89.41
0, 5249617, 92335, 9205, 844.19, -81.06, 11.86, 9.89, -99.97
0, 5257426, 91692, 9144, 848.87, -81.06, 13.49, 9.48, -89.31
0, 5268061, 90909, 9068, 845.50, -81.06, 13.49, 11.28, -42.24
0, 5275891, 90682, 9044, 837.37, -80.56, 10.64, 10.89, 5.59
0, 5283177, 90787, 9024, 829.56, -80.56, 10.79, 8.37, 49.14
0, 5292729, 91472, 9029, 822.94, -79.94, 11.69, 8.37, 89.74
0, 5299745, 92351, 9055, 822.94, -79.69, 13.47, 10.92, 99.99
0, 5307575, 93508, 9164, 820.69, -79.69, 11.13, 11.17, 88.89
0, 5318134, 95080, 9307, 824.12, -79.81, 11.13, 5.59, 41.82
0, 5325558, 95514, 9346, 834.31, -80.81, 8.26, 10.29, -3.50
0, 5333129, 95331, 9355, 847.87, -80.81, 9.60, 10.65, -48.88
0, 5342976, 94664, 9357, 861.00, -82.06, 12.62, 10.65, -90.42
0, 5350126, 94114, 9343, 861.00, -82.56, 11.68, 10.54, -100.00
0, 5357706, 93547, 9293, 864.87, -82.56, 11.02, 9.02, -88.51
0, 5368417, 92757, 9235, 861.12, -82.50, 11.02, 12.32, -40.20
0, 5376020, 92483, 9211, 854.00, -82.06, 10.57, 10.48, 6.40
0, 5383454, 92592, 9202, 847.25, -82.06, 9.56, 9.02, 50.65
0, 5393180, 93300, 9202, 840.44, -81.50, 10.37, 9.02, 90.96
0, 5400222, 94176, 9222, 840.44, -81.25, 11.98, 10.12, 99.99
0, 5407748, 95282, 9324, 837.69, -81.25, 9.62, 9.36, 88.39
0, 5418191, 96564, 9450, 840.81, -81.37, 9.62, 8.25, 41.50
0, 5424833, 96912, 9488, 850.56, -82.25, 7.94, 10.85, 1.06
0, 5432675, 96778, 9496, 863.44, -82.25, 11.44, 10.62, -46.37
0, 5442559, 96193, 9497, 863.44, -83.37, 12.14, 10.62, -89.27
0, 5449399, 95579, 9487, 874.31, -83.87, 11.74, 10.28, -99.93
0, 5457529, 94848, 9407, 877.50, -83.87, 10.94, 8.43, -89.02
0, 5467342, 94090, 9340, 874.31, -83.81, 10.94, 13.53, -46.29
0, 5474489, 93809, 9313, 867.12, -83.81, 9.54, 8.81, -3.22
0, 5482603, 93880, 9306, 859.19, -83.19, 8.91, 9.08, 45.97
0, 5492603, 94533, 9306, 859.19, -82.50, 9.26, 9.08, 89.39
0, 5499432, 95312, 9329, 852.19, -82.25, 11.12, 8.85, 99.94
0, 5507570, 96271, 9418, 849.87, -82.25, 6.48, 10.51, 88.90
0, 5517187, 97390, 9531, 852.75, -82.37, 6.48, 9.48, 47.15
0, 5524359, 97832, 9575, 861.75, -82.37, 8.80, 9.92, 4.03
0, 5532722, 97710, 9584, 861.75, -83.19, 9.88, 10.34, -46.63
0, 5542769, 97174, 9585, 882.37, -84.19, 11.56, 10.34, -89.85
0, 5549758, 96522, 9580, 882.37, -84.69, 10.80, 9.93, -99.99
0, 5557680, 95798, 9504, 885.69, -84.69, 11.46, 8.34, -88.58
0, 5567399, 94942, 9417, 882.94, -84.69, 11.46, 14.68, -45.97
0, 5574589, 94579, 9379, 876.12, -84.69, 9.52, 8.98, -2.59
0, 5582901, 94628, 9372, 868.00, -84.12, 8.46, 9.14, 47.62
0, 5592762, 95291, 9371, 860.06, -83.25, 8.36, 9.14, 89.83
0, 5599509, 96040, 9397, 860.06, -82.87, 8.01, 8.65, 99.95
0, 5607623, 97007, 9494, 856.81, -82.87, 6.21, 10.63, 88.75
0, 5617294, 98216, 9610, 859.50, -83.00, 6.21, 8.44, 46.55
0, 5624690, 98652, 9655, 868.19, -83.00, 8.20, 9.41, 1.96
0, 5633081, 98536, 9664, 868.19, -83.81, 9.62, 10.79, -48.61
0, 5642870, 97896, 9665, 889.37, -84.87, 10.09, 10.79, -90.13
0, 5649776, 97346, 9664, 889.37, -85.37, 12.06, 11.39, -99.99
0, 5657683, 96697, 9589, 892.87, -85.37, 9.41, 9.69, -88.58
0, 5667455, 95837, 9507, 890.00, -85.44, 9.41, 12.39, -45.66
0, 5675344, 95426, 9464, 883.06, -85.44, 9.34, 8.77, 2.15
0, 5683465, 95436, 9453, 876.00, -84.94, 8.19, 9.38, 50.71
0, 5693108, 96115, 9452, 868.37, -84.12, 7.95, 9.38, 90.77
0, 5700065, 96949, 9489, 868.37, -83.69, 7.34, 8.89, 100.00
0, 5707880, 97965, 9586, 864.37, -83.62, 7.61, 10.21, 87.99
0, 5717616, 99215, 9707, 866.44, -83.75, 7.61, 6.02, 44.76
0, 5725131, 99718, 9759, 875.44, -83.75, 6.90, 9.37, -0.82
0, 5733618, 99601, 9769, 886.75, -84.56, 10.24, 11.96, -51.53
0, 5743433, 98985, 9769, 897.75, -85.69, 9.91, 11.96, -91.60
0, 5750335, 98387, 9781, 897.75, -86.31, 12.65, 10.55, -99.98
0, 5758046, 97735, 9702, 902.19, -86.37, 9.99, 9.09, -87.49
0, 5768035, 96993, 9627, 899.69, -86.44, 9.99, 12.38, -42.39
0, 5775663, 96650, 9585, 892.87, -86.44, 7.32, 8.24, 4.16
0, 5783936, 96727, 9574, 885.69, -86.12, 7.84, 9.48, 53.24
0, 5793579, 97462, 9573, 878.94, -85.31, 6.91, 9.48, 91.97
0, 5800391, 98234, 9613, 878.94, -84.87, 6.54, 8.85, 99.97
0, 5808117, 99228, 9707, 875.56, -84.81, 9.40, 12.37, 87.28
0, 5817538, 100500, 9836, 877.87, -84.87, 9.40, 5.61, 45.19
0, 5825122, 101052, 9894, 886.56, -84.87, 6.73, 11.58, -0.76
0, 5833808, 100949, 9903, 897.44, -85.62, 8.68, 10.75, -52.55
0, 5843328, 100284, 9906, 908.69, -86.81, 10.34, 10.75, -91.34
0, 5850567, 99725, 9931, 908.69, -87.56, 11.13, 10.53, -99.94
0, 5858298, 99110, 9875, 913.62, -87.62, 8.85, 9.33, -86.72
0, 5868263, 98354, 9770, 911.06, -87.75, 8.85, 11.43, -41.08
0, 5876211, 98057, 9729, 904.31, -87.75, 7.37, 10.64, 7.59
0, 5884443, 98192, 9705, 897.56, -87.69, 6.52, 7.57, 55.91
0, 5894870, 99027, 9703, 891.06, -86.81, 5.62, 7.57, 94.85
0, 5902622, 99886, 9773, 891.06, -86.19, 6.46, 11.31, 98.65
0, 5909707, 100898, 9875, 888.00, -85.94, 4.27, 8.19, 81.97
0, 5919064, 102217, 10011, 890.37, -86.00, 4.27, 8.38, 36.45
0, 5926536, 102807, 10071, 901.50, -86.00, 7.00, 9.20, -9.63
0, 5935074, 102692, 10085, 912.44, -86.87, 9.30, 10.62, -59.15
0, 5945973, 101879, 10107, 924.56, -88.25, 10.28, 9.87, -96.81
0, 5954883, 101157, 10130, 922.50, -89.19, 12.57, 9.87, -95.33
0, 5962383, 100441, 10041, 922.50, -89.37, 5.25, 9.68, -71.23
0, 5972019, 99835, 9962, 916.19, -89.56, 8.62, 11.49, -18.63
0, 5979695, 99739, 9931, 908.81, -88.56, 5.95, 8.68, 29.07
0, 5986894, 100032, 9871, 901.94, -88.00, 5.95, 9.30, 67.96
0, 5996443, 100986, 9884, 898.75, -88.00, 4.52, 11.69, 97.51
0, 6005025, 102081, 9995, 901.69, -87.50, 3.37, 11.69, 95.06
0, 6012515, 103432, 10124, 901.69, -87.37, 5.41, 7.97, 70.65
0, 6021874, 104667, 10236, 910.25, -88.44, 6.31, 9.27, 19.52
0, 6029568, 104834, 10272, 922.19, -89.94, 10.92, 10.37, -28.30
0, 6038323, 104462, 10292, 936.00, -90.75, 13.23, 10.75, -74.27
0, 6049372, 103518, 10327, 941.56, -91.00, 11.62, 8.97, -99.92
0, 6058073, 102631, 10274, 938.94, -91.19, 6.30, 10.14, -87.41
0, 6067184, 101749, 10198, 932.19, -91.19, 6.30, 11.28, -47.17
0, 6075561, 101286, 10145, 923.94, -91.12, 8.39, 10.07, 3.52
0, 6084340, 101316, 10112, 915.94, -90.37, 4.55, 10.07, 55.37
0, 6093968, 102074, 10056, 911.87, -89.81, 4.05, 8.63, 92.90
0, 6100777, 102985, 10087, 911.87, -89.50, 4.29, 10.16, 99.88
0, 6108559, 104377, 10208, 913.50, -89.06, 2.81, 11.53, 85.89
0, 6117099, 105750, 10368, 922.06, -89.06, 2.81, 11.22, 47.64
0, 6125683, 106404, 10453, 935.75, -89.87, 9.27, 10.13, -4.28
0, 6134520, 106325, 10491, 948.94, -91.37, 10.48, 10.13, -56.31
0, 6145552, 105633, 10503, 954.50, -92.44, 10.51, 12.18, -96.12
0, 6154546, 104805, 10483, 952.87, -92.81, 10.30, 9.90, -95.95
0, 6161968, 103962, 10399, 952.87, -92.94, 7.87, 8.80, -73.04
0, 6171193, 103099, 10313, 947.06, -92.75, 8.21, 11.02, -23.70
0, 6178321, 102788, 10283, 938.94, -92.75, 8.21, 9.55, 20.71
0, 6186810, 102992, 10247, 930.19, -91.75, 5.62, 8.37, 67.57
0, 6196710, 103936, 10174, 924.94, -91.12, 4.32, 10.71, 97.87
0, 6205295, 105118, 10282, 926.56, -90.87, 4.22, 10.71, 94.52
0, 6212771, 106351, 10437, 926.56, -90.31, 3.16, 10.18, 69.50
0, 6221062, 107386, 10563, 934.56, -91.06, 8.35, 9.58, 24.50
0, 6228359, 107746, 10609, 946.44, -91.06, 10.08, 11.27, -20.94
0, 6238149, 107532, 10650, 958.87, -93.75, 9.96, 10.54, -73.53
0, 6247756, 106752, 10676, 965.12, -93.75, 9.96, 9.33, -99.01
0, 6256528, 105713, 10572, 964.06, -94.06, 9.17, 11.53, -91.71
0, 6265227, 104742, 10478, 957.87, -94.37, 7.29, 11.53, -57.63
0, 6273745, 104053, 10403, 957.87, -93.75, 8.59, 9.58, -7.89
0, 6281467, 103823, 10375, 948.50, -92.75, 6.33, 9.93, 39.52
0, 6288764, 104140, 10355, 939.50, -92.06, 4.81, 7.99, 76.09
0, 6298205, 105167, 10287, 934.00, -92.06, 5.22, 9.84, 99.36
0, 6307125, 106441, 10448, 934.94, -91.81, 5.22, 10.18, 90.15
0, 6315649, 107777, 10604, 943.12, -91.37, 9.14, 10.18, 55.44
0, 6324109, 108676, 10701, 943.12, -92.12, 8.28, 7.39, 5.60
0, 6331487, 108873, 10731, 954.62, -93.69, 10.44, 10.96, -39.63
0, 6340122, 108497, 10791, 967.12, -94.69, 8.74, 9.74, -81.35
0, 6349017, 107708, 10769, 974.25, -95.06, 8.10, 8.94, -99.81
0, 6357743, 106710, 10672, 973.31, -95.06, 8.10, 9.65, -88.40
0, 6366844, 105684, 10570, 966.87, -95.44, 9.01, 10.00, -49.04
0, 6375654, 105069, 10505, 957.87, -94.75, 9.02, 10.00, 4.10
0, 6384073, 105011, 10486, 948.62, -93.69, 6.86, 9.49, 53.96
0, 6392082, 105562, 10472, 948.62, -93.00, 5.57, 8.76, 87.87
0, 6399594, 106415, 10438, 943.31, -92.81, 6.50, 9.91, 99.97
0, 6408228, 107702, 10595, 944.19, -92.81, 8.75, 8.09, 86.94
0, 6417330, 109179, 10746, 951.94, -92.56, 8.75, 9.09, 46.36
0, 6426032, 110055, 10835, 963.44, -93.31, 9.01, 9.09, -6.47
0, 6434462, 110026, 10878, 976.62, -94.69, 10.44, 11.34, -56.00
0, 6443382, 109419, 10910, 976.62, -95.69, 8.41, 9.80, -91.48
0, 6450461, 108855, 10873, 984.69, -96.19, 6.35, 9.59, -99.96
0, 6458724, 107996, 10798, 983.56, -96.19, 9.34, 11.66, -85.35
0, 6467801, 107064, 10708, 977.37, -96.37, 9.34, 9.59, -43.71
0, 6476783, 106483, 10648, 969.56, -95.81, 8.50, 9.59, 11.17
0, 6485551, 106449, 10630, 961.06, -95.00, 8.41, 9.41, 61.54
0, 6494939, 107188, 10609, 955.44, -94.31, 7.30, 9.15, 94.98
0, 6502506, 108055, 10634, 955.44, -94.06, 7.90, 11.28, 98.76
0, 6510064, 109349, 10762, 955.56, -94.00, 7.60, 5.96, 80.67
0, 6518639, 110866, 10914, 962.44, -94.00, 7.60, 9.55, 38.92
0, 6527352, 111747, 11022, 973.94, -94.44, 9.43, 9.55, -14.72
0, 6536285, 111744, 11067, 988.75, -95.87, 10.25, 10.02, -65.11
0, 6547539, 110990, 11081, 998.37, -97.19, 7.55, 9.82, -98.81
0, 6556709, 110426, 11030, 998.81, -97.69, 6.90, 9.82, -91.25
0, 6565313, 109731, 10960, 993.50, -97.87, 10.90, 11.55, -57.18
0, 6574228, 109151, 10908, 988.06, -97.56, 7.90, 9.90, -4.86
0, 6581856, 109113, 10893, 988.06, -96.87, 9.00, 8.79, 41.75
0, 6589434, 109503, 10881, 981.37, -96.37, 9.69, 8.84, 78.76
0, 6598789, 110483, 10877, 977.06, -96.37, 9.43, 8.40, 99.71
0, 6607487, 111914, 11031, 978.81, -96.25, 9.43, 8.40, 89.14
0, 6616219, 113793, 11219, 986.37, -96.12, 9.79, 7.50, 52.42
0, 6624211, 115092, 11340, 986.37, -97.00, 10.70, 8.40, 4.96
0, 6631507, 115418, 11375, 999.19, -98.75, 10.25, 10.75, -39.75
0, 6640584, 115016, 11403, 1017.00, -100.19, 4.14, 10.64, -83.00
0, 6650786, 114267, 11381, 1029.13, -100.56, 9.02, 9.27, -99.88
0, 6660378, 113405, 11312, 1029.31, -100.75, 10.57, 12.10, -79.49
0, 6670342, 112583, 11239, 1023.50, -100.75, 9.24, 10.36, -28.86
0, 6679940, 112374, 11216, 1016.37, -100.31, 10.99, 9.10, 30.53
0, 6689873, 112780, 11187, 1008.75, -99.12, 11.87, 8.40, 80.42
0, 6699310, 113775, 11217, 1004.62, -99.12, 11.01, 9.25, 99.91
0, 6707896, 115366, 11357, 1006.44, -99.00, 11.01, 9.25, 87.95
0, 6716639, 117172, 11533, 1013.50, -98.94, 13.11, 9.61, 50.16
0, 6724396, 118050, 11621, 1027.88, -99.81, 11.39, 9.81, 3.80
0, 6731411, 118138, 11644, 1027.88, -101.44, 5.63, 11.33, -39.19
0, 6740670, 117688, 11674, 1045.69, -102.56, 4.90, 10.82, -83.30
0, 6750960, 117033, 11667, 1054.75, -102.56, 8.61, 9.86, -99.82
0, 6760568, 116352, 11597, 1053.44, -103.12, 12.57, 11.56, -78.76
0, 6770579, 115633, 11519, 1047.81, -103.12, 10.66, 9.75, -27.43
0, 6780282, 115324, 11484, 1041.88, -102.87, 10.93, 9.49, 32.57
0, 6789814, 115651, 11450, 1035.44, -102.19, 13.60, 9.06, 80.20
0, 6800532, 116885, 11507, 1030.75, -101.62, 13.07, 10.37, 99.94
0, 6810049, 118350, 11628, 1031.38, -101.44, 14.76, 7.22, 80.73
0, 6819890, 119658, 11736, 1038.88, -101.25, 11.13, 10.20, 31.57
0, 6829394, 120188, 11794, 1051.69, -102.06, 9.45, 9.74, -27.25
0, 6838739, 119895, 11815, 1065.19, -103.12, 6.85, 10.82, -75.99
0, 6850295, 119090, 11899, 1073.25, -103.94, 9.76, 9.33, -99.98
0, 6859586, 118317, 11814, 1072.56, -104.25, 13.53, 11.12, -82.41
0, 6868788, 117570, 11727, 1066.56, -104.37, 13.53, 11.12, -38.06
0, 6878417, 117305, 11695, 1059.63, -104.75, 10.19, 10.89, 21.30
0, 6887086, 117530, 11657, 1052.00, -104.00, 12.62, 9.05, 68.84
0, 6897992, 118465, 11641, 1048.00, -103.37, 14.52, 9.77, 99.20
0, 6906665, 119422, 11712, 1049.50, -103.19, 14.43, 9.27, 91.36
0, 6914468, 120539, 11822, 1056.69, -103.00, 11.67, 8.30, 61.46
0, 6921633, 121296, 11905, 1056.69, -103.00, 13.66, 10.05, 21.01
0, 6930185, 121508, 11932, 1066.63, -103.31, 8.88, 10.96, -32.00
0, 6940118, 121070, 11960, 1079.31, -104.31, 7.38, 10.15, -81.33
0, 6951593, 120260, 12014, 1086.31, -105.19, 10.59, 9.93, -99.50
0, 6961112, 119559, 11946, 1084.63, -105.44, 13.66, 12.43, -76.61
0, 6971386, 118856, 11874, 1078.31, -105.69, 10.11, 9.55, -22.52
0, 6981282, 118567, 11837, 1072.00, -105.94, 12.57, 9.26, 38.45
0, 6991399, 119016, 11782, 1065.06, -105.31, 15.22, 10.00, 85.74
0, 7001929, 120179, 11790, 1060.00, -104.75, 14.53, 9.41, 99.27
0, 7011251, 121482, 11919, 1060.50, -104.50, 13.69, 7.19, 76.04
0, 7021179, 122585, 12043, 1067.75, -104.19, 12.59, 9.70, 23.79
0, 7031310, 122827, 12079, 1079.38, -104.37, 9.28, 9.89, -38.61
0, 7041513, 122365, 12111, 1092.06, -106.44, 8.32, 9.86, -86.11
0, 7052154, 121601, 12169, 1098.94, -106.44, 10.02, 9.79, -99.09
0, 7061397, 120963, 12096, 1097.75, -106.69, 11.91, 12.60, -75.44
0, 7071611, 120335, 12020, 1091.75, -106.87, 11.31, 10.08, -21.14
0, 7081616, 120203, 11995, 1085.19, -107.31, 12.87, 9.17, 40.37
0, 7091776, 120707, 11975, 1078.56, -106.69, 14.19, 8.66, 86.94
0, 7102290, 121797, 11958, 1074.63, -106.12, 15.22, 10.71, 98.97
0, 7111276, 122905, 12072, 1075.75, -105.94, 11.95, 6.38, 75.94
0, 7120933, 123859, 12182, 1083.00, -105.81, 13.31, 9.37, 25.29
0, 7130817, 124074, 12218, 1093.63, -105.62, 9.39, 9.89, -35.73
0, 7140868, 123600, 12245, 1105.00, -106.69, 9.86, 9.09, -83.98
0, 7152176, 122817, 12290, 1111.19, -107.62, 10.76, 9.58, -99.07
0, 7161180, 122237, 12232, 1109.56, -107.87, 12.52, 8.11, -76.33
0, 7170721, 121722, 12178, 1103.25, -108.12, 11.82, 9.22, -26.57
0, 7180663, 121574, 12156, 1096.94, -108.50, 12.60, 9.22, 34.83
0, 7190366, 122001, 12132, 1091.19, -108.00, 14.27, 8.98, 82.23
0, 7201727, 123158, 12104, 1087.56, -107.50, 16.23, 10.09, 99.41
0, 7210622, 124147, 12213, 1089.00, -107.37, 11.99, 10.09, 78.55
0, 7220278, 125133, 12317, 1096.69, -107.19, 12.11, 6.63, 29.24
0, 7229598, 125402, 12353, 1106.75, -108.19, 12.11, 10.22, -28.48
0, 7239126, 125048, 12369, 1117.63, -109.06, 10.25, 9.96, -77.55
0, 7250085, 124202, 12428, 1124.00, -109.37, 11.47, 8.74, -100.00
0, 7259047, 123572, 12372, 1122.38, -109.50, 11.47, 9.43, -84.28
0, 7268529, 122978, 12311, 1115.88, -109.87, 13.07, 8.37, -39.56
0, 7276213, 122759, 12283, 1108.94, -109.37, 11.42, 9.47, 7.60
0, 7283225, 122865, 12254, 1108.94, -109.37, 13.28, 8.92, 49.40
0, 7291786, 123441, 12238, 1102.44, -108.87, 14.13, 11.26, 86.97
0, 7301760, 124416, 12250, 1098.94, -108.69, 14.28, 11.26, 99.39
0, 7311987, 125636, 12371, 1100.94, -108.44, 13.18, 9.17, 72.96
0, 7321561, 126588, 12474, 1109.00, -108.37, 12.58, 10.43, 21.45
0, 7331733, 126738, 12502, 1119.06, -109.44, 9.59, 10.04, -41.05
0, 7342159, 126198, 12511, 1130.81, -110.37, 10.99, 9.64, -88.10
0, 7353661, 125312, 12521, 1137.25, -110.62, 11.20, 8.99, -97.37
0, 7362429, 124753, 12475, 1136.00, -110.75, 10.82, 11.13, -71.03
0, 7371997, 124227, 12432, 1129.31, -110.94, 11.57, 9.25, -18.77
0, 7382167, 124133, 12415, 1122.44, -110.50, 12.44, 9.42, 43.52
0, 7392512, 124704, 12396, 1116.31, -110.12, 14.30, 10.31, 89.13
0, 7404264, 125993, 12412, 1112.19, -110.00, 15.25, 9.27, 96.44
0, 7412967, 127052, 12519, 1113.19, -109.94, 13.33, 9.27, 68.61
0, 7422019, 127933, 12610, 1120.94, -109.62, 11.77, 10.89, 18.63
0, 7432188, 128107, 12639, 1131.69, -110.56, 10.18, 9.96, -43.64
0, 7442477, 127616, 12652, 1143.25, -111.50, 11.36, 10.58, -89.03
0, 7454582, 126564, 12628, 1150.38, -111.81, 11.29, 9.46, -95.89
0, 7462955, 125981, 12576, 1149.81, -112.00, 12.06, 12.40, -68.67
0, 7472398, 125514, 12538, 1143.31, -111.94, 11.47, 8.88, -16.29
0, 7482435, 125446, 12524, 1135.19, -111.44, 12.72, 9.04, 45.03
0, 7492505, 126039, 12513, 1128.88, -111.12, 13.68, 10.78, 89.11
0, 7504574, 127434, 12557, 1124.94, -111.00, 15.05, 10.78, 95.90
0, 7512714, 128510, 12668, 1125.88, -110.94, 13.11, 8.65, 69.76
0, 7521581, 129490, 12758, 1133.94, -110.87, 11.15, 8.47, 21.33
0, 7531018, 129670, 12786, 1145.38, -111.87, 11.15, 10.04, -36.91
0, 7540435, 129220, 12796, 1158.06, -112.81, 11.26, 9.94, -82.47
0, 7551964, 128230, 12785, 1165.69, -113.19, 11.82, 9.42, -99.24
0, 7560705, 127683, 12734, 1164.50, -113.25, 13.73, 8.27, -78.23
0, 7569980, 127155, 12680, 1157.44, -113.25, 13.73, 11.43, -31.03
0, 7577845, 127012, 12666, 1150.13, -112.75, 11.55, 9.41, 17.77
0, 7585259, 127195, 12655, 1144.00, -112.31, 12.34, 9.42, 60.08
0, 7594675, 128041, 12654, 1144.00, -112.31, 13.07, 9.20, 94.45
0, 7604782, 129213, 12731, 1140.38, -112.19, 14.01, 9.92, 95.52
0, 7611980, 130262, 12826, 1142.19, -112.19, 10.72, 9.92, 72.99
0, 7620413, 131265, 12917, 1150.63, -112.31, 10.72, 5.93, 28.43
0, 7627954, 131504, 12942, 1162.44, -113.37, 10.41, 9.58, -18.44
0, 7635450, 131310, 12947, 1176.00, -113.37, 10.59, 11.37, -61.03
0, 7644691, 130592, 12948, 1176.00, -114.31, 11.01, 9.47, -94.48
0, 7656235, 129676, 12922, 1181.56, -114.62, 12.27, 10.29, -92.43
0, 7665492, 129027, 12864, 1174.38, -114.62, 12.43, 9.93, -56.26
0, 7674493, 128720, 12834, 1174.38, -114.62, 11.73, 9.30, -3.20
0, 7684486, 128802, 12821, 1166.88, -114.19, 11.97, 8.78, 56.13
0, 7695502, 129670, 12820, 1157.00, -113.75, 12.25, 9.24, 96.03
0, 7706461, 131063, 12899, 1158.00, -113.62, 12.68, 10.38, 91.88
0, 7715117, 132265, 13007, 1158.00, -113.69, 11.73, 5.11, 58.19
0, 7723928, 132901, 13074, 1165.75, -113.69, 9.65, 9.47, 6.74
0, 7732606, 132864, 13086, 1177.88, -114.69, 11.51, 9.47, -45.98
0, 7742526, 132264, 13086, 1190.75, -115.62, 10.83, 9.84, -89.17
0, 7754156, 131230, 13049, 1196.75, -115.94, 12.42, 9.84, -96.61
0, 7763419, 130553, 12993, 1195.38, -115.87, 11.91, 9.72, -66.52
0, 7772347, 130079, 12952, 1188.19, -115.87, 11.41, 10.53, -16.60
0, 7782261, 130033, 12932, 1180.38, -115.25, 10.73, 9.41, 44.05
0, 7792103, 130576, 12926, 1173.50, -114.81, 12.16, 9.74, 87.94
0, 7803888, 132075, 12991, 1169.56, -114.62, 13.04, 9.48, 97.03
0, 7812708, 133168, 13101, 1170.50, -114.62, 9.55, 11.43, 69.79
0, 7822123, 134145, 13194, 1178.50, -114.75, 9.81, 7.28, 17.99
0, 7830246, 134284, 13216, 1190.50, -115.75, 9.81, 10.42, -32.36
0, 7838253, 133946, 13221, 1202.06, -116.75, 10.76, 10.66, -73.97
0, 7850385, 132892, 13229, 1209.31, -117.12, 12.50, 9.41, -99.97
0, 7860385, 132028, 13139, 1208.00, -117.12, 10.13, 9.25, -79.46
0, 7870477, 131304, 13061, 1201.06, -117.12, 10.13, 13.08, -28.05
0, 7878449, 131084, 13036, 1193.13, -116.44, 10.34, 9.51, 21.49
0, 7886967, 131335, 13020, 1185.13, -115.75, 10.61, 8.81, 68.30
0, 7897109, 132401, 13016, 1180.19, -115.50, 11.70, 10.84, 98.35
0, 7907327, 133615, 13144, 1181.31, -115.50, 10.03, 9.48, 89.59
0, 7915594, 134807, 13257, 1181.31, -115.44, 9.29, 9.48, 55.73
0, 7922874, 135475, 13326, 1189.63, -115.69, 9.37, 9.09, 13.33
0, 7931344, 135485, 13348, 1200.75, -116.75, 9.37, 10.02, -38.80
0, 7939586, 135060, 13349, 1213.63, -117.94, 10.79, 10.71, -79.34
0, 7950394, 134147, 13357, 1220.81, -118.31, 12.81, 10.41, -99.97
0, 7959758, 133466, 13281, 1219.25, -118.31, 12.81, 7.74, -81.79
0, 7969170, 132736, 13208, 1212.19, -118.37, 7.21, 12.62, -35.83
0, 7976178, 132457, 13179, 1212.19, -118.37, 10.30, 9.64, 7.38
0, 7984791, 132563, 13166, 1205.38, -117.75, 9.35, 9.10, 57.70
0, 7994298, 133363, 13165, 1198.31, -117.12, 10.57, 9.03, 93.65
0, 8005242, 134810, 13259, 1193.13, -116.81, 9.20, 9.03, 94.63
0, 8012353, 135877, 13367, 1193.88, -116.81, 7.39, 9.88, 71.37
0, 8020695, 136905, 13475, 1201.94, -116.94, 7.39, 9.79, 26.73
0, 8027340, 137202, 13508, 1214.19, -116.94, 9.90, 10.34, -14.64
0, 8035819, 137002, 13518, 1214.19, -118.12, 10.56, 10.18, -62.85
0, 8046030, 136187, 13522, 1235.31, -119.37, 10.78, 11.06, -96.90
0, 8058497, 135271, 13476, 1234.50, -119.87, 13.94, 6.86, -86.09
0, 8068262, 134610, 13398, 1228.13, -119.94, 5.77, 13.63, -41.09
0, 8076648, 134389, 13369, 1228.13, -120.06, 8.83, 9.04, 10.33
0, 8085250, 134552, 13352, 1221.13, -119.56, 8.42, 9.54, 60.03
0, 8094706, 135375, 13350, 1214.63, -118.87, 8.48, 8.10, 94.52
0, 8105356, 136716, 13455, 1210.94, -118.56, 8.32, 8.10, 94.39
0, 8112443, 137849, 13572, 1212.13, -118.56, 6.12, 10.29, 70.97
0, 8122194, 139291, 13724, 1219.69, -118.69, 6.12, 10.64, 17.55
0, 8131213, 139722, 13770, 1231.19, -119.87, 8.20, 8.67, -38.04
0, 8139372, 139350, 13783, 1245.19, -121.50, 9.75, 11.44, -78.51
0, 8151125, 138299, 13827, 1256.13, -122.31, 13.11, 9.98, -99.75
0, 8161296, 137427, 13736, 1257.00, -122.44, 5.32, 7.44, -75.86
0, 8171409, 136741, 13656, 1250.75, -122.69, 5.32, 12.67, -22.38
0, 8179466, 136581, 13617, 1243.13, -122.25, 9.31, 8.62, 27.68
0, 8186960, 136874, 13573, 1235.81, -122.25, 7.45, 9.08, 68.26
0, 8196596, 137913, 13581, 1231.06, -121.44, 6.48, 9.03, 97.72
0, 8206262, 139339, 13723, 1232.19, -121.00, 6.59, 9.03, 92.36
0, 8213125, 140654, 13843, 1232.19, -120.62, 5.24, 11.38, 67.89
0, 8222558, 141890, 13970, 1240.31, -120.94, 5.24, 4.57, 15.29
0, 8229927, 142096, 14005, 1252.69, -122.31, 6.63, 9.68, -30.45
0, 8238911, 141734, 14022, 1268.25, -123.81, 13.95, 11.84, -76.69
0, 8249907, 140724, 14056, 1277.38, -124.50, 13.14, 10.64, -100.00
0, 8260866, 139454, 13947, 1276.94, -124.62, 7.06, 9.71, -77.59
0, 8271207, 138508, 13861, 1270.88, -124.81, 7.06, 11.09, -23.62
0, 8279687, 138200, 13822, 1262.19, -124.31, 9.92, 9.30, 29.02
0, 8287162, 138433, 13772, 1252.63, -124.31, 6.31, 9.22, 69.19
0, 8297114, 139517, 13741, 1246.13, -123.37, 4.88, 10.41, 98.36
0, 8308120, 141271, 13897, 1245.94, -122.87, 5.43, 8.64, 87.27
0, 8315614, 142477, 14040, 1245.94, -122.37, 3.61, 8.64, 55.62
0, 8322857, 143202, 14124, 1253.56, -122.37, 3.61, 6.35, 13.43
0, 8330320, 143328, 14152, 1266.06, -123.62, 9.99, 11.30, -32.80
0, 8339280, 142971, 14181, 1280.06, -125.19, 11.95, 10.79, -78.15
0, 8350312, 141944, 14203, 1287.88, -125.81, 12.03, 9.78, -99.98
0, 8361281, 140570, 14071, 1287.44, -126.06, 7.63, 11.32, -75.92
0, 8371253, 139487, 13956, 1281.63, -126.19, 7.63, 11.64, -23.34
0, 8378878, 139137, 13914, 1272.81, -126.19, 8.60, 8.72, 24.12
0, 8387112, 139370, 13879, 1262.00, -125.62, 4.76, 9.49, 68.96
0, 8396772, 140426, 13822, 1254.44, -124.25, 3.47, 10.21, 97.95
0, 8407208, 141963, 13975, 1254.00, -123.69, 3.97, 10.21, 89.92
0, 8415422, 143254, 14124, 1254.00, -123.50, 5.04, 5.78, 56.62
0, 8422891, 144022, 14217, 1261.63, -123.25, 8.79, 8.89, 13.22
0, 8429717, 144190, 14244, 1273.44, -123.25, 8.79, 10.93, -29.20
0, 8438659, 143826, 14280, 1286.63, -124.75, 11.51, 10.36, -75.66
0, 8449805, 142777, 14305, 1294.69, -125.75, 11.49, 9.21, -99.99
0, 8460118, 141518, 14182, 1294.38, -125.75, 11.69, 9.81, -80.47
0, 8469938, 140325, 14036, 1288.38, -125.87, 7.75, 10.08, -31.28
0, 8476877, 139898, 13986, 1288.38, -125.25, 8.99, 10.08, 11.76
0, 8486189, 139927, 13960, 1279.50, -123.81, 3.07, 9.21, 64.64
0, 8496101, 140904, 13873, 1268.56, -123.12, 4.17, 8.67, 97.01
0, 8506233, 142325, 14022, 1260.63, -122.87, 1.88, 11.66, 92.43
0, 8513614, 143477, 14152, 1259.50, -122.44, 4.62, 7.07, 65.60
0, 8521668, 144405, 14256, 1266.25, -123.75, 4.62, 11.25, 20.79
0, 8528645, 144711, 14301, 1277.81, -123.75, 8.49, 10.46, -22.69
0, 8537760, 144456, 14337, 1290.50, -125.19, 11.11, 9.61, -71.85
0, 8548310, 143507, 14367, 1298.69, -125.94, 10.78, 9.39, -99.44
0, 8559450, 142154, 14248, 1299.00, -126.25, 10.56, 10.33, -82.89
0, 8568126, 141063, 14125, 1293.25, -126.44, 8.04, 10.33, -41.87
0, 8575867, 140463, 14046, 1293.25, -125.75, 8.66, 9.88, 5.43
0, 8583889, 140408, 14024, 1284.25, -124.44, 2.79, 9.62, 52.98
0, 8591265, 140941, 14008, 1273.44, -123.62, 3.94, 8.51, 85.31
0, 8601959, 142270, 14021, 1265.25, -123.44, 1.74, 9.45, 99.24
0, 8611177, 143630, 14167, 1264.25, -123.12, 6.54, 6.13, 76.34
0, 8620174, 144883, 14306, 1271.56, -123.12, 6.54, 6.13, 29.87
0, 8626836, 145381, 14379, 1282.38, -124.25, 7.53, 11.16, -11.50
0, 8636876, 145268, 14414, 1294.88, -125.75, 10.18, 11.26, -67.88
0, 8648062, 144363, 14451, 1304.19, -126.69, 11.66, 8.70, -99.26
0, 8659645, 142973, 14333, 1305.25, -127.00, 10.08, 13.00, -82.20
0, 8669774, 141741, 14204, 1300.25, -127.19, 8.72, 13.00, -32.26
0, 8678009, 141153, 14121, 1291.44, -126.56, 8.27, 9.52, 18.78
0, 8686893, 141216, 14095, 1280.75, -125.37, 4.00, 9.64, 67.95
0, 8696717, 142184, 14056, 1272.13, -124.44, 2.55, 8.73, 97.88
0, 8706530, 143463, 14147, 1272.13, -124.19, 2.46, 8.74, 91.70
0, 8713500, 144542, 14269, 1270.25, -123.94, 9.14, 5.82, 66.14
0, 8721747, 145618, 14394, 1276.19, -123.94, 9.14, 11.23, 20.31
0, 8729592, 146041, 14449, 1286.75, -124.81, 7.95, 10.87, -28.44
0, 8739778, 145693, 14498, 1299.25, -126.25, 10.41, 10.95, -80.07
0, 8750958, 144651, 14479, 1308.88, -127.56, 8.84, 9.99, -99.82
0, 8762023, 143281, 14363, 1310.25, -127.69, 9.06, 12.36, -72.81
0, 8772141, 142174, 14252, 1305.13, -127.69, 9.06, 9.80, -17.88
0, 8780581, 141783, 14194, 1296.75, -127.06, 8.54, 9.86, 34.34
0, 8789555, 142172, 14172, 1286.38, -126.00, 6.29, 8.18, 79.22
0, 8799668, 143293, 14130, 1277.88, -125.12, 2.73, 9.56, 99.98
0, 8809901, 144755, 14292, 1276.31, -124.87, 4.87, 9.05, 81.27
0, 8818432, 146211, 14455, 1282.69, -124.62, 11.74, 9.05, 40.12
0, 8826201, 147059, 14555, 1282.69, -125.50, 7.88, 10.12, -7.53
0, 8835560, 146979, 14606, 1292.75, -127.12, 11.19, 11.05, -61.58
0, 8844062, 146275, 14618, 1306.19, -128.25, 11.09, 11.13, -93.12
0, 8853643, 145427, 14551, 1317.63, -128.69, 8.10, 11.15, -97.39
0, 8863352, 144367, 14460, 1319.13, -128.62, 8.61, 10.07, -66.83
0, 8873260, 143351, 14368, 1313.38, -127.94, 8.61, 9.58, -10.92
0, 8881302, 143054, 14338, 1305.88, -127.94, 8.23, 9.74, 38.56
0, 8890019, 143473, 14325, 1296.69, -127.06, 6.80, 8.64, 80.96
0, 8899993, 144618, 14279, 1288.56, -126.37, 4.37, 10.48, 100.00
0, 8911311, 146608, 14492, 1286.94, -126.25, 7.89, 7.66, 75.80
0, 8920429, 148338, 14691, 1293.06, -126.00, 7.89, 7.66, 28.34
0, 8926978, 149103, 14803, 1304.00, -126.87, 8.90, 9.14, -12.38
0, 8935621, 149152, 14829, 1304.00, -128.75, 11.23, 11.10, -61.88
0, 8943717, 148627, 14836, 1319.81, -130.25, 10.65, 10.27, -92.30
0, 8952954, 147879, 14788, 1333.50, -130.62, 8.67, 11.94, -98.28
0, 8962704, 147018, 14708, 1337.00, -130.56, 8.04, 9.57, -69.81
0, 8972259, 146319, 14638, 1332.44, -130.56, 8.04, 10.30, -17.15
0, 8979359, 146187, 14617, 1325.69, -130.00, 8.25, 10.30, 27.04
0, 8988802, 146558, 14609, 1318.50, -129.25, 7.63, 9.22, 76.24
0, 8998252, 147481, 14594, 1313.00, -128.75, 6.81, 9.00, 99.40
0, 9007787, 149161, 14779, 1313.38, -128.69, 7.36, 12.31, 88.27
0, 9015450, 150903, 14949, 1313.38, -128.69, 9.40, 8.16, 56.48
0, 9022945, 152197, 15071, 1318.75, -128.69, 9.40, 10.09, 12.89
0, 9030055, 152629, 15116, 1330.13, -130.00, 10.29, 11.83, -31.22
0, 9039493, 152297, 15137, 1347.69, -131.75, 9.99, 10.44, -78.98
0, 9049259, 151539, 15113, 1362.13, -132.94, 5.83, 10.44, -99.89
0, 9059231, 150567, 15025, 1365.06, -133.19, 7.36, 10.33, -83.65
0, 9067731, 149762, 14954, 1360.19, -133.12, 8.31, 9.88, -44.11
0, 9074177, 149365, 14918, 1360.19, -132.50, 8.85, 9.96, -5.18
0, 9080984, 149342, 14909, 1353.13, -132.50, 8.85, 9.02, 36.71
0, 9089729, 149775, 14904, 1344.81, -131.75, 9.60, 8.89, 79.88
0, 9099439, 150843, 14938, 1338.75, -131.31, 8.96, 8.89, 99.94
0, 9109455, 152804, 15125, 1338.88, -131.25, 10.01, 9.50, 82.87
0, 9117609, 154452, 15270, 1344.63, -131.37, 10.80, 10.67, 44.80
0, 9125645, 155273, 15345, 1344.63, -132.62, 9.92, 9.55, -4.04
0, 9132598, 155310, 15362, 1356.69, -132.62, 6.32, 11.48, -45.94
0, 9142207, 154723, 15406, 1374.38, -135.06, 5.59, 9.68, -88.24
0, 9153280, 153865, 15373, 1386.88, -135.31, 7.10, 9.92, -97.89
0, 9163605, 152875, 15277, 1388.31, -135.56, 9.27, 12.45, -65.64
0, 9173496, 152115, 15196, 1383.06, -135.56, 9.27, 10.28, -9.45
0, 9181883, 151979, 15169, 1376.06, -134.94, 11.06, 9.45, 41.90
0, 9192020, 152557, 15130, 1368.06, -133.56, 13.49, 8.01, 87.69
0, 9203092, 153920, 15225, 1361.50, -133.31, 9.43, 9.43, 98.12
0, 9212109, 155490, 15345, 1360.50, -133.31, 13.02, 10.61, 72.43
0, 9222281, 156980, 15495, 1365.94, -133.31, 13.02, 10.61, 17.01
0, 9230181, 157325, 15530, 1377.00, -134.44, 9.85, 10.19, -31.97
0, 9240281, 156960, 15571, 1392.06, -135.62, 7.21, 9.36, -81.92
0, 9251697, 156132, 15608, 1403.88, -136.50, 9.80, 9.66, -99.43
0, 9263301, 155042, 15503, 1405.88, -136.75, 10.09, 10.65, -67.07
0, 9273417, 154221, 15409, 1401.31, -137.06, 10.09, 10.04, -9.94
0, 9281623, 154054, 15380, 1394.81, -136.94, 9.16, 9.96, 40.41
0, 9290511, 154536, 15340, 1386.56, -136.12, 12.71, 8.46, 82.74
0, 9301741, 155751, 15372, 1379.44, -135.44, 10.99, 10.07, 99.40
0, 9313385, 157616, 15554, 1378.31, -135.25, 13.03, 9.82, 66.68
0, 9323472, 158726, 15670, 1384.13, -135.06, 13.03, 9.82, 9.60
0, 9330340, 158829, 15697, 1394.50, -135.81, 12.02, 10.53, -32.91
0, 9340383, 158388, 15714, 1408.75, -137.12, 7.55, 11.49, -82.29
0, 9351931, 157595, 15753, 1418.81, -137.94, 9.64, 9.05, -99.27
0, 9363617, 156728, 15665, 1419.44, -138.37, 11.12, 11.51, -65.59
0, 9373623, 156099, 15600, 1414.44, -138.37, 11.12, 11.51, -8.65
0, 9381742, 155946, 15576, 1408.44, -138.31, 9.77, 10.23, 41.09
0, 9391711, 156482, 15534, 1401.88, -137.62, 15.58, 9.91, 86.74
0, 9403044, 157710, 15562, 1396.00, -136.94, 10.14, 9.98, 98.18
0, 9413620, 159062, 15700, 1394.81, -136.94, 14.24, 9.64, 65.57
0, 9423196, 159916, 15799, 1400.31, -136.62, 14.24, 9.64, 11.32
0, 9430438, 160013, 15821, 1410.13, -137.25, 10.97, 10.16, -33.50
0, 9439869, 159604, 15834, 1421.75, -138.31, 8.06, 10.99, -80.41
0, 9449647, 158955, 15921, 1430.06, -139.00, 8.30, 9.76, -99.98
0, 9460233, 158219, 15830, 1430.50, -139.19, 9.15, 8.54, -80.04
0, 9469517, 157598, 15759, 1425.50, -139.37, 11.18, 11.24, -33.78
0, 9476396, 157396, 15734, 1425.50, -139.50, 11.36, 9.38, 8.75
0, 9483038, 157491, 15714, 1419.56, -139.50, 13.39, 9.40, 48.37
0, 9492025, 158061, 15682, 1413.06, -138.81, 14.50, 9.74, 87.70
0, 9502888, 159040, 15700, 1408.06, -138.37, 10.44, 12.09, 98.36
0, 9513303, 160235, 15829, 1408.31, -138.19, 13.10, 9.49, 67.06
0, 9522284, 161049, 15917, 1414.13, -137.87, 13.10, 9.49, 16.99
0, 9528829, 161195, 15940, 1422.50, -138.37, 12.35, 10.25, -23.81
0, 9535679, 160967, 15958, 1422.50, -139.44, 8.23, 10.29, -62.17
0, 9545435, 160316, 15998, 1433.00, -140.06, 9.28, 9.20, -95.91
0, 9555465, 159715, 15985, 1441.19, -140.25, 8.50, 8.51, -94.17
0, 9565390, 159082, 15922, 1441.31, -140.25, 10.54, 11.02, -56.79
0, 9574597, 158656, 15873, 1435.88, -140.56, 11.91, 11.02, -2.54
0, 9583048, 158672, 15849, 1430.19, -140.56, 13.20, 9.17, 48.43
0, 9593189, 159289, 15834, 1424.19, -140.00, 14.84, 9.99, 90.98
0, 9604546, 160375, 15846, 1419.50, -139.56, 11.92, 12.15, 95.95
0, 9615023, 161575, 15966, 1419.13, -139.44, 13.46, 10.92, 58.67
0, 9624632, 162283, 16042, 1424.44, -139.19, 13.46, 10.92, 2.32
0, 9632678, 162286, 16064, 1433.25, -139.44, 11.44, 10.55, -46.38
0, 9643126, 161753, 16072, 1443.81, -140.37, 10.20, 9.75, -90.81
0, 9654795, 160916, 16098, 1451.94, -140.56, 9.33, 9.92, -95.50
0, 9665493, 160240, 16034, 1452.75, -140.69, 12.11, 11.49, -56.26
0, 9674737, 159854, 15995, 1447.81, -140.87, 11.75, 11.49, -1.67
0, 9683241, 159886, 15978, 1441.13, -140.37, 13.46, 9.22, 49.49
0, 9693643, 160543, 15954, 1435.06, -140.00, 14.86, 9.38, 92.12
0, 9705031, 161605, 15965, 1430.63, -139.87, 12.08, 12.36, 95.05
0, 9715570, 162764, 16090, 1430.31, -139.69, 12.46, 8.69, 55.85
0, 9724813, 163413, 16160, 1435.69, -139.75, 11.82, 8.69, 1.19
0, 9731315, 163411, 16176, 1444.25, -140.69, 11.82, 9.84, -38.63
0, 9740128, 163032, 16182, 1454.63, -141.44, 8.20, 9.92, -81.36
0, 9749927, 162301, 16207, 1462.75, -141.62, 11.24, 9.89, -100.00
0, 9759833, 161721, 16162, 1463.25, -141.75, 9.76, 9.17, -81.52
0, 9768937, 161176, 16116, 1458.00, -141.75, 14.17, 10.27, -37.19
0, 9776919, 160982, 16097, 1458.00, -141.75, 12.48, 9.60, 12.02
0, 9784488, 161135, 16081, 1451.63, -141.31, 13.71, 9.51, 56.14
0, 9793956, 161836, 16070, 1445.81, -141.00, 15.01, 11.08, 92.87
0, 9804918, 162868, 16097, 1441.31, -140.87, 11.23, 11.38, 95.27
0, 9815188, 164038, 16220, 1441.56, -140.69, 13.71, 8.97, 57.83
0, 9823885, 164678, 16286, 1447.44, -140.87, 13.71, 8.97, 7.01
0, 9830347, 164733, 16302, 1456.38, -141.87, 11.73, 10.42, -32.96
0, 9837369, 164449, 16322, 1456.38, -142.56, 8.94, 10.10, -70.12
0, 9846102, 163744, 16339, 1467.19, -142.75, 10.99, 9.44, -97.01
0, 9855885, 163172, 16289, 1475.38, -142.75, 9.77, 10.18, -93.25
0, 9865726, 162584, 16236, 1475.88, -142.94, 14.78, 11.77, -55.04
0, 9873722, 162305, 16210, 1469.94, -142.69, 14.78, 11.77, -8.03
0, 9880210, 162326, 16198, 1463.19, -142.25, 11.83, 9.69, 32.14
0, 9887094, 162559, 16193, 1463.19, -142.25, 14.40, 9.63, 68.87
0, 9895396, 163362, 16147, 1457.69, -141.94, 13.74, 9.59, 95.84
0, 9906292, 164434, 16260, 1453.50, -141.87, 10.08, 9.94, 92.29
0, 9917649, 165754, 16384, 1454.00, -141.75, 13.03, 9.60, 44.57
0, 9926559, 166330, 16440, 1460.56, -142.12, 11.89, 10.39, -9.77
0, 9934949, 166213, 16461, 1469.94, -143.06, 10.14, 9.65, -58.51
0, 9945180, 165553, 16461, 1481.13, -143.81, 11.16, 10.12, -95.45
0, 9956268, 164755, 16450, 1490.50, -144.06, 10.85, 9.48, -92.35
0, 9968087, 164054, 16380, 1491.63, -144.06, 13.81, 12.26, -42.09
0, 9976955, 163796, 16349, 1486.56, -144.12, 12.55, 12.26, 12.24
0, 9985124, 163956, 16333, 1480.63, -143.69, 13.57, 9.16, 59.40
0, 9995528, 164799, 16321, 1474.69, -143.25, 14.73, 9.29, 96.07
