********************************************************************************
Obsolete PIO Core v6.1.11 is used (previous was 6.1.14)
Please remove multiple PIO Cores from a system:
https://docs.platformio.org/en/latest/core/installation/troubleshooting.html
********************************************************************************
--- Terminal on /dev/cu.usbmodem14303 | 230400 8-N-1
--- Available filters and text transformations: colorize, debug, default, direct, hexlify, log2file, nocontrol, printable, send_on_enter, time
--- More details at https://bit.ly/pio-monitor-filters
--- Quit: Ctrl+C | Menu: Ctrl+T | Help: Ctrl+T followed by Ctrl+H
start
pain
Waiting for ODrive...
pin
found ODrive
DC voltage: 23.99
Enabling closed loop control...
ODrive running!
end time:10000000
0, 802, -2, -2, 322.62, 3.12, 11.99, 9.58, 99.87
0, 7331, 719, -25, 322.12, 3.12, 12.01, 9.53, 89.58
0, 13887, 1717, 6, 322.12, 3.19, 15.74, 9.53, 64.29
0, 20408, 2397, 71, 321.56, 3.31, 16.93, 10.00, 28.45
0, 30818, 2812, 126, 324.00, 3.37, 8.05, 8.88, -35.75
0, 41480, 2465, 187, 337.06, 2.44, 9.14, 10.11, -86.01
0, 52217, 1841, 181, 345.94, 2.06, 10.63, 8.58, -99.03
0, 58863, 1579, 155, 347.50, 1.62, 10.63, 9.02, -84.89
0, 65285, 1321, 130, 343.12, 1.62, 14.58, 9.02, -57.32
0, 72491, 1194, 117, 343.12, 1.69, 12.53, 9.38, -15.70
0, 81872, 1247, 104, 338.19, 2.00, 14.01, 10.21, 41.85
0, 92185, 1765, 95, 334.44, 2.19, 11.47, 10.13, 88.18
0, 102501, 2828, 126, 332.69, 2.31, 14.89, 11.31, 98.77
0, 108937, 3786, 216, 333.69, 2.56, 14.89, 10.22, 84.64
0, 115347, 4881, 317, 333.69, 2.56, 12.72, 10.22, 57.00
0, 122006, 5782, 412, 339.44, 2.12, 13.53, 8.55, 18.70
0, 132192, 6223, 462, 350.12, 0.69, 8.79, 8.86, -43.67
0, 142482, 5753, 479, 365.44, -0.56, 10.87, 9.98, -89.05
0, 152836, 4876, 470, 377.94, -0.94, 10.61, 9.66, -98.42
0, 159359, 4271, 412, 380.75, -1.00, 10.61, 9.46, -83.20
0, 165917, 3711, 359, 375.81, -1.00, 11.46, 9.46, -54.02
0, 172749, 3387, 327, 375.81, -0.81, 11.26, 9.12, -14.10
0, 182674, 3394, 313, 367.50, -0.13, 14.32, 10.22, 46.37
0, 192653, 3954, 297, 358.75, 0.31, 13.62, 10.12, 89.53
0, 202730, 5205, 352, 353.81, 0.44, 14.30, 9.93, 98.53
0, 209166, 6399, 468, 354.19, 0.44, 14.30, 11.68, 83.87
0, 215689, 7651, 601, 354.19, 0.62, 12.79, 11.68, 55.22
0, 222271, 8502, 675, 360.25, 0.06, 10.70, 8.81, 17.06
0, 232407, 8746, 710, 373.19, -1.62, 9.61, 10.71, -44.88
0, 242674, 8297, 752, 391.37, -2.75, 11.19, 9.48, -89.59
0, 253128, 7399, 755, 403.81, -3.12, 11.93, 9.38, -98.07
0, 259583, 6827, 689, 405.37, -3.44, 11.93, 10.25, -82.41
0, 266397, 6269, 623, 400.56, -3.44, 12.22, 10.25, -51.46
0, 273562, 5787, 565, 400.56, -3.37, 10.60, 9.51, -9.02
0, 283345, 5721, 543, 392.31, -2.62, 12.82, 10.30, 50.06
0, 292984, 6308, 509, 384.06, -1.87, 13.94, 10.31, 90.44
0, 302968, 7689, 603, 377.37, -1.62, 14.70, 10.51, 98.27
0, 309407, 8823, 699, 376.62, -1.62, 14.70, 12.16, 83.04
0, 316021, 9893, 793, 382.94, -1.31, 12.74, 12.16, 53.47
0, 322633, 10544, 868, 382.94, -2.06, 9.19, 9.70, 14.82
0, 332846, 10720, 892, 396.62, -3.37, 11.46, 9.11, -47.32
0, 342835, 10264, 910, 413.00, -4.44, 12.32, 9.73, -90.04
0, 353040, 9291, 971, 423.19, -4.75, 12.32, 9.99, -98.18
0, 359722, 8645, 897, 424.44, -4.75, 12.54, 10.32, -81.92
0, 366495, 8063, 828, 419.62, -4.87, 11.11, 10.32, -50.93
0, 373481, 7674, 779, 419.62, -5.25, 10.04, 11.43, -9.53
0, 383093, 7693, 753, 410.75, -4.44, 12.86, 9.89, 48.69
0, 392985, 8309, 724, 401.62, -3.75, 11.94, 10.61, 90.44
0, 403083, 9516, 757, 395.69, -3.50, 11.94, 9.23, 98.13
0, 409525, 10473, 853, 395.81, -3.50, 14.00, 10.34, 82.62
0, 416150, 11447, 958, 395.81, -3.19, 9.14, 10.34, 52.79
0, 422779, 12007, 1018, 402.12, -3.44, 10.47, 9.13, 13.91
0, 432936, 12069, 1055, 413.75, -4.81, 12.53, 10.52, -47.82
0, 443076, 11509, 1080, 427.94, -5.81, 12.29, 9.59, -90.68
0, 453310, 10624, 1089, 436.87, -6.19, 12.53, 9.63, -97.85
0, 459991, 10076, 1043, 437.19, -6.19, 12.53, 8.83, -80.94
0, 466646, 9490, 985, 431.87, -6.44, 10.46, 8.83, -50.11
0, 473673, 9030, 936, 431.87, -6.62, 10.51, 10.83, -8.33
0, 483308, 8953, 911, 423.87, -5.87, 11.28, 9.63, 49.86
0, 493036, 9578, 872, 415.69, -5.19, 12.09, 10.22, 90.58
0, 503067, 10796, 891, 408.87, -4.87, 12.09, 9.79, 98.15
0, 509520, 11724, 987, 408.00, -4.87, 12.92, 9.60, 82.64
0, 515925, 12565, 1076, 408.00, -4.56, 8.89, 9.60, 53.98
0, 522586, 13033, 1130, 414.25, -4.62, 10.32, 10.30, 15.11
0, 532155, 13024, 1172, 425.87, -5.94, 12.90, 10.31, -43.46
0, 541668, 12560, 1179, 439.06, -6.87, 11.03, 9.56, -86.61
0, 551339, 11698, 1209, 446.44, -7.31, 11.03, 8.80, -99.65
0, 559278, 11072, 1137, 446.06, -7.31, 12.85, 10.04, -83.48
0, 565917, 10543, 1080, 446.06, -7.37, 8.76, 10.04, -54.02
0, 572824, 10164, 1046, 440.62, -7.56, 10.82, 10.11, -13.63
0, 581893, 10066, 1028, 432.75, -6.69, 10.91, 10.58, 41.97
0, 591595, 10581, 997, 425.12, -6.06, 11.31, 9.92, 86.38
0, 601635, 11682, 985, 419.44, -5.87, 11.31, 9.25, 99.47
0, 609345, 12625, 1082, 419.00, -5.87, 12.02, 9.38, 83.25
0, 615941, 13400, 1169, 419.00, -5.69, 11.83, 9.38, 53.90
0, 622547, 13838, 1226, 425.06, -5.62, 10.27, 10.21, 15.35
0, 631801, 13881, 1249, 435.62, -6.75, 12.18, 10.30, -41.44
0, 641741, 13462, 1267, 447.12, -7.75, 12.10, 9.42, -86.83
0, 651823, 12618, 1306, 454.00, -8.06, 12.10, 10.29, -99.34
0, 659625, 12012, 1240, 454.06, -8.06, 12.53, 11.55, -82.26
0, 666315, 11519, 1187, 449.31, -8.19, 9.05, 11.55, -51.90
0, 673312, 11255, 1157, 449.31, -8.50, 10.71, 10.40, -10.59
0, 682158, 11253, 1142, 441.81, -7.75, 10.21, 11.19, 43.47
0, 691814, 11787, 1124, 434.56, -7.19, 10.98, 10.45, 87.06
0, 702029, 12892, 1115, 430.00, -7.00, 10.98, 9.03, 99.19
0, 709683, 13771, 1211, 430.19, -7.00, 10.59, 9.03, 82.06
0, 716352, 14579, 1303, 430.19, -6.81, 9.82, 8.83, 51.70
0, 722965, 15019, 1351, 436.31, -6.69, 8.75, 11.60, 12.75
0, 732124, 15019, 1379, 446.37, -7.94, 13.55, 10.11, -43.28
0, 741873, 14456, 1387, 457.37, -8.94, 11.82, 9.44, -87.24
0, 752252, 13667, 1401, 464.62, -9.25, 11.82, 10.17, -99.00
0, 759905, 13094, 1348, 464.50, -9.25, 11.51, 10.17, -81.25
0, 766660, 12652, 1308, 458.94, -9.38, 8.10, 10.04, -50.04
0, 773668, 12403, 1279, 458.94, -9.56, 10.26, 8.25, -8.36
0, 782396, 12431, 1262, 451.94, -8.88, 10.13, 11.39, 44.81
0, 792004, 12972, 1242, 445.25, -8.38, 10.14, 9.57, 87.64
0, 802161, 14054, 1250, 440.94, -8.13, 9.95, 10.04, 99.08
0, 809834, 14984, 1344, 441.25, -8.13, 9.95, 10.04, 81.51
0, 816438, 15750, 1424, 441.25, -7.94, 10.53, 9.09, 51.24
0, 823020, 16164, 1468, 447.12, -7.87, 10.07, 12.58, 12.41
0, 832313, 16139, 1490, 457.00, -9.13, 12.71, 9.55, -44.35
0, 842156, 15622, 1499, 468.06, -10.06, 11.15, 9.94, -88.10
0, 852430, 14724, 1498, 474.94, -10.38, 12.21, 10.20, -98.84
0, 859945, 14070, 1437, 474.75, -10.38, 12.21, 10.20, -81.10
0, 866481, 13583, 1391, 474.75, -10.44, 7.96, 9.77, -51.01
0, 873093, 13325, 1368, 469.62, -10.50, 8.65, 8.46, -11.95
0, 882352, 13357, 1354, 461.81, -9.75, 9.90, 11.66, 44.57
0, 892154, 13925, 1333, 454.12, -9.19, 9.95, 10.02, 88.09
0, 902405, 15015, 1350, 449.56, -9.00, 9.37, 10.53, 98.86
0, 909978, 15915, 1438, 449.87, -9.00, 9.37, 10.53, 80.98
0, 916396, 16692, 1521, 449.87, -8.81, 9.45, 8.95, 51.47
0, 923061, 17137, 1569, 455.75, -8.75, 9.40, 10.75, 12.15
0, 932481, 17149, 1588, 465.44, -9.94, 12.89, 9.77, -45.29
0, 941877, 16681, 1604, 476.31, -10.94, 11.25, 10.45, -87.26
0, 951901, 15799, 1578, 483.62, -11.25, 12.13, 9.59, -99.29
0, 960046, 15037, 1522, 483.87, -11.25, 12.13, 9.59, -80.73
0, 966479, 14446, 1468, 483.87, -11.44, 8.13, 9.59, -51.02
0, 973403, 14119, 1438, 479.00, -11.31, 9.31, 9.86, -10.02
0, 982165, 14146, 1422, 471.31, -10.56, 7.61, 9.24, 43.51
0, 991700, 14686, 1404, 462.81, -9.88, 8.68, 11.03, 86.71
0, 1001468, 15697, 1422, 457.12, -9.88, 9.52, 8.83, 99.58
0, 1009996, 16723, 1522, 457.19, -9.69, 9.52, 8.83, 80.92
0, 1016417, 17527, 1607, 457.19, -9.50, 7.79, 8.96, 51.35
0, 1023089, 17982, 1654, 463.00, -9.50, 9.28, 10.20, 11.98
0, 1032335, 17958, 1679, 472.37, -10.75, 13.45, 10.20, -44.47
0, 1041579, 17409, 1685, 483.44, -11.75, 10.87, 10.68, -86.33
0, 1051549, 16717, 1650, 491.00, -11.75, 11.46, 8.24, -99.53
0, 1060202, 15957, 1590, 490.94, -12.06, 11.46, 8.24, -80.15
0, 1066678, 15405, 1549, 490.94, -12.19, 9.73, 11.51, -49.94
0, 1073695, 15022, 1516, 485.81, -11.94, 9.28, 9.15, -8.19
0, 1081789, 15003, 1493, 479.31, -11.25, 7.41, 9.76, 41.37
0, 1091465, 15531, 1473, 471.50, -10.75, 7.84, 10.04, 85.96
0, 1101006, 16524, 1506, 465.50, -10.75, 7.84, 9.12, 99.80
0, 1110119, 17676, 1622, 465.19, -10.38, 9.51, 9.12, 80.46
0, 1116544, 18539, 1707, 465.19, -10.56, 8.00, 10.24, 50.67
0, 1123209, 19044, 1757, 470.75, -11.81, 9.73, 10.42, 11.23
0, 1131631, 19082, 1778, 480.19, -12.88, 13.27, 9.37, -40.47
0, 1141464, 18612, 1790, 491.81, -13.25, 10.55, 10.22, -85.96
0, 1151173, 17872, 1757, 500.19, -13.25, 10.55, 8.67, -99.73
0, 1159986, 17089, 1687, 500.75, -13.38, 11.05, 8.67, -80.95
0, 1166653, 16589, 1645, 500.75, -13.19, 8.65, 11.29, -50.08
0, 1173403, 16242, 1616, 496.06, -12.44, 8.46, 8.79, -10.02
0, 1181629, 16248, 1604, 489.44, -11.88, 7.37, 9.22, 40.46
0, 1191325, 16759, 1578, 481.87, -11.69, 6.47, 9.85, 85.51
0, 1200971, 17713, 1622, 476.50, -11.69, 6.47, 10.21, 99.81
0, 1209820, 18848, 1735, 476.44, -11.38, 9.18, 10.21, 81.56
0, 1216237, 19715, 1814, 476.44, -11.69, 6.32, 9.45, 52.32
0, 1222698, 20203, 1855, 481.75, -12.88, 10.01, 9.49, 14.42
0, 1231361, 20224, 1880, 490.69, -13.88, 13.09, 10.26, -38.91
0, 1241263, 19778, 1884, 502.25, -14.19, 9.99, 10.19, -85.31
0, 1251066, 19064, 1870, 510.31, -14.19, 9.99, 9.82, -99.78
0, 1260047, 18378, 1808, 510.56, -14.31, 10.12, 9.82, -80.73
0, 1266524, 17912, 1762, 510.56, -14.31, 7.93, 10.14, -50.78
0, 1273462, 17588, 1730, 506.25, -13.63, 8.40, 10.04, -9.65
0, 1281691, 17581, 1717, 500.19, -13.00, 6.65, 9.28, 40.81
0, 1291412, 18099, 1703, 493.44, -12.75, 5.32, 9.32, 85.79
0, 1301260, 19018, 1748, 488.50, -12.75, 5.32, 11.21, 99.69
0, 1310087, 20203, 1852, 488.25, -12.56, 9.13, 11.21, 80.58
0, 1316500, 21052, 1926, 488.25, -12.88, 6.75, 6.95, 50.91
0, 1323213, 21530, 1970, 493.25, -13.94, 5.93, 9.79, 11.21
0, 1331663, 21543, 1989, 501.75, -14.94, 12.47, 10.26, -40.65
0, 1341665, 21022, 1992, 513.31, -15.25, 9.62, 9.78, -86.60
0, 1351737, 20372, 1974, 521.37, -15.25, 9.99, 9.68, -99.41
0, 1360476, 19734, 1925, 521.87, -15.38, 9.99, 9.68, -79.11
0, 1366918, 19262, 1886, 517.56, -15.31, 8.07, 8.85, -48.63
0, 1374194, 19005, 1860, 517.56, -14.81, 8.11, 10.31, -5.06
0, 1382081, 19065, 1847, 511.87, -14.25, 5.24, 9.52, 43.04
0, 1391914, 19646, 1840, 505.62, -14.00, 4.49, 9.97, 87.37
0, 1401947, 20479, 1878, 501.00, -14.00, 10.52, 8.30, 99.25
0, 1410537, 21602, 1976, 501.12, -13.88, 10.52, 8.30, 78.87
0, 1416957, 22400, 2048, 501.12, -14.00, 5.19, 9.46, 48.41
0, 1423658, 22794, 2090, 506.00, -15.00, 5.83, 9.94, 8.42
0, 1432074, 22730, 2100, 513.56, -16.00, 12.33, 9.93, -43.00
0, 1441992, 22225, 2105, 524.44, -16.31, 8.18, 10.16, -87.61
0, 1452216, 21603, 2070, 531.94, -16.31, 9.94, 8.86, -99.03
0, 1460820, 20882, 2014, 532.06, -16.37, 9.94, 8.86, -77.77
0, 1467437, 20391, 1976, 528.00, -16.31, 9.12, 9.33, -45.75
0, 1474354, 20097, 1951, 528.00, -16.31, 7.19, 9.72, -4.06
0, 1482202, 20174, 1935, 522.69, -15.69, 5.25, 9.70, 43.72
0, 1492134, 20731, 1929, 515.87, -14.88, 3.35, 9.38, 88.03
0, 1502245, 21584, 1974, 510.62, -14.88, 3.35, 11.04, 99.01
0, 1510898, 22704, 2075, 510.56, -14.69, 7.84, 11.04, 77.46
0, 1517321, 23435, 2151, 510.56, -14.88, 4.94, 8.94, 46.40
0, 1524262, 23830, 2190, 515.12, -15.81, 6.83, 9.58, 4.64
0, 1532436, 23766, 2198, 522.56, -15.81, 11.22, 9.91, -45.04
0, 1542470, 23198, 2207, 533.06, -16.87, 7.70, 10.68, -89.01
0, 1552603, 22562, 2161, 540.44, -17.19, 9.76, 9.91, -98.67
0, 1561290, 21822, 2082, 540.87, -17.25, 9.76, 9.91, -75.88
0, 1567795, 21328, 2046, 536.56, -17.12, 8.21, 10.93, -43.74
0, 1574995, 21024, 2018, 536.56, -17.12, 6.93, 9.10, -0.03
0, 1582775, 21083, 2003, 531.06, -16.44, 5.11, 9.93, 46.93
0, 1592622, 21651, 1998, 524.12, -15.81, 4.09, 9.55, 89.45
0, 1602752, 22562, 2062, 518.75, -15.50, 7.03, 9.05, 98.51
0, 1611403, 23677, 2173, 518.19, -15.38, 7.03, 9.05, 75.41
0, 1617825, 24468, 2246, 522.56, -15.63, 5.83, 9.67, 43.57
0, 1625261, 24871, 2285, 522.56, -16.62, 6.28, 9.71, -1.64
0, 1633035, 24761, 2293, 530.06, -16.62, 11.50, 9.90, -48.37
0, 1642979, 24237, 2306, 540.50, -17.62, 7.64, 10.13, -90.43
0, 1652988, 23572, 2263, 548.75, -18.00, 8.85, 11.34, -98.24
0, 1661827, 22796, 2182, 544.87, -18.06, 8.85, 11.34, -73.64
0, 1668257, 22291, 2131, 541.00, -18.12, 8.37, 10.51, -41.11
0, 1675882, 21974, 2096, 541.00, -17.44, 6.56, 9.14, 5.54
0, 1683426, 22043, 2083, 535.56, -17.44, 5.29, 9.49, 50.50
0, 1692977, 22655, 2076, 528.37, -16.62, 4.45, 9.14, 90.42
0, 1702997, 23482, 2157, 522.62, -16.25, 7.93, 10.69, 98.23
0, 1711853, 24718, 2269, 527.00, -16.12, 7.93, 10.69, 73.53
0, 1718268, 25585, 2353, 531.37, -16.37, 5.51, 10.25, 41.05
0, 1725796, 26039, 2399, 531.37, -17.37, 6.10, 9.81, -5.00
0, 1733622, 25901, 2409, 538.25, -17.37, 11.28, 9.99, -51.56
0, 1743169, 25425, 2426, 547.81, -18.50, 7.70, 10.18, -90.93
0, 1753157, 24820, 2398, 548.81, -19.00, 8.11, 10.82, -98.04
0, 1762141, 24115, 2321, 545.31, -19.06, 8.11, 10.82, -72.29
0, 1768627, 23619, 2267, 540.31, -19.25, 9.07, 10.58, -38.98
0, 1776279, 23297, 2229, 540.31, -19.25, 7.20, 10.07, 8.03
0, 1783686, 23367, 2211, 533.94, -18.69, 5.62, 9.77, 51.90
0, 1793330, 23983, 2207, 528.19, -17.94, 5.10, 8.41, 91.35
0, 1803432, 24904, 2287, 526.94, -17.44, 5.96, 11.32, 97.68
0, 1812330, 26240, 2416, 531.31, -17.31, 5.96, 11.32, 71.46
0, 1818761, 27171, 2513, 538.37, -17.50, 6.39, 10.15, 38.21
0, 1826563, 27662, 2564, 538.37, -18.44, 7.57, 9.42, -9.80
0, 1834101, 27578, 2577, 550.00, -18.44, 10.75, 10.13, -54.12
0, 1843581, 27072, 2598, 560.62, -19.81, 7.51, 9.95, -91.98
0, 1853551, 26450, 2589, 562.69, -20.44, 8.59, 10.12, -97.52
0, 1862510, 25699, 2486, 559.19, -20.56, 8.59, 10.12, -70.67
0, 1869218, 25291, 2446, 554.19, -20.87, 8.42, 10.13, -35.54
0, 1876885, 25070, 2414, 554.19, -20.87, 6.86, 10.07, 11.81
0, 1884119, 25201, 2383, 547.69, -20.31, 6.04, 9.37, 54.21
0, 1893643, 25810, 2378, 542.69, -19.56, 6.19, 7.97, 92.13
0, 1903678, 26671, 2461, 542.00, -19.12, 6.30, 11.75, 97.34
0, 1912749, 27945, 2588, 546.25, -18.81, 6.30, 11.75, 69.60
0, 1919164, 28837, 2682, 552.87, -18.94, 7.98, 8.82, 35.85
0, 1926855, 29400, 2741, 552.87, -19.87, 8.39, 9.64, -11.63
0, 1934732, 29307, 2755, 563.56, -19.87, 8.67, 10.72, -57.41
0, 1944201, 28775, 2795, 574.19, -21.19, 7.88, 10.09, -93.43
0, 1954034, 28135, 2800, 577.19, -21.94, 7.96, 8.54, -96.81
0, 1963111, 27438, 2711, 573.69, -22.12, 7.96, 8.54, -67.95
0, 1969597, 27017, 2636, 568.62, -22.56, 8.11, 10.55, -33.30
0, 1977713, 26791, 2601, 562.31, -22.25, 7.95, 10.03, 16.96
0, 1985315, 26952, 2558, 562.31, -22.25, 7.22, 9.53, 60.37
0, 1994783, 27592, 2555, 557.12, -21.37, 6.60, 8.33, 94.67
0, 2004254, 28612, 2659, 556.25, -20.81, 8.38, 12.22, 96.45
0, 2013291, 30238, 2813, 560.19, -20.37, 8.38, 12.22, 67.11
0, 2019706, 31356, 2913, 567.75, -20.44, 9.81, 8.25, 32.66
0, 2027413, 31862, 2974, 567.75, -20.44, 10.30, 10.32, -15.10
0, 2035560, 31673, 2995, 581.06, -21.62, 9.54, 10.82, -61.59
0, 2045440, 31150, 2997, 594.56, -23.12, 7.95, 10.15, -95.92
0, 2054845, 30330, 3009, 597.31, -23.94, 8.56, 9.94, -95.40
0, 2063829, 29447, 2933, 593.94, -24.12, 8.56, 9.94, -64.57
0, 2070534, 28910, 2878, 587.94, -24.25, 7.52, 10.53, -27.70
0, 2079321, 28685, 2852, 579.87, -24.12, 8.70, 9.10, 26.81
0, 2086779, 28890, 2779, 579.87, -23.44, 9.51, 9.57, 67.43
0, 2096523, 29681, 2762, 573.31, -23.06, 8.74, 9.97, 97.62
0, 2105459, 30913, 2874, 571.75, -23.06, 8.45, 10.84, 94.18
0, 2114018, 32518, 3040, 575.75, -22.37, 8.45, 10.84, 63.66
0, 2120786, 33333, 3132, 584.37, -22.12, 13.31, 10.33, 26.17
0, 2129319, 33616, 3164, 598.81, -23.25, 9.49, 8.13, -26.80
0, 2136817, 33369, 3182, 598.81, -24.87, 8.13, 9.90, -67.61
0, 2146802, 32739, 3219, 610.19, -25.56, 7.86, 9.60, -97.99
0, 2155819, 31928, 3169, 612.25, -25.56, 8.82, 10.18, -93.39
0, 2164384, 31104, 3084, 608.56, -25.81, 8.49, 10.18, -61.87
0, 2171287, 30596, 3031, 602.12, -26.12, 8.49, 9.83, -23.12
0, 2179826, 30324, 3002, 594.12, -25.69, 9.73, 9.60, 29.86
0, 2187287, 30507, 2963, 594.12, -24.87, 10.10, 9.15, 69.76
0, 2196854, 31330, 2907, 587.50, -24.37, 10.24, 11.36, 98.05
0, 2205823, 32489, 3035, 585.19, -24.37, 10.76, 8.54, 93.38
0, 2214418, 33755, 3174, 588.87, -23.94, 10.76, 8.54, 61.70
0, 2221087, 34467, 3250, 597.50, -23.37, 12.47, 10.27, 24.34
0, 2229831, 34731, 3279, 609.69, -24.56, 10.22, 9.83, -29.89
0, 2237661, 34452, 3302, 609.69, -25.94, 7.20, 10.44, -71.42
0, 2247225, 33867, 3359, 619.62, -25.94, 7.70, 9.06, -98.48
0, 2256203, 33118, 3290, 621.94, -26.56, 9.33, 10.47, -92.50
0, 2264920, 32293, 3208, 618.37, -26.81, 9.15, 10.47, -59.19
0, 2271593, 31789, 3158, 612.31, -27.31, 9.15, 10.14, -21.25
0, 2280115, 31536, 3127, 604.69, -26.75, 10.29, 9.32, 31.59
0, 2287753, 31745, 3097, 604.69, -26.75, 11.05, 9.06, 71.82
0, 2297204, 32511, 3039, 597.75, -26.00, 11.17, 9.08, 98.46
0, 2306285, 33561, 3154, 595.31, -25.69, 10.90, 8.98, 92.30
0, 2314884, 34768, 3279, 598.75, -25.12, 10.90, 8.98, 59.37
0, 2321401, 35456, 3348, 606.56, -26.06, 12.71, 9.91, 22.42
0, 2330223, 35736, 3376, 617.75, -27.25, 10.70, 9.82, -32.23
0, 2338024, 35466, 3414, 617.75, -27.25, 7.08, 10.03, -73.00
0, 2347410, 34785, 3452, 627.94, -27.94, 7.64, 8.88, -98.68
0, 2356566, 34074, 3387, 630.81, -28.25, 9.58, 11.89, -91.61
0, 2365293, 33310, 3310, 627.06, -28.75, 9.83, 11.89, -57.28
0, 2371723, 32863, 3266, 620.69, -28.19, 9.83, 9.74, -20.45
0, 2380790, 32626, 3239, 613.50, -27.50, 10.79, 9.49, 35.58
0, 2389821, 32918, 3212, 607.00, -27.00, 11.57, 9.15, 80.23
0, 2400485, 33854, 3190, 604.50, -26.75, 12.12, 9.30, 99.95
0, 2407947, 34791, 3283, 604.50, -26.75, 10.85, 8.45, 87.79
0, 2416604, 36031, 3399, 607.50, -26.31, 13.08, 8.45, 50.34
0, 2423253, 36681, 3464, 615.12, -26.94, 11.06, 9.61, 10.96
0, 2431883, 36826, 3486, 626.31, -28.12, 11.06, 9.85, -41.91
0, 2441851, 36356, 3561, 637.31, -28.87, 7.18, 9.99, -87.17
0, 2452056, 35714, 3533, 640.62, -29.31, 7.94, 10.11, -99.17
0, 2459244, 35169, 3489, 637.25, -29.69, 10.92, 10.82, -83.60
0, 2467323, 34507, 3432, 637.25, -29.69, 9.65, 10.82, -46.39
0, 2473753, 34175, 3398, 631.81, -29.31, 10.40, 9.70, -7.83
0, 2482438, 34135, 3384, 625.12, -28.69, 10.40, 9.27, 45.05
0, 2492171, 34606, 3371, 618.87, -28.25, 12.83, 9.48, 88.14
0, 2502222, 35543, 3357, 617.12, -28.06, 11.91, 9.74, 99.03
0, 2509054, 36538, 3447, 620.31, -28.06, 12.67, 10.15, 84.25
0, 2517364, 37675, 3560, 620.31, -27.75, 13.64, 10.15, 46.16
0, 2523773, 38186, 3627, 627.81, -28.19, 10.13, 9.96, 7.71
0, 2532413, 38246, 3653, 640.06, -29.44, 10.13, 9.74, -44.91
0, 2542307, 37730, 3708, 650.75, -30.25, 6.88, 10.38, -88.54
0, 2552373, 37222, 3683, 653.62, -30.69, 8.40, 10.52, -98.89
0, 2559252, 36890, 3650, 650.00, -30.69, 11.77, 11.02, -83.58
0, 2567676, 36429, 3602, 650.00, -31.00, 11.81, 11.02, -44.41
0, 2574402, 36211, 3582, 645.12, -30.69, 10.37, 10.11, -3.76
0, 2582852, 36270, 3571, 640.75, -30.19, 13.58, 9.34, 47.36
0, 2592691, 36801, 3562, 636.37, -29.87, 11.86, 9.73, 89.64
0, 2602882, 37752, 3573, 635.56, -29.75, 11.86, 10.04, 98.37
0, 2609749, 38639, 3666, 639.06, -29.75, 13.62, 9.97, 81.82
0, 2617813, 39721, 3778, 639.06, -29.50, 13.01, 9.97, 43.64
0, 2624415, 40340, 3842, 646.62, -30.00, 11.57, 9.77, 3.68
0, 2632873, 40508, 3865, 657.87, -31.25, 8.12, 9.61, -47.47
0, 2643466, 39986, 3911, 669.37, -32.19, 8.71, 10.30, -91.69
0, 2654141, 39326, 3889, 674.19, -32.44, 8.71, 9.27, -96.64
0, 2661662, 38903, 3852, 671.25, -32.81, 11.70, 11.62, -74.34
0, 2669510, 38556, 3820, 665.69, -32.81, 11.77, 9.41, -33.82
0, 2676867, 38465, 3808, 665.69, -32.56, 12.30, 9.41, 11.70
0, 2684335, 38605, 3794, 660.31, -32.13, 14.35, 9.11, 55.34
0, 2694969, 39322, 3744, 656.31, -31.87, 12.28, 10.31, 95.04
0, 2705459, 40501, 3851, 656.00, -31.69, 14.90, 9.79, 94.18
0, 2713228, 41750, 3965, 660.06, -31.44, 14.90, 8.61, 67.41
0, 2720174, 42733, 4067, 668.00, -31.44, 14.46, 9.03, 29.86
0, 2727672, 43247, 4122, 668.00, -32.19, 10.99, 9.03, -16.71
0, 2734943, 43159, 4139, 681.37, -33.44, 7.99, 10.08, -58.49
0, 2745266, 42523, 4168, 695.06, -34.50, 8.31, 10.18, -95.61
0, 2755645, 41755, 4119, 700.19, -34.75, 11.41, 9.61, -93.78
0, 2763625, 41101, 4056, 696.69, -35.00, 11.41, 11.41, -65.54
0, 2770528, 40640, 4013, 690.12, -35.00, 11.62, 9.95, -27.73
0, 2778894, 40473, 3996, 682.62, -34.75, 11.84, 9.95, 24.22
0, 2785796, 40671, 3970, 682.62, -34.00, 15.06, 8.87, 62.75
0, 2795762, 41475, 3939, 676.06, -33.56, 14.83, 9.35, 96.47
0, 2805902, 42825, 4072, 674.44, -33.31, 15.18, 10.13, 93.20
0, 2813783, 44163, 4208, 678.94, -33.06, 15.18, 8.37, 64.79
0, 2820717, 45024, 4293, 688.19, -33.06, 13.85, 9.18, 26.59
0, 2828316, 45341, 4326, 688.19, -34.00, 9.48, 9.18, -20.68
0, 2835487, 45180, 4359, 703.06, -35.44, 9.08, 9.69, -61.22
0, 2845624, 44452, 4372, 716.50, -36.31, 9.97, 9.61, -96.24
0, 2856029, 43650, 4338, 720.25, -36.63, 11.95, 10.10, -92.91
0, 2863539, 42984, 4260, 716.12, -36.81, 11.95, 8.06, -65.95
0, 2871051, 42505, 4203, 708.87, -36.81, 11.44, 9.89, -24.56
0, 2879986, 42355, 4175, 700.87, -36.69, 11.72, 9.89, 30.81
0, 2887435, 42621, 4139, 700.87, -35.88, 14.92, 9.41, 70.42
0, 2897979, 43598, 4155, 694.00, -35.25, 15.34, 7.68, 99.19
0, 2907658, 44868, 4271, 692.00, -34.94, 15.29, 7.68, 88.65
0, 2916090, 46144, 4378, 696.50, -34.69, 11.63, 10.34, 53.11
0, 2922501, 46788, 4451, 706.00, -35.56, 11.63, 8.90, 15.64
0, 2931165, 46972, 4476, 719.44, -35.56, 9.99, 9.33, -37.77
0, 2939037, 46629, 4484, 732.31, -36.75, 10.22, 9.75, -77.20
0, 2948987, 45754, 4550, 736.31, -37.63, 10.94, 9.73, -99.80
0, 2958136, 44954, 4483, 736.31, -37.81, 11.45, 9.73, -87.22
0, 2966650, 44205, 4398, 732.25, -38.00, 11.64, 7.77, -50.09
0, 2973403, 43801, 4349, 723.87, -38.25, 11.63, 9.52, -10.02
0, 2982309, 43777, 4327, 715.25, -38.25, 11.63, 9.11, 44.32
0, 2990943, 44233, 4280, 707.50, -36.69, 15.47, 9.93, 84.24
0, 3000854, 45374, 4320, 705.25, -36.69, 14.13, 9.93, 99.86
0, 3009366, 46638, 4431, 705.25, -36.38, 13.97, 9.31, 83.18
0, 3018341, 47955, 4573, 709.31, -36.00, 12.23, 9.31, 40.63
0, 3024982, 48496, 4633, 719.87, -36.69, 10.01, 8.81, 0.12
0, 3033556, 48498, 4664, 733.94, -38.06, 10.94, 9.87, -51.20
0, 3043587, 47903, 4679, 747.31, -39.13, 11.07, 9.66, -91.99
0, 3053747, 47070, 4696, 751.62, -39.50, 11.07, 10.00, -97.24
0, 3061323, 46421, 4635, 748.19, -39.50, 11.64, 7.93, -75.74
0, 3070073, 45729, 4563, 740.31, -39.69, 11.78, 7.93, -30.47
0, 3077481, 45451, 4530, 740.31, -39.75, 11.33, 10.79, 15.52
0, 3085123, 45559, 4496, 732.44, -39.00, 14.25, 8.85, 59.40
0, 3094603, 46377, 4465, 724.69, -38.44, 13.36, 10.11, 94.30
0, 3104206, 47559, 4533, 721.81, -38.06, 13.36, 8.61, 96.53
0, 3111825, 48724, 4654, 725.87, -38.06, 13.81, 8.19, 73.65
0, 3120247, 49713, 4758, 736.44, -37.69, 11.95, 8.19, 29.43
0, 3127457, 49977, 4795, 736.44, -38.19, 10.80, 9.59, -15.37
0, 3135307, 49791, 4831, 750.44, -39.63, 11.13, 10.38, -60.32
0, 3144734, 49051, 4834, 762.37, -40.56, 10.39, 10.63, -94.57
0, 3154708, 48336, 4845, 765.25, -40.94, 10.39, 10.15, -95.66
0, 3162283, 47801, 4782, 760.94, -40.94, 10.47, 11.67, -71.67
0, 3170673, 47296, 4719, 753.00, -41.13, 11.91, 11.67, -26.86
0, 3178369, 47093, 4691, 753.00, -41.25, 11.52, 9.71, 21.01
0, 3185518, 47259, 4666, 746.31, -40.50, 11.87, 10.02, 61.38
0, 3194770, 48116, 4639, 740.19, -39.88, 12.89, 10.30, 94.65
0, 3204739, 49251, 4712, 737.87, -39.56, 12.89, 8.88, 95.60
0, 3212331, 50265, 4822, 742.44, -39.56, 12.70, 10.37, 71.46
0, 3220798, 51184, 4923, 752.62, -39.25, 10.90, 10.37, 26.10
0, 3228555, 51449, 4955, 752.62, -39.75, 10.61, 9.53, -22.15
0, 3235886, 51260, 4983, 765.06, -41.06, 12.13, 10.66, -63.19
0, 3245082, 50534, 4982, 776.19, -42.00, 10.59, 10.24, -95.26
0, 3255110, 49745, 4996, 779.56, -42.31, 10.59, 8.52, -94.89
0, 3262662, 49152, 4936, 775.56, -42.31, 12.11, 9.64, -69.99
0, 3271087, 48643, 4879, 767.62, -42.44, 8.76, 9.64, -24.34
0, 3279155, 48571, 4862, 767.62, -42.63, 11.76, 10.35, 25.81
0, 3285964, 48792, 4838, 760.06, -41.94, 12.30, 9.21, 63.56
0, 3295042, 49672, 4788, 753.69, -41.38, 11.37, 11.30, 95.19
0, 3304994, 50726, 4870, 752.25, -41.19, 11.37, 9.28, 95.12
0, 3312663, 51808, 4983, 757.12, -41.19, 13.70, 8.19, 69.99
0, 3321178, 52794, 5090, 766.94, -40.75, 9.32, 8.19, 23.79
0, 3328681, 53029, 5123, 766.94, -41.13, 10.93, 9.97, -22.92
0, 3335847, 52796, 5147, 779.06, -42.44, 12.68, 10.07, -63.00
0, 3345155, 52032, 5154, 791.06, -43.50, 11.67, 10.33, -95.40
0, 3355264, 51186, 5126, 794.62, -43.81, 11.67, 9.75, -94.58
0, 3362831, 50514, 5065, 790.31, -43.81, 12.78, 11.63, -69.23
0, 3371457, 50009, 5017, 782.00, -43.94, 8.76, 11.63, -22.08
0, 3378940, 49898, 5002, 782.00, -43.88, 11.15, 10.46, 24.50
0, 3385971, 50118, 4987, 773.87, -43.19, 11.70, 9.31, 63.60
0, 3394954, 51010, 4949, 767.12, -42.69, 10.79, 9.68, 95.01
0, 3405242, 52236, 5028, 765.25, -42.50, 13.56, 10.10, 94.63
0, 3412784, 53392, 5151, 769.94, -42.50, 13.56, 8.53, 69.44
0, 3421519, 54543, 5276, 780.44, -42.19, 8.02, 8.53, 21.70
0, 3429063, 54800, 5308, 780.44, -42.50, 10.27, 9.32, -25.25
0, 3436246, 54539, 5320, 793.56, -43.94, 14.83, 9.95, -64.92
0, 3445450, 53832, 5328, 806.81, -45.19, 12.10, 9.33, -95.94
0, 3455448, 53123, 5276, 811.31, -45.50, 12.10, 9.40, -94.20
0, 3463071, 52468, 5224, 807.25, -45.50, 12.21, 9.75, -68.13
0, 3472205, 51833, 5174, 800.06, -45.50, 10.42, 10.06, -17.48
0, 3480812, 51723, 5152, 792.69, -45.38, 11.18, 10.06, 35.71
0, 3488217, 52058, 5117, 792.69, -44.69, 9.65, 8.95, 73.82
0, 3497039, 53052, 5105, 785.37, -44.19, 8.71, 10.14, 98.27
0, 3505903, 54302, 5247, 782.56, -43.88, 14.68, 9.59, 93.20
0, 3513440, 55613, 5376, 787.00, -43.88, 14.68, 9.19, 66.42
0, 3522292, 56628, 5471, 797.94, -44.63, 5.23, 9.19, 16.94
0, 3530591, 56775, 5493, 812.50, -46.19, 13.00, 10.28, -34.41
0, 3538078, 56472, 5506, 812.50, -47.19, 13.83, 10.80, -73.23
0, 3546517, 55729, 5518, 825.75, -47.50, 10.82, 10.22, -97.61
0, 3555656, 55024, 5457, 829.69, -47.63, 12.58, 9.18, -93.75
0, 3563303, 54378, 5393, 825.94, -47.63, 12.58, 13.67, -67.06
0, 3572463, 53915, 5347, 818.50, -47.44, 10.30, 10.71, -15.88
0, 3581170, 53897, 5329, 810.75, -46.69, 8.84, 10.71, 37.80
0, 3588660, 54258, 5324, 810.75, -46.19, 9.27, 9.01, 75.67
0, 3596905, 55161, 5327, 804.69, -45.94, 7.63, 9.66, 98.11
0, 3605807, 56321, 5438, 803.00, -45.88, 9.64, 9.62, 93.42
0, 3613284, 57463, 5541, 807.19, -45.88, 9.64, 9.23, 67.15
0, 3621822, 58395, 5625, 817.37, -46.44, 7.12, 9.23, 19.84
0, 3629348, 58539, 5645, 817.37, -47.75, 7.87, 9.35, -26.98
0, 3636354, 58289, 5654, 830.19, -48.75, 14.36, 10.96, -65.44
0, 3645113, 57590, 5664, 841.94, -49.00, 9.15, 10.94, -95.32
0, 3654636, 56985, 5610, 845.37, -49.00, 11.41, 8.82, -95.79
0, 3663101, 56338, 5563, 841.50, -49.06, 11.41, 10.59, -67.99
0, 3671815, 55826, 5524, 834.87, -48.81, 9.39, 10.59, -19.88
0, 3679441, 55754, 5508, 834.87, -48.31, 8.81, 9.22, 27.54
0, 3686448, 56030, 5506, 828.62, -47.81, 7.62, 9.71, 65.88
0, 3694469, 56787, 5485, 822.37, -47.63, 7.84, 9.84, 94.02
0, 3704355, 57941, 5581, 820.50, -47.63, 7.84, 9.31, 96.28
0, 3713018, 59200, 5696, 824.87, -47.56, 9.26, 9.62, 68.38
0, 3721895, 60132, 5794, 834.25, -48.06, 6.06, 9.62, 19.39
0, 3729438, 60282, 5816, 834.25, -49.25, 7.96, 9.36, -27.52
0, 3736527, 60049, 5820, 846.00, -50.25, 13.43, 10.81, -66.25
0, 3744706, 59404, 5830, 857.19, -50.56, 8.84, 8.92, -94.52
0, 3754455, 58643, 5767, 860.69, -50.56, 8.84, 10.83, -96.11
0, 3763105, 57887, 5689, 857.31, -50.63, 11.84, 10.52, -67.98
0, 3772183, 57273, 5636, 850.44, -50.38, 8.78, 10.52, -17.61
0, 3780369, 57230, 5620, 843.12, -49.56, 8.18, 9.92, 33.09
0, 3787008, 57502, 5618, 843.12, -49.00, 5.87, 9.34, 68.49
0, 3794869, 58281, 5610, 836.00, -48.75, 5.60, 9.47, 94.85
0, 3804536, 59320, 5711, 833.75, -48.75, 5.60, 9.79, 95.97
0, 3813153, 60533, 5830, 837.81, -48.69, 10.82, 9.79, 67.75
0, 3822221, 61456, 5917, 846.56, -49.19, 3.99, 10.54, 17.38
0, 3829988, 61570, 5937, 857.56, -50.38, 6.85, 9.56, -30.83
0, 3837217, 61321, 5942, 857.56, -51.38, 12.78, 10.62, -69.44
0, 3845168, 60674, 5955, 868.44, -51.69, 8.67, 10.66, -95.43
0, 3854717, 59923, 5883, 871.94, -51.69, 8.67, 11.10, -95.64
0, 3863459, 59139, 5814, 868.62, -51.75, 11.34, 10.90, -66.33
0, 3872694, 58507, 5748, 861.94, -51.63, 9.18, 10.90, -14.44
0, 3881206, 58372, 5726, 854.69, -50.75, 6.07, 10.78, 38.01
0, 3888727, 58735, 5721, 854.69, -50.06, 6.76, 9.29, 75.94
0, 3896584, 59573, 5740, 847.44, -49.75, 4.95, 9.01, 97.70
0, 3905232, 60631, 5840, 844.06, -49.75, 8.00, 11.75, 94.65
0, 3913759, 61889, 5957, 847.50, -49.69, 8.00, 7.53, 64.91
0, 3922855, 62866, 6054, 856.62, -50.25, 4.40, 7.53, 13.44
0, 3931429, 63001, 6079, 868.12, -51.44, 8.20, 10.35, -39.30
0, 3938984, 62719, 6082, 868.12, -52.56, 12.81, 10.34, -76.98
0, 3946742, 62083, 6103, 879.56, -52.94, 7.78, 10.27, -97.91
0, 3955367, 61487, 6057, 884.06, -52.94, 12.46, 11.34, -94.37
0, 3963894, 60768, 5974, 881.56, -53.00, 12.46, 10.94, -64.26
0, 3973166, 60168, 5909, 875.25, -53.13, 7.82, 10.94, -11.50
0, 3981685, 60092, 5884, 868.87, -52.38, 7.50, 10.26, 40.77
0, 3989212, 60477, 5877, 868.87, -51.63, 4.91, 8.26, 77.89
0, 3996532, 61210, 5899, 862.19, -51.25, 4.66, 8.74, 97.63
0, 4005352, 62236, 5995, 859.00, -51.25, 9.48, 10.79, 94.40
0, 4013961, 63505, 6119, 862.25, -51.06, 9.48, 10.79, 63.94
0, 4023094, 64549, 6222, 870.50, -51.63, 4.84, 7.77, 11.95
0, 4031763, 64797, 6254, 881.44, -52.81, 8.51, 10.46, -41.22
0, 4039284, 64460, 6262, 881.44, -54.00, 11.34, 10.30, -78.17
0, 4046848, 63864, 6303, 892.94, -54.56, 8.49, 10.46, -98.04
0, 4055462, 63149, 6257, 898.81, -54.56, 10.26, 9.18, -94.17
0, 4064233, 62413, 6159, 896.56, -54.63, 7.52, 12.44, -62.61
0, 4073587, 61913, 6094, 890.25, -55.00, 7.52, 12.44, -8.87
0, 4082128, 61917, 6062, 883.25, -54.19, 6.25, 9.55, 43.30
0, 4089853, 62348, 6046, 883.25, -53.38, 5.25, 9.03, 80.35
0, 4097810, 63132, 6084, 876.94, -53.00, 4.74, 8.45, 99.05
0, 4106302, 64258, 6192, 874.44, -53.00, 6.92, 9.97, 92.26
0, 4114683, 65809, 6348, 877.62, -52.63, 6.92, 7.63, 60.38
0, 4123796, 67108, 6473, 885.75, -53.19, 5.49, 7.63, 7.56
0, 4132370, 67316, 6507, 897.62, -54.56, 8.04, 9.41, -44.66
0, 4140802, 66913, 6527, 912.37, -56.13, 11.27, 10.87, -83.76
0, 4148843, 66269, 6566, 912.37, -56.81, 7.69, 9.23, -99.74
0, 4157117, 65450, 6531, 919.62, -56.81, 9.05, 10.24, -90.17
0, 4165447, 64671, 6449, 917.75, -57.06, 7.02, 11.00, -56.49
0, 4174038, 64160, 6385, 911.50, -57.38, 7.02, 11.00, -6.05
0, 4183249, 64133, 6342, 903.50, -56.88, 6.54, 9.21, 49.54
0, 4191829, 64717, 6274, 896.37, -56.06, 5.46, 9.12, 87.11
0, 4200236, 65701, 6339, 893.19, -55.63, 5.56, 10.25, 99.99
0, 4207534, 67000, 6460, 893.19, -55.63, 5.70, 8.95, 89.01
0, 4215540, 68517, 6612, 895.75, -54.88, 9.02, 9.18, 56.00
0, 4224219, 69517, 6733, 904.37, -55.25, 9.02, 9.18, 4.91
0, 4232985, 69567, 6761, 918.19, -56.75, 9.69, 9.40, -48.09
0, 4241768, 69074, 6779, 932.56, -58.38, 8.76, 11.07, -86.92
0, 4250217, 68375, 6806, 938.62, -59.00, 7.28, 9.32, -99.99
0, 4257891, 67543, 6720, 938.62, -59.00, 8.62, 9.66, -87.96
0, 4265780, 66682, 6636, 936.44, -59.19, 7.55, 11.36, -54.75
0, 4274509, 66008, 6579, 930.31, -59.38, 7.68, 11.36, -3.09
0, 4283780, 65928, 6555, 921.69, -58.56, 7.68, 8.85, 52.41
0, 4292369, 66485, 6471, 913.19, -57.75, 7.47, 9.41, 88.72
0, 4301231, 67529, 6510, 908.37, -57.38, 6.91, 9.67, 99.70
0, 4307985, 68609, 6623, 908.37, -57.38, 5.48, 5.37, 87.68
0, 4315915, 69918, 6772, 910.06, -56.94, 10.13, 9.69, 54.04
0, 4324665, 70670, 6857, 918.06, -56.63, 10.13, 9.69, 2.11
0, 4333574, 70662, 6877, 930.44, -58.06, 9.57, 10.69, -51.30
0, 4342158, 70225, 6901, 943.00, -59.44, 8.79, 11.33, -88.10
0, 4351028, 69473, 6909, 947.87, -59.94, 7.70, 9.55, -99.79
0, 4357927, 68641, 6829, 947.87, -59.94, 8.20, 9.55, -87.85
0, 4366118, 67720, 6739, 946.06, -60.13, 8.35, 10.75, -52.96
0, 4375013, 67077, 6671, 940.19, -60.44, 8.57, 10.75, 0.08
0, 4383613, 66931, 6647, 930.94, -59.56, 8.57, 8.76, 51.51
0, 4392244, 67473, 6596, 922.00, -58.69, 8.09, 9.32, 88.36
0, 4400806, 68400, 6608, 917.06, -58.19, 7.09, 8.80, 99.87
0, 4407973, 69490, 6730, 917.06, -58.19, 7.82, 13.49, 87.72
0, 4416227, 70819, 6871, 918.19, -57.94, 11.15, 9.89, 52.38
0, 4425158, 71607, 6952, 925.75, -57.44, 8.95, 9.89, -0.99
0, 4433764, 71619, 6973, 937.44, -58.88, 8.95, 9.83, -52.32
0, 4442457, 71172, 7021, 950.06, -60.25, 8.55, 10.97, -88.98
0, 4451361, 70420, 7007, 955.62, -60.81, 7.67, 8.84, -99.64
0, 4458406, 69627, 6930, 955.62, -60.81, 7.91, 12.96, -86.38
0, 4466738, 68651, 6834, 954.06, -61.13, 8.54, 9.76, -49.62
0, 4475562, 68003, 6767, 948.25, -61.44, 9.45, 9.76, 3.52
0, 4484179, 67939, 6746, 939.69, -60.56, 9.45, 8.58, 54.52
0, 4492977, 68511, 6701, 930.19, -59.63, 8.79, 8.78, 90.42
0, 4502839, 69575, 6742, 925.06, -59.13, 7.23, 9.95, 98.41
0, 4510184, 70632, 6853, 925.06, -58.81, 7.96, 10.78, 80.22
0, 4517849, 71724, 6961, 926.25, -58.81, 10.35, 9.24, 43.44
0, 4526810, 72326, 7022, 933.31, -58.38, 9.44, 9.24, -11.34
0, 4535219, 72190, 7056, 943.94, -59.56, 7.46, 10.38, -59.88
0, 4544073, 71591, 7114, 955.69, -60.81, 7.46, 10.52, -93.14
0, 4554618, 70632, 7031, 961.12, -61.38, 7.10, 10.00, -95.82
0, 4563138, 69672, 6937, 959.12, -61.88, 9.23, 11.09, -67.82
0, 4570802, 68912, 6860, 952.94, -61.94, 8.48, 9.62, -26.08
0, 4579647, 68538, 6822, 952.94, -61.94, 9.37, 9.39, 28.78
0, 4586996, 68744, 6802, 944.75, -61.06, 9.87, 9.39, 68.43
0, 4595309, 69424, 6721, 935.62, -60.13, 8.85, 10.09, 95.69
0, 4605873, 70665, 6853, 930.25, -59.69, 8.85, 10.09, 93.27
0, 4614545, 72010, 6988, 931.94, -59.44, 7.36, 6.90, 61.07
0, 4622077, 72846, 7070, 938.87, -59.00, 11.32, 9.08, 18.27
0, 4630751, 73037, 7098, 949.44, -60.13, 9.41, 11.16, -35.35
0, 4638230, 72735, 7153, 949.44, -60.13, 6.96, 10.43, -73.87
0, 4646018, 72164, 7173, 961.62, -61.38, 7.71, 8.58, -96.88
0, 4656558, 71181, 7088, 967.25, -61.94, 9.84, 8.58, -91.63
0, 4665451, 70260, 6999, 965.19, -62.44, 9.84, 10.15, -56.47
0, 4674271, 69500, 6921, 959.00, -62.50, 8.62, 10.03, -4.58
0, 4683374, 69295, 6895, 951.06, -61.69, 9.36, 8.80, 50.22
0, 4691910, 69788, 6872, 942.62, -60.88, 9.54, 8.21, 87.35
0, 4699386, 70473, 6836, 942.62, -60.25, 9.64, 10.48, 99.93
0, 4708112, 71725, 6961, 936.75, -60.25, 8.44, 7.10, 87.29
0, 4716668, 73046, 7087, 937.50, -59.75, 11.27, 7.10, 50.00
0, 4725299, 73786, 7164, 944.12, -60.81, 9.60, 8.85, -1.87
0, 4733957, 73757, 7203, 955.19, -62.06, 9.60, 10.25, -53.35
0, 4742556, 73274, 7253, 967.75, -62.69, 6.37, 10.25, -89.26
0, 4752408, 72601, 7213, 973.87, -63.25, 7.29, 8.44, -98.86
0, 4759732, 71973, 7163, 973.87, -63.25, 10.40, 9.35, -81.88
0, 4768051, 71218, 7095, 972.25, -63.31, 8.53, 10.25, -42.29
0, 4776851, 70745, 7049, 967.00, -62.75, 9.20, 10.25, 11.60
0, 4785128, 70810, 7034, 960.37, -62.06, 10.22, 9.07, 59.42
0, 4793893, 71422, 7012, 952.75, -61.69, 10.22, 9.18, 92.73
0, 4803415, 72498, 7041, 948.25, -61.50, 9.91, 11.31, 97.71
0, 4810457, 73563, 7139, 948.25, -61.13, 9.39, 6.57, 79.18
0, 4818415, 74709, 7269, 949.62, -61.13, 12.09, 9.57, 40.21
0, 4827117, 75309, 7339, 956.44, -62.00, 9.08, 9.57, -13.26
0, 4835535, 75218, 7372, 967.50, -63.38, 5.73, 11.14, -61.46
0, 4844139, 74644, 7413, 980.12, -64.19, 5.73, 9.92, -93.29
0, 4853767, 74186, 7372, 986.62, -64.56, 6.79, 8.67, -97.21
0, 4861082, 73785, 7334, 985.31, -64.69, 13.32, 11.59, -76.73
0, 4868913, 73361, 7291, 985.31, -64.69, 9.52, 10.07, -37.33
0, 4877866, 73201, 7272, 980.12, -64.31, 9.70, 10.07, 17.90
0, 4885679, 73401, 7253, 975.81, -63.88, 11.23, 9.42, 62.17
0, 4894232, 74010, 7219, 971.00, -63.63, 11.23, 8.96, 93.50
0, 4903768, 75107, 7310, 968.94, -63.44, 10.76, 11.31, 97.21
0, 4910606, 76217, 7420, 968.94, -63.44, 12.00, 7.03, 78.61
0, 4918941, 77478, 7544, 971.31, -63.25, 12.23, 8.82, 37.16
0, 4927733, 78165, 7610, 978.06, -64.37, 9.15, 8.82, -17.08
0, 4935661, 78107, 7633, 989.75, -65.75, 6.73, 10.21, -62.08
0, 4944226, 77514, 7674, 1003.56, -66.50, 6.73, 9.88, -93.49
0, 4954066, 76853, 7613, 1011.75, -66.75, 6.61, 9.48, -96.76
0, 4960913, 76332, 7568, 1011.75, -66.75, 13.16, 10.93, -77.40
0, 4969284, 75874, 7529, 1011.00, -66.87, 10.79, 9.28, -35.15
0, 4978448, 75715, 7509, 1004.87, -66.37, 11.79, 9.28, 21.49
0, 4985951, 75915, 7483, 998.69, -65.94, 12.45, 9.34, 63.50
0, 4994540, 76555, 7462, 993.00, -65.69, 12.45, 9.14, 94.17
0, 5004543, 77837, 7574, 990.62, -65.44, 11.81, 9.99, 95.96
0, 5011794, 79036, 7683, 992.94, -65.44, 13.76, 8.38, 73.78
0, 5019532, 80124, 7796, 992.94, -65.44, 12.07, 9.18, 33.69
0, 5028663, 80646, 7846, 1000.12, -66.56, 8.71, 9.18, -22.81
0, 5036169, 80466, 7875, 1012.81, -67.87, 6.87, 10.73, -64.55
0, 5045095, 79902, 7913, 1026.94, -68.56, 8.01, 9.47, -95.29
0, 5055179, 79237, 7857, 1034.50, -68.81, 8.01, 10.42, -94.75
0, 5062282, 78704, 7799, 1033.06, -69.06, 13.85, 10.73, -71.68
0, 5070045, 78168, 7743, 1033.06, -69.06, 10.58, 9.59, -30.64
0, 5079930, 77861, 7709, 1027.38, -68.56, 11.58, 9.59, 30.48
0, 5087402, 78054, 7685, 1021.06, -67.87, 13.38, 9.61, 70.27
0, 5095575, 78746, 7666, 1014.31, -67.44, 14.69, 8.96, 96.16
0, 5106175, 80293, 7813, 1010.06, -67.19, 14.69, 10.08, 92.57
0, 5113533, 81478, 7915, 1011.12, -67.12, 14.47, 9.14, 65.98
0, 5121105, 82324, 7979, 1011.12, -67.12, 11.27, 8.87, 24.24
0, 5130862, 82608, 8010, 1032.56, -68.25, 8.73, 8.87, -36.00
0, 5137925, 82356, 8039, 1032.56, -69.44, 7.80, 10.99, -72.57
0, 5145890, 81778, 8082, 1046.38, -69.94, 9.88, 10.25, -96.68
0, 5156492, 80979, 8044, 1053.06, -70.19, 9.88, 9.58, -91.80
0, 5163914, 80391, 7980, 1051.63, -70.62, 12.76, 11.44, -64.16
0, 5171344, 79987, 7937, 1045.25, -70.62, 11.49, 9.48, -22.78
0, 5181060, 79948, 7922, 1038.06, -70.37, 12.34, 9.48, 37.16
0, 5187953, 80200, 7898, 1038.06, -69.62, 13.65, 9.37, 72.69
0, 5195838, 80950, 7860, 1031.19, -69.31, 14.99, 9.90, 96.60
0, 5206376, 82284, 7969, 1028.44, -69.06, 14.99, 9.94, 92.08
0, 5213780, 83393, 8083, 1030.44, -68.81, 13.74, 6.75, 64.81
0, 5221334, 84183, 8165, 1030.44, -68.81, 13.98, 9.25, 22.84
0, 5231128, 84409, 8194, 1050.75, -69.69, 8.55, 9.25, -37.55
0, 5238352, 84128, 8225, 1050.75, -70.87, 9.41, 10.36, -74.39
0, 5246123, 83460, 8299, 1064.00, -71.56, 10.08, 10.41, -97.05
0, 5257010, 82642, 8231, 1070.50, -71.81, 10.08, 8.51, -90.46
0, 5264624, 82009, 8167, 1069.00, -72.37, 12.16, 13.26, -60.68
0, 5271975, 81559, 8112, 1061.75, -72.37, 12.06, 9.23, -18.90
0, 5281904, 81426, 8090, 1054.25, -72.00, 12.19, 9.48, 42.03
0, 5289213, 81763, 8056, 1054.25, -71.37, 14.58, 9.48, 77.89
0, 5296738, 82582, 8011, 1046.94, -70.81, 15.42, 10.49, 97.91
0, 5307441, 84066, 8152, 1042.69, -70.56, 15.42, 8.97, 89.27
0, 5315049, 85140, 8264, 1044.06, -70.12, 15.13, 7.22, 58.53
0, 5322239, 85782, 8336, 1053.00, -70.12, 12.10, 9.83, 17.27
0, 5332212, 85869, 8379, 1066.00, -71.06, 9.48, 10.37, -43.77
0, 5339708, 85553, 8406, 1066.00, -72.31, 9.97, 10.37, -79.81
0, 5347332, 84883, 8452, 1079.13, -73.06, 10.93, 9.25, -98.60
0, 5357999, 84141, 8390, 1085.06, -73.44, 12.04, 10.28, -87.64
0, 5365457, 83593, 8326, 1083.63, -73.81, 12.04, 12.24, -56.44
0, 5372575, 83177, 8279, 1076.69, -73.50, 12.04, 9.35, -15.18
0, 5382485, 83067, 8256, 1069.50, -73.50, 12.54, 8.73, 45.31
0, 5390022, 83422, 8237, 1069.50, -72.75, 13.07, 8.73, 80.98
0, 5397336, 84227, 8191, 1062.56, -72.25, 15.11, 10.81, 98.60
0, 5407960, 85613, 8312, 1058.19, -72.12, 15.11, 9.31, 87.75
0, 5415335, 86545, 8427, 1059.31, -71.75, 14.19, 7.06, 57.07
0, 5422652, 87103, 8499, 1067.81, -71.75, 13.01, 8.99, 14.71
0, 5432757, 87170, 8530, 1080.13, -72.37, 10.36, 11.08, -46.83
0, 5440365, 86807, 8536, 1080.13, -73.69, 10.66, 11.08, -82.22
0, 5447660, 86114, 8592, 1092.19, -74.44, 11.17, 9.21, -98.92
0, 5458075, 85381, 8523, 1097.75, -74.69, 11.17, 9.88, -87.41
0, 5465731, 84893, 8469, 1096.50, -74.94, 12.24, 9.10, -55.01
0, 5472915, 84597, 8433, 1089.06, -74.75, 11.70, 10.02, -13.07
0, 5483033, 84589, 8411, 1081.75, -74.75, 12.57, 8.66, 48.35
0, 5490523, 84965, 8397, 1081.75, -74.12, 13.24, 8.66, 82.79
0, 5497601, 85785, 8347, 1075.56, -73.69, 14.75, 9.53, 98.87
0, 5508096, 87045, 8481, 1072.50, -73.50, 13.69, 10.31, 87.34
0, 5515453, 87981, 8589, 1073.75, -73.25, 13.69, 4.35, 56.46
0, 5522986, 88582, 8656, 1082.31, -73.81, 11.46, 10.18, 12.63
0, 5533246, 88629, 8687, 1093.94, -73.81, 10.80, 10.10, -49.52
0, 5541006, 88281, 8691, 1093.94, -75.12, 11.04, 10.10, -84.45
0, 5547859, 87578, 8716, 1106.06, -75.81, 11.20, 9.67, -99.10
0, 5558330, 86733, 8651, 1112.06, -76.06, 11.16, 9.56, -86.62
0, 5565755, 86179, 8600, 1111.13, -76.19, 11.16, 9.73, -54.88
0, 5573308, 85823, 8564, 1103.94, -76.00, 10.69, 9.96, -10.62
0, 5583417, 85871, 8543, 1095.56, -76.00, 12.82, 8.97, 50.45
0, 5591218, 86321, 8527, 1088.19, -75.37, 13.53, 8.97, 85.15
0, 5598055, 87139, 8481, 1088.19, -75.00, 14.28, 10.29, 99.25
0, 5608305, 88472, 8634, 1084.63, -74.75, 12.90, 12.03, 86.70
0, 5615671, 89467, 8747, 1086.19, -74.44, 12.90, 5.97, 55.32
0, 5623205, 90061, 8813, 1094.81, -74.44, 10.82, 9.78, 11.26
0, 5633583, 90094, 8832, 1107.13, -75.12, 10.92, 10.07, -51.35
0, 5641676, 89671, 8832, 1120.06, -76.44, 11.78, 10.07, -86.63
0, 5648582, 88924, 8844, 1120.06, -77.19, 11.15, 9.91, -99.60
0, 5658700, 88066, 8776, 1126.31, -77.37, 13.04, 9.15, -85.43
0, 5666081, 87491, 8724, 1125.44, -77.37, 13.04, 11.80, -53.16
0, 5674158, 87174, 8692, 1117.88, -77.12, 10.84, 9.30, -5.30
0, 5683964, 87233, 8665, 1109.00, -77.12, 12.15, 9.01, 53.39
0, 5692635, 87849, 8656, 1101.50, -76.56, 12.82, 9.01, 89.48
0, 5700322, 88771, 8673, 1101.50, -76.12, 13.77, 10.47, 99.98
0, 5709905, 90113, 8816, 1097.94, -75.87, 11.90, 8.75, 81.26
0, 5717608, 91198, 8923, 1106.69, -75.69, 11.90, 9.30, 44.80
0, 5724882, 91746, 8980, 1115.44, -76.44, 10.01, 10.22, 0.75
0, 5734269, 91653, 8992, 1127.81, -76.44, 11.31, 10.06, -55.00
0, 5743299, 91135, 8989, 1141.69, -77.75, 12.47, 10.06, -91.26
0, 5751269, 90370, 8981, 1141.69, -78.62, 11.72, 9.90, -99.68
0, 5760817, 89547, 8903, 1149.19, -78.81, 12.86, 9.25, -77.78
0, 5769605, 88878, 8841, 1142.50, -78.81, 10.63, 13.36, -33.26
0, 5777305, 88669, 8817, 1135.75, -78.50, 11.33, 9.67, 14.42
0, 5785960, 88901, 8792, 1127.38, -77.81, 12.82, 8.70, 63.54
0, 5794820, 89714, 8788, 1119.19, -77.81, 12.82, 9.91, 94.75
0, 5803551, 90747, 8876, 1121.19, -77.31, 12.86, 9.92, 97.52
0, 5812042, 92096, 9005, 1129.63, -77.06, 11.39, 9.92, 72.72
0, 5821059, 93295, 9113, 1129.63, -77.00, 9.19, 9.30, 24.52
0, 5829993, 93602, 9149, 1137.94, -77.81, 9.42, 9.95, -30.85
0, 5837587, 93287, 9155, 1152.75, -79.12, 14.21, 10.29, -71.09
0, 5846193, 92515, 9165, 1161.44, -80.12, 11.68, 10.68, -97.15
0, 5855154, 91754, 9109, 1160.19, -80.12, 11.68, 8.42, -94.80
0, 5863272, 91085, 9051, 1152.75, -80.31, 13.54, 12.41, -67.20
0, 5872148, 90547, 8994, 1144.38, -80.37, 10.54, 12.41, -17.83
0, 5881621, 90521, 8970, 1136.81, -80.12, 10.16, 10.19, 40.40
0, 5888313, 90824, 8976, 1136.81, -79.56, 11.82, 9.69, 74.22
0, 5896429, 91783, 8969, 1132.63, -79.06, 11.51, 8.24, 97.49
0, 5905097, 92995, 9086, 1134.19, -79.06, 11.51, 11.08, 94.92
0, 5913335, 94399, 9213, 1143.56, -78.87, 10.53, 6.39, 66.91
0, 5922149, 95400, 9304, 1156.94, -79.69, 8.07, 6.39, 17.83
0, 5931874, 95453, 9324, 1172.13, -81.06, 8.48, 11.12, -41.85
0, 5938751, 95148, 9325, 1172.13, -82.00, 13.34, 10.57, -76.04
0, 5946550, 94355, 9332, 1179.31, -82.12, 11.15, 10.15, -97.66
0, 5955274, 93735, 9269, 1178.06, -82.12, 11.15, 12.25, -94.56
0, 5963636, 93132, 9218, 1170.63, -82.12, 13.39, 9.32, -65.49
0, 5972384, 92659, 9180, 1163.31, -81.75, 9.99, 9.32, -16.37
0, 5982086, 92615, 9169, 1156.75, -81.19, 9.60, 10.52, 43.06
0, 5988948, 92931, 9166, 1156.75, -80.81, 10.47, 7.81, 76.84
0, 5996684, 93879, 9159, 1152.75, -80.69, 9.06, 9.32, 97.84
0, 6005228, 95088, 9276, 1153.88, -80.69, 9.06, 10.68, 94.66
0, 6013643, 96280, 9395, 1162.75, -80.62, 9.12, 7.77, 65.46
0, 6022503, 97080, 9473, 1175.81, -81.44, 8.31, 7.77, 15.63
0, 6032253, 97126, 9491, 1188.19, -82.75, 9.66, 10.14, -44.00
0, 6039172, 96828, 9492, 1188.19, -83.50, 13.29, 10.31, -77.73
0, 6046786, 96066, 9494, 1194.44, -83.69, 10.66, 10.31, -97.97
0, 6055604, 95307, 9421, 1193.56, -83.69, 10.66, 9.37, -93.87
0, 6064283, 94491, 9336, 1186.69, -83.69, 13.68, 8.75, -62.37
0, 6072838, 93988, 9290, 1178.38, -83.31, 10.21, 8.75, -13.55
0, 6082481, 93977, 9278, 1169.94, -82.44, 8.14, 9.84, 45.29
0, 6089832, 94363, 9277, 1169.94, -81.87, 8.89, 8.92, 80.27
0, 6097344, 95240, 9290, 1165.44, -81.69, 9.03, 8.94, 98.61
0, 6106528, 96282, 9395, 1166.50, -81.69, 7.47, 9.59, 91.71
0, 6114866, 97402, 9502, 1174.56, -81.69, 7.47, 8.72, 59.46
0, 6123424, 98124, 9573, 1185.13, -82.37, 8.05, 8.72, 9.89
0, 6133007, 98079, 9589, 1196.81, -83.50, 8.29, 9.77, -48.21
0, 6140511, 97648, 9590, 1196.81, -84.37, 12.67, 10.15, -82.74
0, 6147963, 97002, 9593, 1203.31, -84.56, 11.54, 10.05, -99.18
0, 6156988, 96240, 9509, 1202.13, -84.62, 10.19, 9.01, -90.52
0, 6164949, 95526, 9442, 1195.56, -84.62, 10.19, 9.23, -59.04
0, 6173652, 94952, 9382, 1188.25, -84.37, 9.60, 9.23, -8.47
0, 6183213, 94885, 9366, 1180.06, -83.50, 7.45, 9.52, 49.34
0, 6190707, 95316, 9364, 1180.06, -82.81, 8.55, 9.51, 83.43
0, 6198010, 96210, 9393, 1174.44, -82.56, 7.85, 8.86, 99.22
0, 6206444, 97276, 9491, 1174.63, -82.56, 7.24, 9.08, 91.92
0, 6214909, 98499, 9609, 1182.44, -82.56, 7.24, 8.65, 59.25
0, 6223500, 99321, 9692, 1193.81, -83.19, 6.97, 8.65, 9.42
0, 6233164, 99345, 9710, 1206.38, -84.44, 8.82, 9.09, -49.07
0, 6240993, 98929, 9711, 1206.38, -85.37, 11.86, 11.63, -84.40
0, 6248094, 98252, 9727, 1214.06, -85.69, 10.86, 9.17, -99.28
0, 6256535, 97565, 9656, 1213.63, -85.69, 12.24, 7.05, -91.69
0, 6264952, 96900, 9581, 1207.44, -85.69, 12.24, 13.94, -59.03
0, 6273698, 96415, 9530, 1200.00, -85.75, 6.25, 13.94, -8.18
0, 6283406, 96393, 9511, 1192.75, -84.81, 7.59, 9.64, 50.39
0, 6290993, 96851, 9508, 1192.75, -84.25, 7.63, 9.27, 84.40
0, 6298072, 97736, 9536, 1188.06, -83.94, 7.00, 9.40, 99.27
0, 6306494, 98868, 9645, 1188.38, -83.94, 11.32, 4.32, 91.79
0, 6314995, 100184, 9777, 1196.00, -83.87, 11.32, 9.46, 58.81
0, 6323818, 101134, 9876, 1207.63, -84.50, 6.61, 9.46, 7.43
0, 6333497, 101189, 9897, 1220.81, -85.87, 7.59, 9.86, -50.88
0, 6341067, 100733, 9900, 1220.81, -87.06, 12.78, 10.33, -84.65
0, 6348645, 100048, 9927, 1229.63, -87.44, 10.05, 8.79, -99.64
0, 6356930, 99330, 9869, 1229.63, -87.44, 10.92, 9.04, -90.67
0, 6365354, 98625, 9790, 1223.38, -87.56, 10.92, 11.85, -56.97
0, 6374557, 98186, 9714, 1215.94, -87.69, 7.59, 9.41, -2.79
0, 6384406, 98237, 9680, 1208.63, -86.87, 6.03, 9.41, 55.71
0, 6392865, 98857, 9678, 1204.19, -86.06, 6.30, 8.14, 90.11
0, 6400325, 99783, 9737, 1204.19, -85.62, 6.62, 9.54, 99.98
0, 6408372, 101010, 9859, 1204.63, -85.44, 7.35, 11.51, 86.49
0, 6416117, 102381, 9998, 1211.56, -85.44, 7.35, 9.15, 52.97
0, 6424936, 103436, 10099, 1223.19, -86.12, 6.43, 10.49, 0.41
0, 6434815, 103463, 10126, 1237.69, -87.62, 7.05, 10.49, -57.83
0, 6444546, 102762, 10140, 1248.44, -89.06, 12.46, 11.84, -94.18
0, 6454779, 101855, 10164, 1249.25, -89.56, 9.79, 8.97, -95.53
0, 6463227, 101033, 10081, 1243.81, -89.69, 6.69, 8.93, -67.41
0, 6471218, 100456, 10011, 1243.81, -90.12, 9.73, 11.83, -23.55
0, 6480568, 100306, 9982, 1236.13, -89.44, 5.17, 9.70, 34.27
0, 6488415, 100651, 9915, 1228.13, -88.62, 4.29, 8.72, 74.65
0, 6496549, 101501, 9912, 1223.06, -88.62, 3.71, 11.15, 97.66
0, 6505423, 102796, 10036, 1223.63, -88.25, 3.71, 11.15, 94.25
0, 6514090, 104399, 10178, 1230.56, -87.56, 4.99, 8.34, 63.31
0, 6522428, 105463, 10315, 1242.25, -88.19, 7.17, 10.38, 16.10
0, 6530320, 105664, 10356, 1242.25, -89.69, 9.50, 9.38, -32.80
0, 6538644, 105321, 10387, 1257.13, -91.19, 11.95, 11.41, -75.60
0, 6547986, 104595, 10424, 1266.50, -91.75, 9.44, 9.79, -99.20
0, 6556777, 103672, 10333, 1266.56, -91.75, 8.02, 10.44, -91.07
0, 6566616, 102581, 10230, 1261.25, -92.00, 9.10, 10.33, -50.28
0, 6576371, 101940, 10171, 1253.44, -92.06, 5.73, 9.03, 8.60
0, 6586809, 102003, 10128, 1244.06, -91.06, 4.10, 9.03, 67.57
0, 6595389, 102775, 10064, 1237.38, -90.31, 4.10, 9.04, 95.83
0, 6603928, 103981, 10142, 1236.50, -89.87, 5.05, 10.03, 96.97
0, 6611533, 105321, 10295, 1236.50, -89.37, 4.33, 9.75, 74.88
0, 6618601, 106347, 10422, 1242.25, -89.37, 8.14, 8.80, 39.14
0, 6626992, 106839, 10483, 1254.00, -89.37, 9.78, 11.63, -12.47
0, 6638641, 106591, 10534, 1268.00, -91.00, 10.88, 10.88, -75.59
0, 6648361, 105769, 10546, 1276.31, -92.94, 8.27, 9.73, -99.47
0, 6657162, 104764, 10443, 1276.44, -92.94, 8.55, 11.05, -90.05
0, 6666946, 103664, 10330, 1271.81, -93.31, 9.08, 9.64, -48.48
0, 6675750, 102998, 10261, 1263.25, -93.12, 9.08, 9.89, 4.70
0, 6685708, 102907, 10239, 1253.69, -92.12, 6.32, 9.89, 62.31
0, 6694459, 103604, 10171, 1246.38, -91.19, 4.80, 8.16, 94.00
0, 6702730, 104683, 10214, 1244.44, -90.75, 4.55, 10.59, 98.53
0, 6709213, 105768, 10347, 1244.44, -90.75, 3.82, 8.02, 83.71
0, 6717344, 107008, 10498, 1250.00, -90.31, 8.63, 6.58, 46.28
0, 6726016, 107704, 10575, 1261.19, -90.12, 8.63, 6.58, -6.37
0, 6735873, 107659, 10616, 1274.63, -91.81, 9.54, 10.81, -63.12
0, 6746218, 106949, 10657, 1283.31, -93.25, 9.80, 10.21, -97.19
0, 6757194, 105693, 10534, 1284.38, -93.75, 7.09, 11.02, -89.96
0, 6767302, 104503, 10417, 1279.81, -94.19, 9.13, 9.10, -46.51
0, 6776069, 103901, 10352, 1271.25, -94.00, 6.23, 9.10, 6.70
0, 6786052, 103834, 10329, 1261.19, -92.94, 6.23, 9.87, 63.99
0, 6794953, 104561, 10280, 1253.94, -92.00, 5.19, 8.65, 95.01
0, 6803498, 105628, 10337, 1252.06, -91.56, 5.34, 10.13, 97.60
0, 6810094, 106672, 10453, 1252.06, -91.31, 6.12, 7.66, 80.56
0, 6817873, 107803, 10580, 1257.31, -91.31, 8.91, 9.54, 43.31
0, 6826573, 108488, 10655, 1267.69, -91.00, 9.35, 10.76, -9.86
0, 6837123, 108396, 10709, 1280.38, -92.56, 9.16, 10.76, -69.01
0, 6847446, 107610, 10723, 1289.38, -93.87, 7.89, 8.67, -98.71
0, 6856483, 106683, 10635, 1290.81, -94.37, 7.89, 8.67, -91.82
0, 6865023, 105620, 10528, 1286.50, -94.87, 7.19, 11.77, -58.67
0, 6873954, 104884, 10454, 1278.56, -94.69, 8.92, 9.62, -6.58
0, 6882389, 104726, 10431, 1268.63, -93.75, 6.74, 8.91, 44.77
0, 6890951, 105198, 10414, 1268.63, -93.75, 5.14, 9.18, 84.26
0, 6898378, 105944, 10367, 1261.38, -92.81, 5.67, 11.67, 99.48
0, 6906973, 107106, 10508, 1260.13, -92.37, 5.67, 11.67, 90.56
0, 6915586, 108481, 10650, 1265.81, -92.12, 7.06, 5.19, 55.77
0, 6923199, 109404, 10742, 1275.44, -92.00, 9.46, 10.00, 11.30
0, 6932054, 109551, 10778, 1275.44, -93.44, 9.21, 9.85, -42.88
0, 6941006, 109054, 10824, 1288.13, -93.44, 8.90, 9.94, -84.45
0, 6948549, 108524, 10806, 1298.19, -94.75, 7.29, 11.22, -99.58
0, 6958434, 107512, 10718, 1299.06, -95.31, 8.84, 11.17, -86.29
0, 6968586, 106397, 10609, 1294.19, -95.75, 8.91, 9.71, -39.23
0, 6977604, 105769, 10543, 1287.31, -95.56, 8.06, 8.96, 16.28
0, 6988114, 105921, 10528, 1278.25, -94.75, 6.55, 8.96, 73.38
0, 6996886, 106649, 10472, 1270.25, -93.81, 5.95, 8.97, 98.09
0, 7005783, 107746, 10579, 1268.50, -93.31, 5.95, 8.19, 93.47
0, 7013346, 109013, 10704, 1272.94, -93.19, 6.25, 4.74, 66.86
0, 7020267, 110041, 10808, 1272.94, -93.19, 9.72, 9.81, 29.31
0, 7028657, 110510, 10864, 1282.00, -92.94, 9.30, 10.19, -22.77
0, 7040005, 110183, 10914, 1295.13, -94.12, 8.53, 8.93, -80.91
0, 7047748, 109674, 10916, 1305.56, -95.44, 6.58, 8.93, -99.00
0, 7056662, 108875, 10843, 1306.94, -96.12, 6.58, 10.76, -91.37
0, 7066554, 107857, 10754, 1303.25, -96.56, 7.56, 11.90, -50.62
0, 7076765, 107160, 10687, 1296.81, -96.44, 8.15, 9.81, 11.06
0, 7087364, 107214, 10668, 1288.63, -95.75, 7.26, 9.29, 70.10
0, 7095958, 107943, 10644, 1281.50, -95.31, 7.26, 8.43, 96.79
0, 7104911, 109172, 10723, 1279.50, -94.81, 6.91, 9.29, 95.28
0, 7111585, 110361, 10839, 1279.50, -94.69, 9.10, 5.11, 74.66
0, 7119377, 111615, 10976, 1284.00, -94.69, 10.42, 9.67, 34.61
0, 7128263, 112406, 11073, 1294.31, -95.87, 9.13, 10.19, -20.35
0, 7139654, 112221, 11117, 1308.50, -97.44, 7.68, 10.19, -79.60
0, 7148917, 111598, 11105, 1320.19, -98.31, 7.88, 11.15, -99.77
0, 7158979, 110893, 11045, 1323.69, -98.69, 9.53, 10.17, -84.51
0, 7169252, 110231, 10982, 1320.19, -98.62, 8.88, 10.03, -35.34
0, 7179542, 110059, 10962, 1314.44, -98.06, 9.72, 8.97, 28.14
0, 7189942, 110454, 10937, 1308.44, -97.56, 9.09, 8.97, 80.68
0, 7197670, 111085, 10921, 1304.25, -97.37, 8.61, 8.65, 98.93
0, 7206267, 112470, 11062, 1304.69, -97.12, 8.61, 11.17, 92.35
0, 7213656, 114063, 11218, 1309.00, -97.19, 9.81, 7.40, 65.40
0, 7221019, 115384, 11342, 1309.00, -97.19, 12.80, 9.47, 24.76
0, 7229565, 115905, 11396, 1319.19, -98.62, 8.19, 11.27, -28.28
0, 7241523, 115564, 11424, 1336.25, -100.37, 4.62, 11.40, -86.14
0, 7250169, 114946, 11411, 1350.31, -101.12, 6.52, 11.40, -99.99
0, 7259462, 114075, 11329, 1353.31, -101.37, 9.71, 10.98, -82.85
0, 7269624, 113147, 11253, 1349.75, -101.37, 9.82, 9.96, -33.15
0, 7279848, 112842, 11225, 1343.06, -100.69, 10.44, 9.00, 29.98
0, 7292026, 113278, 11187, 1334.94, -100.00, 11.78, 9.31, 87.70
0, 7300361, 114090, 11216, 1328.56, -99.69, 11.00, 9.31, 99.97
0, 7308028, 115474, 11342, 1327.75, -99.37, 11.00, 9.50, 87.55
0, 7316539, 117044, 11490, 1331.56, -99.50, 12.30, 7.41, 50.70
0, 7324002, 117710, 11566, 1341.56, -100.81, 11.66, 11.33, 6.28
0, 7335740, 117686, 11604, 1357.75, -102.19, 6.31, 9.99, -62.47
0, 7345788, 117078, 11629, 1368.75, -102.75, 5.42, 9.94, -96.52
0, 7355794, 116421, 11573, 1369.81, -102.94, 10.76, 10.16, -93.45
0, 7363941, 115820, 11505, 1366.00, -103.06, 12.82, 11.07, -64.03
0, 7372702, 115239, 11442, 1360.25, -102.50, 10.33, 8.91, -14.40
0, 7382637, 115050, 11420, 1353.69, -101.87, 11.01, 9.42, 46.16
0, 7392810, 115599, 11377, 1348.06, -101.87, 12.43, 9.33, 89.96
0, 7400605, 116470, 11446, 1348.06, -101.50, 13.78, 9.33, 99.93
0, 7409191, 117814, 11554, 1346.38, -101.25, 13.59, 9.26, 83.79
0, 7418467, 119015, 11644, 1350.94, -101.31, 13.73, 7.14, 39.91
0, 7427792, 119549, 11705, 1361.38, -102.37, 8.78, 9.16, -17.44
0, 7439310, 119225, 11731, 1374.88, -103.37, 7.09, 9.86, -78.27
0, 7448103, 118680, 11800, 1384.31, -103.87, 9.31, 9.90, -99.29
0, 7457726, 117870, 11731, 1385.69, -104.06, 9.31, 9.46, -88.45
0, 7465919, 117155, 11647, 1381.75, -104.50, 11.62, 12.21, -54.02
0, 7473377, 116798, 11606, 1375.25, -104.06, 10.72, 8.83, -10.19
0, 7482502, 116775, 11585, 1367.38, -104.06, 12.50, 8.98, 45.40
0, 7492463, 117324, 11550, 1361.94, -103.31, 12.48, 8.75, 88.99
0, 7499670, 117897, 11567, 1361.94, -102.94, 14.29, 8.75, 99.98
0, 7507927, 118911, 11633, 1361.44, -102.69, 14.29, 9.70, 87.86
0, 7515568, 119949, 11739, 1366.13, -102.56, 12.17, 7.84, 55.86
0, 7522775, 120570, 11806, 1374.19, -102.56, 14.29, 8.51, 13.94
0, 7532091, 120658, 11830, 1374.19, -103.25, 7.82, 10.63, -43.09
0, 7542186, 120142, 11847, 1395.38, -104.31, 7.69, 10.63, -88.18
0, 7549438, 119706, 11931, 1395.38, -104.87, 9.77, 9.67, -99.94
0, 7557528, 119070, 11863, 1396.50, -105.00, 9.77, 9.25, -89.03
0, 7566313, 118362, 11793, 1392.06, -105.50, 12.23, 9.49, -51.92
0, 7574730, 117872, 11733, 1385.88, -105.19, 11.03, 9.63, -1.71
0, 7586711, 117869, 11696, 1378.69, -104.50, 11.68, 8.80, 67.11
0, 7596907, 118617, 11647, 1372.25, -104.00, 13.09, 9.02, 98.12
0, 7607226, 119859, 11737, 1370.63, -103.75, 13.09, 8.52, 89.87
0, 7615702, 121011, 11851, 1374.06, -103.37, 14.13, 8.17, 55.16
0, 7624164, 121656, 11922, 1383.06, -104.06, 13.72, 9.90, 5.26
0, 7634455, 121658, 11950, 1395.63, -105.19, 7.94, 10.15, -55.97
0, 7645598, 120973, 11984, 1404.88, -105.81, 8.24, 9.78, -96.20
0, 7655603, 120290, 11988, 1406.38, -106.00, 10.99, 9.35, -93.87
0, 7663394, 119739, 11927, 1402.25, -106.00, 12.77, 10.72, -66.64
0, 7672901, 119144, 11864, 1395.75, -106.44, 11.72, 9.50, -13.16
0, 7683727, 119055, 11836, 1389.06, -105.56, 12.43, 9.18, 52.12
0, 7694399, 119729, 11788, 1383.31, -105.56, 13.40, 8.86, 93.87
0, 7703466, 120585, 11804, 1381.81, -105.06, 16.54, 8.86, 97.64
0, 7711487, 121606, 11907, 1381.81, -104.87, 11.03, 8.65, 75.07
0, 7721518, 122541, 12014, 1386.19, -104.37, 14.94, 9.54, 21.71
0, 7732604, 122698, 12053, 1405.94, -105.00, 9.32, 10.09, -45.97
0, 7743941, 122125, 12084, 1414.44, -106.06, 8.81, 9.82, -92.84
0, 7752889, 121586, 12124, 1415.94, -106.69, 10.04, 9.82, -98.36
0, 7761326, 121012, 12067, 1415.94, -106.87, 13.29, 12.87, -75.74
0, 7771587, 120354, 11992, 1411.88, -107.37, 10.70, 9.63, -21.29
0, 7783050, 120209, 11962, 1399.75, -107.25, 12.77, 9.52, 48.44
0, 7794038, 120868, 11930, 1394.06, -106.62, 13.96, 8.98, 93.06
0, 7802739, 121610, 11914, 1392.56, -106.12, 15.83, 8.98, 98.52
0, 7810961, 122564, 12014, 1392.56, -105.94, 11.88, 10.32, 77.21
0, 7820617, 123455, 12116, 1396.88, -105.44, 14.37, 8.71, 27.20
0, 7830340, 123641, 12147, 1404.81, -105.94, 9.71, 10.61, -32.92
0, 7842028, 123118, 12181, 1415.44, -107.06, 9.21, 10.61, -87.71
0, 7850075, 122602, 12243, 1423.56, -107.62, 10.57, 9.75, -100.00
0, 7858640, 122030, 12179, 1424.63, -107.87, 10.57, 8.11, -85.63
0, 7866900, 121531, 12126, 1420.13, -108.31, 11.16, 13.92, -48.73
0, 7874875, 121247, 12091, 1414.13, -108.12, 12.35, 9.87, -0.80
0, 7885511, 121313, 12070, 1408.00, -107.56, 12.21, 9.16, 61.34
0, 7895593, 122042, 12046, 1403.25, -107.19, 13.96, 9.57, 96.19
0, 7904535, 122905, 12063, 1402.44, -107.19, 16.05, 10.24, 95.97
0, 7911313, 123691, 12141, 1402.44, -107.00, 11.53, 10.24, 75.79
0, 7920019, 124501, 12226, 1406.13, -106.62, 13.66, 7.10, 30.80
0, 7928326, 124733, 12256, 1415.00, -107.00, 9.95, 10.45, -20.74
0, 7939144, 124420, 12279, 1425.69, -108.00, 10.13, 9.68, -77.62
0, 7947524, 123794, 12323, 1434.00, -108.62, 11.37, 9.08, -98.79
0, 7958118, 123026, 12283, 1435.00, -108.81, 11.37, 7.52, -87.28
0, 7967003, 122494, 12228, 1431.19, -109.06, 10.63, 11.26, -48.17
0, 7975506, 122187, 12192, 1424.06, -109.06, 12.13, 9.40, 3.17
0, 7985941, 122310, 12164, 1417.38, -108.50, 12.65, 9.79, 63.45
0, 7996613, 123176, 12107, 1412.38, -108.12, 14.07, 9.11, 97.74
0, 8007168, 124217, 12192, 1411.63, -107.87, 16.75, 10.90, 90.03
0, 8015007, 125126, 12292, 1415.88, -107.87, 11.66, 4.53, 58.75
0, 8024335, 125781, 12365, 1424.56, -107.87, 13.28, 9.40, 4.19
0, 8034213, 125774, 12385, 1435.38, -109.00, 11.41, 9.99, -54.70
0, 8045793, 125087, 12394, 1444.19, -109.00, 10.28, 9.54, -96.52
0, 8055848, 124430, 12409, 1446.13, -109.62, 11.33, 9.70, -93.33
0, 8063970, 123875, 12361, 1442.56, -109.75, 10.97, 10.88, -63.90
0, 8074147, 123394, 12316, 1435.56, -109.94, 11.06, 9.47, -5.37
0, 8085533, 123377, 12293, 1429.38, -109.56, 13.23, 9.31, 61.45
0, 8096607, 124259, 12247, 1424.00, -109.19, 13.35, 9.26, 97.73
0, 8107043, 125334, 12310, 1422.31, -109.19, 16.72, 11.83, 90.37
0, 8114793, 126274, 12415, 1425.81, -109.00, 10.04, 3.62, 59.83
0, 8124343, 126945, 12486, 1435.13, -108.62, 13.28, 8.78, 4.14
0, 8134417, 126921, 12509, 1446.31, -110.00, 10.86, 9.65, -55.77
0, 8146126, 126129, 12523, 1455.50, -110.00, 11.03, 9.52, -97.05
0, 8156116, 125497, 12494, 1457.44, -110.62, 10.93, 9.55, -92.71
0, 8164315, 124950, 12449, 1453.56, -110.87, 11.51, 9.75, -62.21
0, 8174368, 124550, 12417, 1446.19, -111.00, 11.21, 9.53, -3.98
0, 8185756, 124585, 12403, 1440.19, -110.37, 13.24, 9.41, 62.55
0, 8196390, 125466, 12374, 1435.13, -110.12, 13.53, 9.95, 97.44
0, 8206671, 126571, 12443, 1433.88, -110.12, 16.03, 12.51, 91.35
0, 8214411, 127542, 12543, 1437.31, -110.00, 12.20, 6.04, 61.74
0, 8223930, 128345, 12623, 1447.19, -109.75, 11.50, 10.28, 6.73
0, 8235007, 128376, 12656, 1458.75, -111.19, 10.90, 9.84, -58.81
0, 8246187, 127594, 12662, 1468.88, -111.87, 11.52, 9.03, -97.14
0, 8256076, 126848, 12613, 1471.63, -111.87, 11.05, 9.84, -92.80
0, 8263348, 126354, 12569, 1468.25, -112.19, 13.04, 10.15, -66.85
0, 8273111, 125855, 12523, 1460.19, -112.25, 11.36, 10.02, -11.85
0, 8282857, 125862, 12511, 1453.44, -111.94, 12.67, 10.02, 47.38
0, 8293013, 126474, 12497, 1447.75, -111.44, 14.05, 9.14, 90.51
0, 8300014, 127229, 12519, 1447.75, -111.25, 12.29, 9.89, 100.00
0, 8308183, 128325, 12620, 1446.56, -111.12, 12.29, 9.97, 87.08
0, 8314764, 129268, 12706, 1450.94, -111.12, 12.97, 7.99, 59.98
0, 8323378, 129991, 12771, 1461.00, -111.00, 10.84, 10.27, 10.18
0, 8332680, 130015, 12789, 1474.31, -112.12, 10.72, 10.27, -46.39
0, 8344902, 129244, 12790, 1485.25, -112.81, 11.76, 10.37, -94.91
0, 8354304, 128527, 12779, 1487.44, -112.94, 11.28, 10.22, -96.37
0, 8362092, 128011, 12733, 1487.44, -113.00, 13.47, 9.24, -72.51
0, 8372181, 127522, 12684, 1483.19, -112.94, 11.93, 12.64, -17.63
0, 8383625, 127499, 12668, 1468.88, -112.44, 12.46, 9.00, 51.57
0, 8394486, 128265, 12665, 1463.69, -112.06, 12.97, 9.00, 94.05
0, 8403544, 129346, 12713, 1462.63, -111.87, 12.13, 9.40, 97.53
0, 8411317, 130478, 12815, 1462.63, -111.81, 11.03, 9.20, 75.77
0, 8420144, 131520, 12910, 1466.50, -112.31, 10.36, 8.89, 30.05
0, 8428170, 131696, 12934, 1477.06, -113.50, 10.75, 9.99, -19.78
0, 8439461, 131352, 12935, 1490.38, -114.19, 11.20, 10.47, -78.86
0, 8448896, 130515, 12952, 1501.44, -114.31, 11.00, 9.42, -99.76
0, 8459027, 129790, 12890, 1503.00, -114.31, 14.89, 8.41, -84.35
0, 8467297, 129234, 12843, 1499.31, -114.19, 14.89, 12.85, -46.54
0, 8476556, 128937, 12814, 1491.31, -113.62, 11.76, 9.86, 9.75
0, 8485948, 129101, 12797, 1484.19, -113.62, 11.76, 9.10, 63.48
0, 8497250, 130126, 12781, 1478.44, -113.06, 11.18, 8.99, 98.51
0, 8507642, 131391, 12899, 1477.25, -113.06, 11.18, 9.78, 88.70
0, 8515384, 132373, 12994, 1481.25, -113.06, 10.35, 9.23, 56.82
0, 8525259, 133013, 13059, 1491.44, -113.50, 9.86, 10.28, -1.62
0, 8536773, 132865, 13071, 1503.81, -115.37, 11.93, 10.06, -67.40
0, 8547358, 131966, 13079, 1513.63, -115.56, 11.17, 10.72, -98.62
0, 8557384, 131146, 13013, 1515.75, -115.56, 11.17, 8.22, -89.43
0, 8564760, 130543, 12951, 1512.50, -115.56, 13.89, 11.77, -60.00
0, 8574635, 130123, 12917, 1503.94, -115.37, 8.63, 10.56, -2.30
0, 8585930, 130196, 12893, 1496.00, -114.62, 10.73, 10.25, 63.39
0, 8596632, 131193, 12886, 1489.94, -114.19, 11.98, 7.71, 97.77
0, 8606148, 132291, 12987, 1488.44, -113.94, 10.90, 7.71, 92.64
0, 8613126, 133219, 13078, 1488.44, -113.94, 9.54, 10.29, 67.88
0, 8621892, 134124, 13163, 1491.56, -114.44, 10.08, 6.82, 19.42
0, 8629804, 134229, 13186, 1502.25, -115.56, 10.12, 11.00, -29.72
0, 8639011, 133842, 13191, 1514.06, -116.44, 11.72, 9.72, -77.09
0, 8648034, 133062, 13206, 1524.81, -116.62, 11.54, 9.58, -99.24
0, 8656844, 132314, 13131, 1527.25, -116.62, 11.54, 9.58, -90.90
0, 8664115, 131684, 13071, 1522.88, -116.62, 10.93, 10.63, -63.19
0, 8672621, 131193, 13017, 1515.06, -116.50, 10.27, 11.20, -14.90
0, 8683310, 131147, 12996, 1506.88, -115.62, 9.89, 10.48, 49.86
0, 8693896, 131884, 12993, 1499.94, -115.06, 11.65, 8.71, 92.73
0, 8702757, 132989, 13055, 1498.00, -114.87, 9.42, 9.52, 98.51
0, 8709669, 133997, 13150, 1498.00, -114.81, 9.42, 9.63, 82.11
0, 8716083, 134900, 13239, 1501.69, -114.81, 8.98, 8.10, 53.15
0, 8724640, 135494, 13306, 1512.31, -115.37, 8.70, 8.10, 2.27
0, 8733964, 135402, 13319, 1525.50, -116.69, 11.30, 10.90, -53.38
0, 8745041, 134588, 13322, 1536.63, -117.62, 13.23, 9.90, -95.18
0, 8754313, 134000, 13303, 1539.00, -117.81, 13.02, 10.37, -96.35
0, 8762374, 133458, 13245, 1539.00, -117.81, 8.98, 9.74, -71.28
0, 8771418, 132952, 13191, 1535.13, -117.87, 8.58, 10.28, -22.33
0, 8779306, 132790, 13172, 1527.94, -117.19, 9.21, 10.05, 26.72
0, 8789213, 133170, 13162, 1521.94, -116.62, 10.82, 9.20, 77.89
0, 8799431, 134290, 13182, 1516.25, -116.44, 7.87, 8.45, 99.94
0, 8807787, 135371, 13290, 1514.19, -116.44, 7.87, 8.45, 88.27
0, 8814437, 136345, 13392, 1518.06, -116.37, 6.73, 9.80, 61.61
0, 8822954, 137246, 13485, 1528.25, -116.87, 7.86, 7.34, 12.83
0, 8830585, 137407, 13512, 1528.25, -118.19, 10.14, 10.85, -34.36
0, 8839907, 137002, 13518, 1540.56, -119.31, 12.91, 11.52, -80.55
0, 8849644, 136180, 13540, 1552.19, -119.69, 11.05, 9.31, -99.97
0, 8859371, 135387, 13459, 1556.38, -119.69, 9.60, 8.65, -83.17
0, 8867554, 134795, 13392, 1552.75, -119.69, 8.88, 9.47, -45.11
0, 8877609, 134469, 13347, 1545.44, -119.00, 7.91, 9.62, 16.31
0, 8887277, 134718, 13324, 1538.06, -118.31, 8.93, 9.06, 69.70
0, 8897066, 135672, 13323, 1531.81, -118.31, 8.93, 8.66, 98.30
0, 8905978, 136862, 13445, 1530.00, -118.00, 8.58, 8.66, 93.03
0, 8912401, 137983, 13564, 1530.00, -117.94, 6.25, 8.86, 71.16
0, 8919222, 139096, 13677, 1533.50, -118.44, 7.34, 8.26, 35.52
0, 8926966, 139704, 13736, 1543.38, -118.44, 9.75, 9.12, -12.31
0, 8937966, 139529, 13751, 1557.00, -121.44, 14.91, 9.93, -72.74
0, 8948937, 138679, 13775, 1571.31, -121.87, 11.55, 9.79, -99.78
0, 8958924, 137737, 13740, 1576.69, -121.87, 11.55, 8.15, -84.69
0, 8967003, 137066, 13664, 1574.25, -121.94, 7.69, 9.45, -48.17
0, 8977283, 136681, 13616, 1567.31, -121.56, 6.16, 9.54, 14.28
0, 8987094, 136886, 13547, 1559.13, -121.56, 7.62, 9.13, 68.88
0, 8997140, 137914, 13557, 1552.44, -120.87, 7.62, 11.77, 98.39
0, 9007376, 139508, 13713, 1550.13, -120.44, 6.48, 11.77, 89.46
0, 9014903, 140922, 13839, 1553.38, -120.00, 6.65, 4.41, 59.28
0, 9022925, 141818, 13947, 1553.38, -120.62, 5.33, 9.83, 13.01
0, 9030318, 141954, 13975, 1563.50, -122.19, 12.87, 8.71, -32.78
0, 9039870, 141561, 13994, 1578.25, -123.56, 13.50, 12.34, -80.41
0, 9049693, 140672, 14023, 1591.94, -124.00, 11.27, 8.91, -99.98
0, 9058953, 139559, 13919, 1596.06, -124.00, 11.27, 9.58, -84.60
0, 9066594, 138766, 13851, 1592.88, -124.19, 7.95, 9.58, -50.41
0, 9076269, 138152, 13788, 1585.44, -124.31, 10.50, 9.83, 7.95
0, 9085908, 138170, 13741, 1575.50, -123.31, 5.48, 8.86, 63.29
0, 9096077, 139130, 13686, 1566.81, -122.50, 5.64, 8.86, 96.97
0, 9104684, 140371, 13786, 1562.75, -122.12, 5.17, 10.04, 95.70
0, 9111766, 141600, 13914, 1562.75, -121.44, 5.89, 8.25, 73.90
0, 9118178, 142509, 14024, 1565.13, -121.44, 8.27, 8.55, 41.57
0, 9126778, 143040, 14088, 1575.19, -121.75, 11.91, 11.76, -11.14
0, 9137299, 142876, 14128, 1589.06, -123.31, 11.51, 11.34, -69.80
0, 9148243, 142018, 14143, 1601.13, -124.69, 11.55, 9.16, -99.39
0, 9157171, 140978, 14080, 1605.06, -125.12, 11.55, 9.16, -90.03
0, 9163955, 140099, 13983, 1602.88, -125.37, 8.04, 9.54, -63.97
0, 9171514, 139387, 13904, 1602.88, -125.50, 9.14, 13.00, -21.74
0, 9179223, 139056, 13867, 1595.88, -124.44, 7.40, 9.69, 26.21
0, 9188110, 139335, 13834, 1585.75, -124.44, 4.30, 8.27, 73.36
0, 9198153, 140405, 13791, 1575.94, -123.44, 5.59, 10.08, 99.33
0, 9206763, 141604, 13913, 1571.31, -123.00, 5.59, 10.08, 91.11
0, 9213187, 142630, 14035, 1571.31, -122.44, 7.61, 7.40, 67.60
0, 9219878, 143424, 14132, 1574.19, -122.44, 7.66, 10.42, 31.64
0, 9228166, 143789, 14172, 1583.56, -122.50, 11.14, 10.87, -19.75
0, 9239574, 143447, 14215, 1595.94, -125.37, 11.48, 10.51, -79.29
0, 9250008, 142520, 14234, 1607.38, -125.37, 11.05, 9.93, -100.00
0, 9259701, 141352, 14121, 1611.25, -125.81, 11.05, 9.34, -82.00
0, 9268067, 140284, 13997, 1608.75, -126.12, 8.45, 11.14, -42.21
0, 9278178, 139628, 13928, 1601.88, -126.19, 7.25, 8.79, 19.82
0, 9288150, 139757, 13892, 1591.88, -125.19, 4.58, 9.28, 73.53
0, 9298420, 140818, 13825, 1581.44, -124.00, 5.00, 10.09, 99.51
0, 9308424, 142211, 13989, 1576.06, -123.50, 5.00, 10.09, 86.32
0, 9316168, 143373, 14123, 1577.63, -123.06, 7.78, 8.62, 52.70
0, 9324191, 144104, 14204, 1586.56, -122.81, 7.70, 10.26, 5.09
0, 9332703, 144172, 14238, 1586.56, -124.37, 10.42, 10.70, -46.52
0, 9343552, 143508, 14261, 1610.19, -125.69, 11.58, 10.08, -91.90
0, 9353133, 142509, 14238, 1614.81, -126.25, 10.57, 10.09, -98.07
0, 9361785, 141433, 14126, 1614.81, -126.25, 10.05, 12.85, -73.82
0, 9370193, 140465, 14015, 1612.13, -126.50, 8.54, 10.32, -29.76
0, 9380145, 139966, 13959, 1605.06, -125.56, 7.22, 9.27, 31.76
0, 9388959, 140232, 13932, 1595.00, -125.56, 4.94, 8.99, 76.88
0, 9398838, 141276, 13875, 1584.75, -124.37, 4.32, 10.12, 99.73
0, 9409119, 142667, 14039, 1579.38, -123.87, 4.32, 10.12, 84.04
0, 9417150, 143838, 14174, 1581.19, -123.56, 7.42, 8.47, 47.36
0, 9425689, 144565, 14254, 1589.88, -123.19, 8.12, 8.82, -4.32
0, 9435896, 144544, 14301, 1601.25, -124.69, 9.99, 10.32, -63.23
0, 9447881, 143619, 14340, 1612.94, -126.00, 7.64, 9.61, -99.11
0, 9458244, 142458, 14238, 1618.25, -126.62, 7.64, 10.01, -86.89
0, 9465950, 141512, 14133, 1616.50, -126.94, 7.58, 12.61, -53.86
0, 9474615, 140755, 14044, 1609.63, -127.06, 8.68, 9.51, -2.43
0, 9483157, 140608, 14018, 1609.63, -126.19, 7.03, 9.05, 49.03
0, 9492803, 141236, 13993, 1600.00, -125.00, 4.04, 9.10, 89.94
0, 9501946, 142228, 13996, 1590.06, -125.00, 2.81, 9.84, 99.25
0, 9509566, 143310, 14115, 1584.69, -124.81, 2.81, 9.84, 82.48
0, 9516197, 144283, 14222, 1586.69, -124.56, 7.85, 6.75, 52.54
0, 9523553, 145039, 14309, 1594.69, -124.25, 7.89, 9.59, 9.09
0, 9532935, 145184, 14342, 1594.69, -125.50, 10.04, 11.06, -47.81
0, 9544036, 144536, 14400, 1617.56, -126.12, 10.71, 10.41, -93.06
0, 9553364, 143610, 14352, 1623.00, -126.50, 8.02, 9.10, -97.78
0, 9561299, 142646, 14258, 1623.00, -126.50, 9.03, 12.59, -75.85
0, 9568966, 141782, 14164, 1621.06, -126.62, 8.76, 12.59, -37.02
0, 9578552, 141218, 14097, 1614.50, -125.69, 6.53, 9.28, 22.12
0, 9588984, 141395, 14056, 1605.00, -124.62, 3.92, 8.84, 76.98
0, 9599413, 142445, 14014, 1595.25, -124.06, 5.11, 8.84, 99.93
0, 9608171, 143579, 14144, 1589.88, -123.75, 5.11, 10.02, 87.11
0, 9615178, 144655, 14261, 1591.00, -123.50, 8.84, 7.23, 57.88
0, 9621697, 145489, 14358, 1591.00, -123.50, 4.84, 10.86, 20.62
0, 9630481, 145858, 14402, 1598.94, -124.62, 9.42, 9.26, -33.75
0, 9640242, 145477, 14461, 1609.75, -126.06, 11.41, 8.82, -81.78
0, 9650444, 144641, 14440, 1621.94, -126.69, 8.81, 8.82, -99.96
0, 9659056, 143716, 14362, 1628.25, -127.19, 8.81, 11.11, -84.25
0, 9665823, 142890, 14283, 1626.44, -127.19, 8.41, 9.92, -54.53
0, 9673524, 142250, 14216, 1620.19, -126.44, 9.27, 9.50, -9.27
0, 9682991, 142038, 14181, 1620.19, -125.50, 6.98, 9.09, 48.11
0, 9692455, 142637, 14156, 1611.75, -124.87, 3.53, 8.69, 88.97
0, 9701951, 143643, 14152, 1602.31, -124.87, 2.52, 8.72, 99.25
0, 9709905, 144858, 14280, 1596.94, -124.75, 2.52, 8.72, 81.26
0, 9716503, 146027, 14409, 1598.69, -124.37, 7.14, 6.76, 50.90
0, 9723437, 146870, 14514, 1598.69, -125.56, 5.44, 9.53, 9.82
0, 9732448, 147063, 14554, 1606.50, -127.12, 10.68, 9.98, -45.10
0, 9742284, 146512, 14590, 1617.81, -128.00, 10.65, 8.83, -88.47
0, 9752274, 145780, 14542, 1631.63, -128.00, 8.30, 11.38, -98.98
0, 9760236, 145057, 14481, 1638.38, -128.37, 8.30, 11.38, -80.03
0, 9766773, 144420, 14425, 1636.56, -128.25, 7.70, 10.27, -49.43
0, 9775685, 143802, 14369, 1630.81, -127.62, 9.01, 9.67, 4.29
0, 9785484, 143771, 14353, 1623.75, -126.87, 6.78, 9.61, 61.20
0, 9795166, 144537, 14338, 1615.94, -126.50, 4.17, 8.72, 95.42
0, 9804340, 145861, 14390, 1611.06, -126.37, 3.17, 9.08, 96.31
0, 9810883, 147106, 14524, 1611.06, -126.37, 4.35, 9.08, 77.53
0, 9817304, 148343, 14674, 1619.31, -126.19, 4.35, 7.22, 46.50
0, 9824668, 149385, 14778, 1627.56, -127.44, 8.91, 9.53, 2.10
0, 9834019, 149674, 14837, 1641.13, -129.31, 9.79, 10.53, -53.67
0, 9844032, 149069, 14849, 1656.69, -130.31, 10.33, 10.12, -93.05
0, 9854173, 148298, 14783, 1666.25, -130.31, 7.17, 11.47, -96.59
0, 9862215, 147567, 14720, 1666.25, -130.62, 7.87, 11.47, -71.97
0, 9870514, 147023, 14670, 1660.63, -130.50, 8.58, 10.03, -27.83
0, 9880924, 146916, 14653, 1655.00, -129.81, 8.12, 8.63, 36.36
0, 9891458, 147395, 14638, 1648.56, -129.25, 7.66, 9.56, 85.93
0, 9902070, 148561, 14701, 1646.13, -129.06, 6.84, 9.56, 99.16
0, 9909608, 150095, 14835, 1648.38, -128.94, 6.84, 10.62, 82.33
0, 9917637, 151919, 15011, 1655.06, -128.94, 8.90, 6.93, 44.64
0, 9925006, 153011, 15128, 1669.13, -130.31, 11.77, 9.03, -0.02
0, 9936410, 153104, 15164, 1687.25, -132.12, 10.06, 10.71, -65.70
0, 9947625, 152389, 15176, 1697.75, -133.19, 5.42, 11.22, -98.89
0, 9958220, 151371, 15069, 1697.06, -133.44, 8.46, 10.92, -86.96
0, 9966263, 150525, 14989, 1691.63, -133.50, 8.33, 10.03, -52.19
0, 9974529, 149935, 14935, 1683.75, -132.69, 9.28, 9.75, -2.97
0, 9983075, 149864, 14916, 1683.75, -132.69, 10.48, 8.78, 48.58
0, 9993988, 150502, 14897, 1670.31, -131.37, 10.33, 8.26, 92.95
