********************************************************************************
Obsolete PIO Core v6.1.11 is used (previous was 6.1.14)
Please remove multiple PIO Cores from a system:
https://docs.platformio.org/en/latest/core/installation/troubleshooting.html
********************************************************************************
--- Terminal on /dev/cu.usbmodem14303 | 230400 8-N-1
--- Available filters and text transformations: colorize, debug, default, direct, hexlify, log2file, nocontrol, printable, send_on_enter, time
--- More details at https://bit.ly/pio-monitor-filters
--- Quit: Ctrl+C | Menu: Ctrl+T | Help: Ctrl+T followed by Ctrl+H
start
pain
Waiting for ODrive...
pin
found ODrive
DC voltage: 24.01
Enabling closed loop control...
ODrive running!
end time:10000000
0, 33, 131072, -196608, 14.44, -1.06, 15.34, 7.33, 100.00
0, 9540, 2550, 146, 14.31, -1.12, 15.34, 5.01, 99.91
0, 16061, 4961, 373, 13.88, -1.12, 12.61, 5.01, 99.74
0, 22053, 7115, 598, 13.88, -1.37, 12.61, 3.00, 99.50
0, 27981, 9297, 821, 18.87, -1.37, 5.89, 7.54, 99.20
0, 35031, 11880, 1044, 18.87, -4.06, 12.84, 11.27, 98.75
0, 44734, 15198, 1407, 39.69, -7.44, 12.72, 7.84, 97.96
0, 54538, 18760, 1797, 60.13, -10.50, 15.69, 8.32, 96.97
0, 63616, 22070, 2110, 79.75, -13.81, 15.12, 8.32, 95.89
0, 69513, 24262, 2333, 98.69, -17.19, 15.12, 10.15, 95.10
0, 75213, 26344, 2524, 98.69, -17.19, 17.08, 10.15, 94.27
0, 81206, 28497, 2746, 117.00, -20.50, 13.26, 10.98, 93.33
0, 91078, 32115, 3100, 134.75, -23.62, 11.72, 8.55, 91.64
0, 100952, 35744, 3478, 152.37, -26.81, 7.45, 12.04, 89.76
0, 110749, 39312, 3789, 170.00, -30.19, 7.45, 10.11, 87.72
0, 116852, 41479, 3998, 187.87, -30.19, 5.69, 10.11, 86.36
0, 122771, 43600, 4213, 187.87, -33.38, 3.22, 8.14, 84.98
0, 128477, 45667, 4423, 206.12, -36.38, 3.22, 9.95, 83.59
0, 136007, 48368, 4673, 225.12, -36.38, 7.64, 8.79, 81.68
0, 145213, 51325, 5005, 225.12, -39.63, 10.28, 9.71, 79.20
0, 154750, 54180, 5287, 244.87, -43.00, 15.34, 8.95, 76.50
0, 163822, 57033, 5586, 265.56, -46.31, 14.05, 8.95, 73.79
0, 169721, 58996, 5772, 286.87, -49.06, 14.05, 9.40, 71.97
0, 175419, 60839, 5950, 286.87, -49.06, 14.20, 9.40, 70.15
0, 181310, 62652, 6131, 308.69, -51.94, 14.73, 10.14, 68.23
0, 190270, 65306, 6412, 330.87, -54.63, 12.46, 9.94, 65.21
0, 199435, 67813, 6661, 353.19, -57.31, 12.46, 8.42, 62.02
0, 209181, 70228, 6900, 375.12, -60.00, 12.85, 9.44, 58.50
0, 215948, 71736, 7049, 375.12, -60.00, 9.53, 9.44, 55.99
0, 221826, 72979, 7153, 396.31, -62.31, 9.53, 10.49, 53.77
0, 227752, 74178, 7257, 416.81, -62.31, 6.79, 9.32, 51.49
0, 234503, 75446, 7378, 416.81, -64.44, 6.81, 9.82, 48.85
0, 244484, 77101, 7536, 436.69, -66.12, 7.44, 9.46, 44.86
0, 254439, 78595, 7683, 455.19, -67.75, 8.05, 9.46, 40.80
0, 263854, 79850, 7810, 471.56, -69.19, 8.79, 9.35, 36.87
0, 269743, 80587, 7882, 485.69, -69.19, 8.79, 9.16, 34.39
0, 275639, 81275, 7951, 485.69, -70.50, 9.23, 9.16, 31.87
0, 281703, 81929, 8015, 498.25, -71.75, 8.85, 9.23, 29.26
0, 290923, 82800, 8096, 509.44, -72.87, 9.72, 9.71, 25.25
0, 299759, 83492, 8163, 519.56, -73.87, 9.72, 9.75, 21.36
0, 309382, 84001, 8210, 528.50, -74.69, 9.90, 9.74, 17.09
0, 316238, 84179, 8231, 528.50, -74.69, 10.90, 9.74, 14.03
0, 322139, 84192, 8236, 536.12, -75.31, 10.90, 9.83, 11.38
0, 328047, 84186, 8239, 542.00, -75.31, 11.25, 10.00, 8.73
0, 334815, 84180, 8242, 542.00, -75.69, 11.23, 9.58, 5.67
0, 344435, 84168, 8249, 545.37, -75.81, 9.78, 9.62, 1.33
0, 354384, 84149, 8259, 545.94, -75.81, 10.01, 9.62, -3.17
0, 363338, 84086, 8264, 545.87, -75.87, 10.13, 9.18, -7.22
0, 369040, 84003, 8265, 545.75, -75.87, 10.13, 9.70, -9.78
0, 374741, 83858, 8265, 545.75, -76.00, 10.40, 9.70, -12.35
0, 380551, 83625, 8265, 545.62, -76.00, 10.62, 9.29, -14.95
0, 389698, 83238, 8307, 545.00, -76.06, 10.62, 9.41, -19.03
0, 398798, 82831, 8317, 543.31, -76.12, 10.00, 8.48, -23.05
0, 407763, 82345, 8282, 540.00, -76.12, 9.71, 11.47, -26.97
0, 415883, 81812, 8240, 540.00, -76.56, 10.77, 11.47, -30.49
0, 421840, 81373, 8198, 536.44, -76.37, 10.77, 9.69, -33.04
0, 427970, 80873, 8146, 532.31, -76.37, 10.64, 9.42, -35.65
0, 434928, 80268, 8073, 532.31, -75.94, 9.81, 9.42, -38.57
0, 444479, 79346, 7941, 527.19, -75.37, 10.12, 9.66, -42.52
0, 453608, 78264, 7811, 521.00, -74.50, 9.69, 9.66, -46.22
0, 462809, 77046, 7669, 513.94, -73.31, 9.69, 8.88, -49.86
0, 468798, 76162, 7562, 506.00, -73.31, 9.09, 8.88, -52.19
0, 474708, 75210, 7462, 506.00, -72.00, 9.36, 9.77, -54.45
0, 480631, 74224, 7355, 496.31, -70.62, 9.36, 9.74, -56.68
0, 488723, 72823, 7252, 485.12, -69.06, 7.86, 9.47, -59.66
0, 497940, 71184, 7121, 472.25, -69.06, 8.40, 9.05, -62.95
0, 507647, 69246, 6929, 457.94, -67.56, 8.05, 10.28, -66.30
0, 515538, 67396, 6784, 457.94, -66.37, 8.55, 10.28, -68.93
0, 521242, 65976, 6652, 442.81, -66.37, 8.55, 9.52, -70.77
0, 527061, 64466, 6501, 426.31, -64.81, 7.63, 9.52, -72.61
0, 532771, 62849, 6342, 426.31, -63.13, 10.53, 10.35, -74.36
0, 541258, 60187, 6062, 406.81, -61.13, 10.26, 9.77, -76.87
0, 550716, 57184, 5752, 386.06, -58.75, 13.21, 10.01, -79.53
0, 560251, 54147, 5465, 364.62, -55.81, 13.21, 9.53, -82.07
0, 567501, 51871, 5241, 342.56, -55.81, 15.48, 9.53, -83.90
0, 573208, 49904, 5062, 342.56, -52.94, 14.61, 9.33, -85.28
0, 579094, 47757, 4845, 320.37, -52.94, 14.61, 10.73, -86.64
0, 586898, 44989, 4578, 298.31, -50.25, 14.78, 10.73, -88.34
0, 595356, 42202, 4249, 298.31, -47.44, 12.46, 9.28, -90.07
0, 604949, 38945, 3881, 276.62, -44.13, 7.42, 9.53, -91.87
0, 614064, 35737, 3596, 255.69, -40.88, 6.47, 9.67, -93.42
0, 619953, 33693, 3395, 235.56, -40.88, 6.47, 9.23, -94.34
0, 625844, 31551, 3221, 235.56, -37.25, 3.94, 9.23, -95.19
0, 631796, 29385, 3017, 216.12, -34.06, 4.61, 8.79, -95.98
0, 640953, 25998, 2680, 197.44, -31.31, 8.13, 10.71, -97.06
0, 650864, 22349, 2294, 179.25, -28.31, 11.93, 9.57, -98.04
0, 660743, 18755, 1953, 161.56, -25.00, 11.93, 10.00, -98.82
0, 668219, 16083, 1684, 144.00, -25.00, 16.60, 10.00, -99.28
0, 673918, 13964, 1491, 144.00, -21.56, 16.83, 10.58, -99.56
0, 679628, 11820, 1270, 126.31, -21.56, 16.83, 8.22, -99.77
0, 687480, 9076, 1005, 108.31, -18.56, 16.32, 8.22, -99.95
0, 695979, 6098, 660, 108.31, -15.44, 11.77, 9.99, -100.00
0, 705350, 2682, 280, 89.75, -12.19, 11.97, 8.23, -99.88
0, 714274, -541, 4, 70.44, -8.88, 10.94, 10.35, -99.61
0, 720303, -2677, -200, 50.25, -8.88, 10.94, 11.10, -99.33
0, 726259, -4877, -383, 50.25, -5.12, 7.65, 11.10, -98.99
0, 732159, -7072, -597, 29.12, -1.81, 2.46, 10.71, -98.57
0, 740721, -10235, -917, 7.25, 1.06, 3.96, 10.37, -97.85
0, 749196, -13305, -1253, -15.19, 1.06, 3.96, 11.38, -96.98
0, 758884, -16822, -1595, -37.81, 4.12, 5.61, 7.55, -95.82
0, 766877, -19637, -1862, -60.25, 7.50, 13.72, 7.55, -94.73
0, 772609, -21732, -2047, -60.25, 10.94, 13.72, 10.31, -93.86
0, 778611, -23988, -2286, -82.12, 10.94, 14.50, 10.31, -92.89
0, 785392, -26312, -2519, -82.12, 13.94, 17.03, 10.85, -91.71
0, 793182, -28963, -2795, -103.19, 17.00, 16.17, 9.20, -90.25
0, 801674, -31805, -3166, -123.37, 20.25, 14.75, 8.74, -88.53
0, 811391, -35060, -3494, -142.81, 20.25, 14.75, 10.04, -86.41
0, 818949, -37602, -3687, -161.62, 23.31, 12.67, 10.04, -84.64
0, 824655, -39463, -3870, -161.62, 27.12, 12.27, 10.80, -83.23
0, 830604, -41358, -4028, -179.87, 27.12, 12.27, 9.99, -81.71
0, 838507, -43870, -4250, -197.81, 30.19, 6.28, 8.70, -79.60
0, 847818, -46900, -4583, -215.56, 32.81, 6.06, 8.70, -76.98
0, 856534, -49749, -4882, -215.56, 35.44, 3.88, 9.55, -74.41
0, 864798, -52394, -5148, -233.50, 38.19, 6.53, 10.61, -71.86
0, 870941, -54296, -5326, -251.69, 38.19, 6.53, 10.61, -69.90
0, 876839, -55989, -5495, -270.44, 41.31, 10.71, 10.46, -67.97
0, 883117, -57774, -5651, -270.44, 44.31, 11.03, 8.75, -65.86
0, 890754, -60004, -5873, -289.75, 46.88, 12.25, 11.37, -63.22
0, 899402, -62380, -6122, -309.87, 46.88, 12.25, 8.52, -60.14
0, 909178, -64561, -6334, -330.69, 49.38, 14.38, 10.40, -56.55
0, 917574, -66125, -6548, -352.12, 51.88, 13.04, 10.40, -53.38
0, 923281, -67071, -6685, -352.12, 54.31, 13.04, 9.87, -51.18
0, 929253, -67984, -6774, -373.69, 54.31, 11.71, 9.87, -48.84
0, 936014, -68931, -6873, -373.69, 56.31, 10.04, 7.46, -46.15
0, 943295, -69914, -6966, -394.19, 58.56, 9.82, 9.70, -43.21
0, 951346, -70888, -7066, -410.94, 60.06, 10.21, 10.32, -39.90
0, 960517, -71817, -7148, -425.37, 60.06, 10.21, 9.03, -36.06
0, 968595, -72473, -7199, -438.37, 61.31, 9.08, 9.03, -32.63
0, 974300, -72864, -7229, -438.37, 62.38, 9.40, 10.72, -30.18
0, 980007, -73170, -7250, -449.62, 62.38, 9.40, 9.84, -27.71
0, 987829, -73447, -7271, -458.62, 63.25, 9.13, 9.84, -24.30
0, 996447, -73619, -7286, -458.62, 63.75, 8.82, 10.08, -20.50
0, 1003686, -73642, -7290, -465.56, 64.12, 9.10, 9.99, -17.28
0, 1011641, -73639, -7291, -470.31, 64.12, 9.10, 9.73, -13.73
0, 1019370, -73632, -7294, -472.87, 64.37, 9.16, 9.73, -10.26
0, 1025072, -73624, -7296, -472.87, 64.50, 10.14, 9.81, -7.69
0, 1031058, -73614, -7299, -473.69, 64.50, 10.14, 9.65, -4.99
0, 1039192, -73601, -7304, -473.62, 64.56, 9.95, 9.76, -1.32
0, 1048795, -73568, -7309, -473.50, 64.56, 10.25, 9.76, 3.03
0, 1057753, -73474, -7314, -473.31, 64.62, 10.06, 9.75, 7.07
0, 1064407, -73340, -7311, -473.31, 64.69, 9.04, 9.77, 10.07
0, 1071318, -73090, -7311, -473.12, 64.69, 9.04, 9.77, 13.17
0, 1077025, -72886, -7317, -472.62, 64.75, 9.84, 10.39, 15.73
0, 1083225, -72854, -7316, -472.62, 64.75, 9.09, 8.89, 18.49
0, 1090782, -72852, -7316, -471.25, 64.75, 12.86, 10.66, 21.84
0, 1099666, -72845, -7317, -468.19, 64.81, 12.86, 9.50, 25.74
0, 1109502, -72838, -7318, -466.44, 64.81, 9.87, 9.50, 30.01
0, 1117620, -72733, -7316, -466.37, 64.81, 10.14, 9.93, 33.49
0, 1123324, -72452, -7295, -466.37, 64.81, 10.04, 10.00, 35.91
0, 1130327, -71988, -7257, -466.31, 64.81, 8.27, 10.46, 38.85
0, 1139436, -71216, -7187, -466.06, 64.69, 8.27, 9.98, 42.61
0, 1148480, -70334, -7107, -463.00, 64.25, 9.38, 9.98, 46.27
0, 1157059, -69429, -7018, -456.75, 63.50, 9.29, 9.84, 49.67
0, 1164094, -68593, -6948, -456.75, 62.69, 9.64, 9.70, 52.41
0, 1171096, -67637, -6861, -448.37, 62.69, 9.64, 9.70, 55.08
0, 1176804, -66780, -6781, -448.37, 61.75, 9.48, 9.56, 57.22
0, 1182754, -65801, -6684, -438.87, 61.75, 9.75, 10.43, 59.40
0, 1190543, -64299, -6539, -428.12, 60.69, 9.75, 10.08, 62.20
0, 1199292, -62268, -6338, -415.06, 59.38, 10.21, 10.08, 65.25
0, 1208379, -60029, -6083, -399.62, 57.75, 11.41, 10.97, 68.30
0, 1215494, -58287, -5864, -399.62, 55.75, 12.70, 10.39, 70.62
0, 1222138, -56450, -5671, -380.62, 55.75, 12.70, 10.39, 72.71
0, 1227844, -54757, -5495, -719.19, 53.25, 13.14, 8.72, 74.46
0, 1233660, -52967, -5316, -719.19, 50.56, 12.77, 8.97, 76.19
0, 1241050, -50594, -5102, -697.94, 50.56, 12.34, 9.72, 78.31
0, 1250455, -47666, -4822, -677.00, 47.81, 12.34, 9.62, 80.88
0, 1259377, -44794, -4555, -656.62, 45.13, 10.09, 9.62, 83.19
0, 1267164, -42094, -4278, -656.62, 42.56, 7.14, 8.76, 85.09
0, 1273052, -40027, -4063, -637.06, 42.56, 7.14, 11.04, 86.46
0, 1279255, -37762, -3837, -618.12, 39.81, 5.54, 11.04, 87.84
0, 1286630, -35080, -3592, -618.12, 36.63, 2.59, 8.64, 89.38
0, 1292927, -32913, -3383, -599.87, 33.31, 4.56, 11.23, 90.62
0, 1301242, -30068, -3110, -582.19, 33.31, 12.02, 8.15, 92.15
0, 1310780, -26576, -2767, -564.75, 30.31, 12.02, 8.15, 93.74
0, 1319068, -23606, -2462, -547.06, 27.31, 13.02, 10.47, 94.98
0, 1324774, -21600, -2234, -547.06, 27.31, 15.86, 9.75, 95.75
0, 1330864, -19320, -1994, -529.00, 24.12, 15.86, 9.75, 96.51
0, 1339066, -16278, -1652, -510.50, 20.81, 15.82, 8.68, 97.41
0, 1347203, -13307, -1382, -491.37, 17.25, 16.10, 9.40, 98.18
0, 1354529, -10822, -1161, -491.37, 13.63, 15.22, 8.23, 98.75
0, 1362421, -7935, -875, -471.44, 13.63, 12.91, 9.01, 99.25
0, 1370309, -5039, -579, -450.62, 10.69, 12.91, 9.01, 99.62
0, 1376026, -2929, -361, -450.62, 10.69, 6.07, 11.63, 99.82
0, 1381737, -901, -167, -429.06, 7.69, 5.11, 11.63, 99.94
0, 1389822, 2036, 97, -406.81, 4.50, 5.11, 8.24, 100.00
0, 1399414, 5574, 446, -384.12, 1.12, 2.56, 9.13, 99.90
0, 1408608, 8988, 788, -361.56, -1.94, 6.34, 8.05, 99.63
0, 1415285, 11389, 993, -361.56, -5.25, 11.46, 9.97, 99.32
0, 1422073, 13770, 1261, -699.50, -5.25, 11.46, 9.97, 98.92
0, 1427784, 15760, 1486, -678.06, -8.63, 12.91, 8.96, 98.50
0, 1433561, 17905, 1693, -678.06, -8.63, 15.28, 9.05, 98.02
0, 1441443, 20816, 1998, -657.50, -11.75, 16.09, 9.40, 97.25
0, 1451169, 24328, 2344, -637.87, -15.19, 17.05, 8.63, 96.13
0, 1460339, 27693, 2673, -619.00, -18.62, 17.05, 8.63, 94.91
0, 1468036, 30515, 2950, -600.87, -21.69, 17.97, 9.93, 93.75
0, 1474078, 32697, 3165, -600.87, -21.69, 11.56, 9.93, 92.77
0, 1480113, 34927, 3394, -583.06, -24.81, 11.56, 10.93, 91.72
0, 1487954, 37816, 3654, -565.50, -28.00, 6.90, 9.66, 90.25
0, 1495797, 40684, 3921, -565.50, -31.37, 4.06, 10.62, 88.66
0, 1504290, 43781, 4232, -547.81, -34.38, 1.27, 10.55, 86.82
0, 1512365, 46762, 4522, -529.94, -34.38, 1.27, 10.55, 84.95
0, 1520666, 49736, 4847, -511.56, -37.56, 7.76, 8.74, 82.91
0, 1526381, 51599, 5036, -511.56, -37.56, 11.46, 8.95, 81.44
0, 1532280, 53468, 5211, -492.44, -41.06, 13.19, 8.95, 79.86
0, 1540493, 56132, 5500, -472.50, -44.50, 13.19, 11.65, 77.57
0, 1550172, 59498, 5824, -451.69, -47.69, 14.31, 9.02, 74.74
0, 1560181, 62815, 6148, -430.25, -50.75, 14.89, 9.55, 71.65
0, 1567124, 64998, 6384, -430.25, -53.69, 16.55, 10.43, 69.43
0, 1574063, 67045, 6586, -408.25, -53.69, 13.98, 10.43, 67.14
0, 1580187, 68745, 6750, -385.75, -56.56, 13.98, 9.42, 65.06
0, 1588016, 70748, 6950, -363.37, -59.38, 10.76, 9.35, 62.33
0, 1594990, 72415, 7110, -363.37, -61.94, 8.37, 9.82, 59.83
0, 1602845, 74227, 7264, -341.62, -61.94, 6.61, 9.50, 56.95
0, 1612314, 76260, 7461, -320.56, -64.19, 6.61, 9.50, 53.38
0, 1620779, 77928, 7618, -300.25, -66.06, 7.06, 9.68, 50.10
0, 1626483, 78992, 7724, -300.25, -66.06, 7.35, 9.64, 47.86
0, 1632410, 80035, 7829, -280.50, -67.87, 7.46, 9.64, 45.49
0, 1640678, 81473, 7971, -261.75, -69.62, 7.46, 9.10, 42.13
0, 1650374, 83069, 8123, -245.06, -71.25, 8.06, 8.91, 38.11
0, 1660495, 84511, 8269, -229.87, -72.87, 8.59, 10.00, 33.84
0, 1667176, 85223, 8363, -229.87, -74.37, 9.53, 9.19, 30.98
0, 1674467, 85869, 8435, -216.31, -74.37, 11.87, 9.19, 27.83
0, 1680175, 86275, 8481, -202.81, -75.81, 11.87, 9.46, 25.34
0, 1688062, 86725, 8528, -191.50, -77.06, 10.61, 9.88, 21.88
0, 1694412, 87016, 8560, -191.50, -77.06, 11.07, 9.81, 19.07
0, 1702909, 87246, 8584, -183.19, -77.94, 10.57, 9.79, 15.28
0, 1712690, 87359, 8595, -177.00, -78.50, 10.57, 9.79, 10.90
0, 1720829, 87358, 8601, -174.25, -78.94, 10.81, 9.65, 7.23
0, 1726534, 87349, 8603, -174.25, -78.94, 10.71, 9.45, 4.66
0, 1732237, 87340, 8606, -171.56, -79.12, 10.42, 9.45, 2.08
0, 1740023, 87325, 8612, -170.44, -79.19, 10.42, 9.53, -1.44
0, 1748661, 87284, 8629, -170.56, -79.25, 10.09, 9.43, -5.35
0, 1756060, 87193, 8641, -170.56, -79.31, 10.05, 9.42, -8.68
0, 1764130, 86962, 8643, -170.75, -79.31, 10.25, 9.42, -12.31
0, 1771925, 86658, 8647, -171.37, -79.50, 10.25, 9.39, -15.80
0, 1777637, 86449, 8664, -173.12, -79.56, 10.29, 9.58, -18.35
0, 1784093, 86153, 8654, -173.12, -79.56, 10.52, 9.58, -21.21
0, 1791666, 85716, 8609, -176.25, -79.62, 10.52, 10.03, -24.54
0, 1800826, 85049, 8539, -179.62, -79.81, 10.71, 10.38, -28.53
0, 1810714, 84133, 8449, -184.31, -79.50, 10.72, 9.36, -32.79
0, 1817382, 83433, 8378, -184.31, -78.81, 10.79, 9.68, -35.62
0, 1824329, 82617, 8303, -190.50, -78.81, 10.79, 9.68, -38.54
0, 1830095, 81865, 8245, -198.31, -78.06, 10.34, 9.43, -40.93
0, 1837159, 80896, 8150, -198.31, -78.06, 10.28, 9.42, -43.83
0, 1844522, 79906, 8025, -207.44, -77.06, 9.62, 9.92, -46.79
0, 1853411, 78629, 7854, -218.12, -76.06, 9.31, 9.91, -50.31
0, 1863103, 77080, 7666, -229.44, -74.87, 9.31, 9.91, -54.05
0, 1871096, 75666, 7507, -241.19, -73.25, 8.93, 9.40, -57.05
0, 1876801, 74600, 7395, -241.19, -73.25, 8.41, 9.00, -59.15
0, 1882512, 73495, 7295, -254.50, -71.50, 7.19, 9.00, -61.21
0, 1890358, 71921, 7188, -269.56, -69.81, 7.19, 10.08, -63.98
0, 1899042, 70103, 7006, -286.12, -68.00, 8.04, 9.16, -66.95
0, 1908031, 67925, 6824, -304.06, -66.62, 7.74, 10.77, -69.91
0, 1915046, 66055, 6659, -304.06, -66.62, 6.79, 8.43, -72.14
0, 1922983, 63801, 6431, -323.50, -64.94, 6.79, 8.43, -74.58
0, 1928697, 62014, 6270, -344.44, -64.94, 8.69, 10.34, -76.28
0, 1935140, 59858, 6028, -344.44, -63.06, 10.87, 10.34, -78.13
0, 1942331, 57460, 5775, -366.06, -60.88, 14.73, 9.09, -80.12
0, 1952305, 54127, 5462, -388.25, -58.25, 16.02, 9.46, -82.73
0, 1962264, 50820, 5147, -410.50, -55.13, 16.02, 10.05, -85.18
0, 1969102, 48286, 4893, -432.44, -52.19, 15.51, 10.06, -86.76
0, 1976016, 45816, 4643, -432.44, -52.19, 14.55, 10.06, -88.27
0, 1982036, 43777, 4436, -453.87, -49.38, 14.55, 10.07, -89.52
0, 1990148, 41037, 4106, -474.44, -46.19, 12.15, 7.26, -91.09
0, 1999102, 37864, 3756, -494.25, -42.94, 8.31, 10.16, -92.69
0, 2008784, 34447, 3476, -513.25, -39.38, 6.31, 9.54, -94.24
0, 2015557, 32056, 3261, -513.25, -39.38, 3.67, 8.65, -95.22
0, 2023510, 29150, 2990, -531.69, -35.75, 3.67, 8.65, -96.26
0, 2029218, 27009, 2778, -549.62, -35.75, 5.38, 10.15, -96.92
0, 2036108, 24475, 2525, -549.62, -32.94, 6.80, 10.15, -97.64
0, 2043273, 21905, 2243, -567.31, -30.06, 12.35, 9.67, -98.29
0, 2052992, 18426, 1921, -584.87, -26.94, 13.44, 9.37, -99.01
0, 2062935, 14748, 1566, -602.69, -23.62, 13.44, 8.63, -99.54
0, 2069756, 12230, 1321, -621.00, -20.37, 15.00, 9.28, -99.79
0, 2076671, 9793, 1080, -621.00, -20.37, 15.34, 9.28, -99.94
0, 2082380, 7704, 866, -639.94, -17.37, 12.25, 11.49, -100.00
0, 2090464, 4840, 517, -659.62, -14.19, 12.25, 8.67, -99.96
0, 2099482, 1525, 175, -680.19, -10.94, 13.72, 8.66, -99.76
0, 2109370, -1989, -128, -701.62, -7.44, 11.86, 10.59, -99.35
0, 2116147, -4478, -354, -701.62, -7.44, 2.79, 11.07, -98.96
0, 2124060, -7384, -643, -723.87, -3.62, 2.79, 11.07, -98.38
0, 2129951, -9586, -869, -746.44, -0.69, 1.64, 8.65, -97.87
0, 2136742, -12101, -1129, -746.44, -0.69, 3.82, 8.65, -97.19
0, 2143695, -14603, -1388, -769.12, 2.31, 5.67, 10.79, -96.40
0, 2153477, -18097, -1714, -791.37, 5.69, 12.12, 8.48, -95.13
0, 2163538, -21805, -2057, -812.94, 9.00, 12.12, 9.56, -93.63
0, 2170713, -24400, -2316, -833.62, 12.31, 13.45, 10.05, -92.45
0, 2177460, -26781, -2559, -833.62, 12.31, 15.07, 10.05, -91.24
0, 2183920, -28993, -2791, -853.37, 15.25, 16.24, 8.92, -90.00
0, 2191612, -31570, -3154, -872.44, 18.37, 16.24, 9.75, -88.43
0, 2200748, -34641, -3449, -890.87, 21.62, 15.46, 9.01, -86.43
0, 2210437, -37871, -3714, -908.94, 25.06, 13.33, 11.68, -84.15
0, 2217151, -40043, -3928, -908.94, 25.06, 8.12, 10.56, -82.47
0, 2224997, -42522, -4122, -926.81, 28.50, 6.72, 10.56, -80.41
0, 2230727, -44339, -4311, -944.62, 31.25, 6.72, 10.05, -78.84
0, 2238502, -46843, -4579, -962.62, 31.25, 5.80, 9.43, -76.63
0, 2244724, -48856, -4797, -962.62, 33.69, 3.51, 9.43, -74.79
0, 2254067, -51797, -5092, -981.06, 36.75, 6.68, 10.81, -71.92
0, 2264002, -54796, -5371, -1000.06, 39.81, 6.68, 9.67, -68.73
0, 2270917, -56712, -5564, -1019.81, 42.56, 9.82, 10.33, -66.42
0, 2277845, -58645, -5724, -1019.81, 42.56, 11.03, 10.33, -64.05
0, 2284156, -60438, -5918, -1040.31, 45.00, 12.04, 11.03, -61.83
0, 2293205, -62781, -6159, -1061.38, 47.25, 13.90, 9.35, -58.57
0, 2304348, -65118, -6397, -1083.00, 49.88, 13.08, 9.55, -54.41
0, 2315558, -67028, -6681, -1104.75, 52.00, 11.42, 9.73, -50.09
0, 2324611, -68371, -6820, -1125.94, 54.06, 11.42, 7.65, -46.50
0, 2331843, -69346, -6914, -1143.88, 56.13, 10.27, 13.62, -43.58
0, 2341295, -70508, -7025, -1158.81, 57.44, 9.99, 9.34, -39.70
0, 2350074, -71407, -7118, -1171.88, 58.63, 9.73, 9.25, -36.02
0, 2359694, -72182, -7179, -1183.38, 59.63, 8.95, 10.06, -31.93
0, 2368126, -72729, -7218, -1192.69, 59.63, 9.29, 10.27, -28.30
0, 2377833, -73171, -7249, -1192.69, 60.31, 9.18, 10.27, -24.06
0, 2385282, -73345, -7262, -1199.88, 60.81, 9.00, 10.22, -20.78
0, 2393727, -73378, -7265, -1205.38, 61.13, 8.67, 9.98, -17.03
0, 2403725, -73375, -7267, -1208.81, 61.31, 9.13, 10.00, -12.56
0, 2414987, -73365, -7271, -1210.00, 61.31, 10.18, 9.67, -7.49
0, 2422653, -73347, -7277, -1210.00, 61.38, 10.18, 9.49, -4.03
0, 2428970, -73328, -7282, -1209.88, 61.38, 10.11, 9.64, -1.18
0, 2435392, -73295, -7287, -1209.88, 61.38, 10.06, 9.64, 1.73
0, 2442441, -73219, -7291, -1209.75, 61.50, 10.06, 9.83, 4.91
0, 2451556, -73038, -7288, -1209.44, 61.56, 9.93, 10.35, 9.03
0, 2461487, -72743, -7288, -1208.75, 61.63, 9.59, 9.29, 13.49
0, 2468254, -72622, -7295, -1208.75, 61.63, 10.12, 9.76, 16.51
0, 2476351, -72620, -7295, -1207.13, 61.63, 9.18, 9.76, 20.11
0, 2482419, -72616, -7295, -1204.56, 61.69, 9.18, 9.28, 22.79
0, 2490622, -72610, -7296, -1203.19, 61.69, 9.92, 9.66, 26.39
0, 2498522, -72603, -7297, -1203.13, 61.75, 10.06, 9.86, 29.82
0, 2507685, -72452, -7294, -1203.13, 61.75, 10.03, 9.54, 33.74
0, 2516414, -71969, -7254, -1203.00, 61.75, 10.11, 9.54, 37.43
0, 2524308, -71362, -7200, -1202.81, 61.75, 10.11, 10.19, 40.72
0, 2531649, -70688, -7139, -1200.25, 61.38, 8.61, 10.34, 43.73
0, 2539499, -69908, -7063, -1194.38, 61.38, 9.11, 9.90, 46.89
0, 2546277, -69170, -6995, -1194.38, 60.69, 9.45, 9.90, 49.58
0, 2555731, -67969, -6891, -1186.38, 59.94, 9.73, 9.91, 53.24
0, 2564969, -66612, -6764, -1177.13, 59.00, 9.73, 10.11, 56.73
0, 2571858, -65472, -6651, -1166.38, 57.94, 9.46, 10.01, 59.27
0, 2578656, -64138, -6522, -1153.38, 57.94, 9.89, 10.01, 61.72
0, 2584732, -62765, -6387, -1153.38, 56.75, 10.45, 10.06, 63.85
0, 2593598, -60569, -6159, -1138.13, 55.19, 11.55, 10.66, 66.89
0, 2603738, -58096, -5839, -1119.19, 53.25, 13.04, 10.33, 70.22
0, 2614047, -55182, -5539, -1097.69, 50.88, 13.04, 8.95, 73.47
0, 2620586, -53237, -5340, -1076.13, 50.88, 12.97, 9.10, 75.44
0, 2628189, -50842, -5126, -1076.13, 48.19, 12.65, 9.10, 77.65
0, 2634132, -48978, -4943, -1054.75, 45.50, 11.81, 11.09, 79.32
0, 2643371, -46157, -4680, -1033.88, 42.88, 9.28, 10.57, 81.79
0, 2652258, -43116, -4384, -1013.69, 40.31, 9.28, 9.25, 84.04
0, 2661963, -39725, -4033, -994.19, 37.69, 7.43, 9.96, 86.33
0, 2668737, -37262, -3788, -994.19, 37.69, 3.47, 7.58, 87.84
0, 2677068, -34268, -3519, -975.50, 34.63, 3.08, 7.58, 89.58
0, 2682855, -32298, -3328, -957.50, 31.31, 5.17, 9.95, 90.71
0, 2691032, -29476, -3051, -939.87, 31.31, 5.17, 9.41, 92.20
0, 2698944, -26559, -2765, -922.25, 28.19, 11.83, 9.59, 93.53
0, 2707943, -23348, -2428, -922.25, 25.19, 13.29, 10.37, 94.89
0, 2717010, -20110, -2063, -904.37, 22.00, 17.56, 10.37, 96.10
0, 2724594, -17341, -1760, -886.37, 18.81, 17.56, 10.23, 97.00
0, 2730944, -15017, -1539, -867.75, 18.81, 15.39, 8.49, 97.65
0, 2738289, -12315, -1282, -867.75, 15.25, 16.58, 8.49, 98.32
0, 2744395, -10227, -1106, -848.50, 11.63, 12.33, 10.93, 98.78
0, 2753105, -7060, -793, -828.44, 8.56, 11.67, 9.44, 99.32
0, 2762521, -3615, -438, -807.56, 5.69, 11.67, 9.22, 99.72
0, 2769294, -1152, -191, -785.81, 5.69, 6.66, 9.19, 99.90
0, 2777569, 1857, 83, -785.81, 2.50, 3.72, 9.19, 100.00
0, 2783266, 3972, 299, -763.37, -0.88, 4.51, 8.43, 99.98
0, 2791313, 6936, 581, -740.75, -0.88, 4.51, 11.37, 99.84
0, 2799017, 9772, 865, -1078.25, -4.00, 9.05, 9.58, 99.59
0, 2807541, 12802, 1157, -1078.25, -7.25, 12.02, 9.58, 99.16
0, 2816633, 16077, 1520, -1056.25, -10.56, 13.21, 7.86, 98.55
0, 2823520, 18587, 1778, -1035.00, -13.75, 13.21, 10.58, 97.97
0, 2830777, 21249, 2040, -1014.69, -13.75, 16.33, 10.58, 97.26
0, 2837734, 23843, 2298, -1014.69, -17.19, 16.08, 7.53, 96.49
0, 2844188, 26185, 2514, -995.19, -20.62, 16.32, 10.44, 95.68
0, 2853204, 29441, 2829, -976.50, -23.75, 15.60, 11.11, 94.41
0, 2862766, 32909, 3190, -958.37, -26.87, 15.60, 8.86, 92.90
0, 2869577, 35417, 3445, -940.62, -26.87, 11.34, 8.86, 91.72
0, 2877901, 38470, 3714, -940.62, -30.00, 6.99, 8.47, 90.15
0, 2883964, 40679, 3920, -923.00, -33.31, 3.11, 8.97, 88.93
0, 2891979, 43615, 4216, -905.31, -33.31, 3.11, 8.39, 87.22
0, 2900064, 46611, 4510, -887.37, -36.44, 3.78, 9.28, 85.37
0, 2909949, 50138, 4893, -868.81, -39.56, 7.61, 8.49, 82.96
0, 2918053, 52799, 5154, -868.81, -43.00, 11.63, 8.49, 80.86
0, 2926014, 55387, 5431, -849.62, -46.44, 15.29, 11.76, 78.69
0, 2931820, 57399, 5620, -829.50, -46.44, 15.29, 9.31, 77.04
0, 2939635, 60154, 5888, -808.62, -49.88, 14.09, 9.31, 74.74
0, 2946311, 62427, 6108, -808.62, -52.88, 14.55, 10.53, 72.70
0, 2954035, 64962, 6378, -787.00, -55.94, 17.10, 10.71, 70.26
0, 2963617, 67899, 6671, -764.69, -58.81, 17.10, 7.97, 67.11
0, 2970614, 69882, 6869, -742.25, -58.81, 13.63, 10.82, 64.73
0, 2978589, 71959, 7073, -742.25, -61.81, 10.19, 10.82, 61.94
0, 2984524, 73449, 7194, -720.19, -64.56, 7.16, 10.44, 59.81
0, 2992434, 75341, 7367, -1058.63, -64.56, 7.16, 9.96, 56.91
0, 3000586, 77107, 7538, -1037.75, -67.00, 6.08, 9.48, 53.84
0, 3010839, 79186, 7744, -1017.50, -69.00, 7.21, 8.55, 49.87
0, 3018673, 80684, 7892, -1017.50, -71.00, 6.87, 8.55, 46.77
0, 3026563, 82149, 8036, -998.06, -72.81, 8.17, 9.77, 43.59
0, 3032525, 83206, 8136, -980.44, -72.81, 8.17, 8.90, 41.15
0, 3040360, 84451, 8259, -964.19, -74.62, 8.57, 8.90, 37.89
0, 3047114, 85326, 8372, -964.19, -76.37, 9.36, 9.98, 35.05
0, 3055236, 86212, 8470, -948.81, -77.94, 10.83, 9.61, 31.59
0, 3063905, 87008, 8557, -935.25, -79.44, 10.83, 10.14, 27.84
0, 3070899, 87541, 8613, -924.62, -79.44, 10.79, 9.57, 24.79
0, 3079082, 88014, 8662, -916.12, -80.75, 10.80, 9.57, 21.19
0, 3085366, 88315, 8693, -916.12, -81.62, 11.27, 9.58, 18.41
0, 3092944, 88592, 8719, -909.31, -81.62, 11.27, 9.61, 15.03
0, 3101178, 88758, 8734, -904.31, -82.31, 10.69, 9.68, 11.34
0, 3111084, 88789, 8739, -900.56, -82.81, 10.99, 9.63, 6.88
0, 3119107, 88778, 8743, -898.44, -83.12, 10.86, 9.63, 3.25
0, 3126903, 88765, 8745, -898.44, -83.25, 10.55, 9.45, -0.27
0, 3133032, 88751, 8747, -897.94, -83.25, 10.55, 9.37, -3.04
0, 3141037, 88706, 8755, -898.06, -83.31, 9.88, 9.37, -6.66
0, 3148207, 88615, 8760, -898.06, -83.31, 9.98, 9.42, -9.89
0, 3155496, 88417, 8761, -898.25, -83.31, 10.20, 9.31, -13.16
0, 3164111, 88088, 8785, -898.62, -83.37, 10.85, 9.56, -17.01
0, 3171324, 87834, 8816, -899.81, -83.37, 10.85, 9.02, -20.22
0, 3179538, 87484, 8786, -902.56, -83.44, 9.76, 9.02, -23.84
0, 3185758, 87131, 8755, -902.56, -83.69, 9.94, 10.90, -26.56
0, 3193084, 86609, 8703, -905.56, -83.69, 9.94, 9.96, -29.74
0, 3201286, 85859, 8625, -909.12, -83.87, 11.16, 9.63, -33.26
0, 3211234, 84699, 8507, -914.31, -83.50, 10.63, 9.63, -37.47
0, 3219453, 83587, 8394, -921.37, -82.87, 11.34, 10.02, -40.89
0, 3226924, 82498, 8294, -921.37, -81.94, 10.56, 9.74, -43.95
0, 3233263, 81505, 8211, -930.75, -81.94, 10.56, 9.00, -46.50
0, 3241108, 80246, 8072, -941.87, -80.81, 9.56, 9.00, -49.61
0, 3248162, 79116, 7911, -941.87, -79.50, 9.41, 9.79, -52.36
0, 3255590, 77818, 7753, -954.25, -78.25, 9.14, 9.72, -55.19
0, 3264052, 76233, 7573, -967.62, -78.25, 9.14, 9.44, -58.34
0, 3271532, 74730, 7408, -981.50, -76.56, 8.09, 9.44, -61.05
0, 3280001, 72972, 7261, -996.94, -74.56, 7.10, 9.53, -64.04
0, 3286671, 71558, 7157, -996.94, -72.69, 7.14, 9.39, -66.33
0, 3293444, 70049, 6999, -1014.19, -72.69, 7.85, 10.03, -68.59
0, 3301558, 67993, 6828, -1032.81, -70.75, 7.85, 9.91, -71.21
0, 3311169, 65334, 6585, -1052.50, -69.31, 6.72, 9.91, -74.19
0, 3319039, 62983, 6351, -1073.56, -67.44, 7.90, 8.77, -76.53
0, 3325919, 60688, 6113, -1073.56, -65.50, 11.22, 10.74, -78.50
0, 3334212, 57873, 5815, -1095.25, -65.50, 14.74, 10.58, -80.77
0, 3343308, 54766, 5526, -1117.31, -63.13, 16.67, 8.24, -83.12
0, 3351617, 51989, 5249, -1139.38, -60.38, 16.67, 10.05, -85.15
0, 3362336, 48065, 4870, -1161.13, -57.19, 16.77, 10.41, -87.59
0, 3371544, 44784, 4557, -1182.25, -54.25, 15.99, 10.41, -89.52
0, 3380956, 41592, 4172, -1202.56, -51.31, 12.29, 8.21, -91.34
0, 3387734, 39217, 3906, -1202.56, -48.00, 8.84, 10.13, -92.54
0, 3394443, 36779, 3651, -1222.00, -44.75, 6.42, 10.73, -93.65
0, 3402309, 33989, 3423, -1240.81, -44.75, 6.42, 8.90, -94.84
0, 3411751, 30538, 3133, -1259.00, -41.00, 3.25, 8.90, -96.11
0, 3419830, 27566, 2833, -1276.81, -38.25, 5.20, 10.42, -97.05
0, 3426697, 25013, 2590, -1276.81, -35.31, 5.74, 8.27, -97.75
0, 3433629, 22521, 2310, -1294.50, -35.31, 5.74, 9.24, -98.37
0, 3441558, 19663, 2036, -1312.19, -32.06, 12.85, 9.24, -98.95
0, 3449092, 16917, 1766, -1330.19, -28.62, 12.27, 8.41, -99.38
0, 3456135, 14297, 1523, -1330.19, -25.62, 15.77, 10.60, -99.69
0, 3465023, 11110, 1199, -1348.75, -25.62, 17.04, 8.85, -99.92
0, 3472410, 8407, 944, -1368.00, -22.50, 17.04, 8.85, -100.00
0, 3480764, 5517, 589, -1388.06, -19.31, 13.01, 9.32, -99.95
0, 3487514, 3029, 320, -1388.06, -16.06, 14.61, 8.70, -99.80
0, 3494357, 509, 78, -1408.94, -16.06, 12.83, 11.01, -99.56
0, 3502439, -2332, -165, -1430.56, -12.25, 12.83, 12.03, -99.15
0, 3512828, -6174, -506, -1452.94, -8.69, 3.93, 8.51, -98.44
0, 3521126, -9247, -829, -1475.50, -5.94, 3.32, 8.51, -97.71
0, 3528813, -12034, -1114, -1475.50, -2.87, 3.18, 9.42, -96.91
0, 3534861, -14180, -1352, -1498.06, -2.87, 9.70, 10.41, -96.20
0, 3544193, -17531, -1657, -1520.06, 0.50, 12.78, 9.13, -94.96
0, 3552518, -20605, -1961, -1541.31, 3.94, 12.78, 10.56, -93.71
0, 3563177, -24495, -2332, -1561.63, 7.00, 14.61, 10.80, -91.92
0, 3572689, -27857, -2655, -1581.13, 10.00, 15.16, 10.80, -90.14
0, 3582401, -31136, -3112, -1599.88, 13.25, 16.19, 8.85, -88.15
0, 3591643, -34215, -3408, -1618.06, 16.37, 15.30, 10.06, -86.10
0, 3600479, -37127, -3641, -1636.00, 20.19, 13.00, 7.63, -84.00
0, 3609526, -40015, -3926, -1653.88, 23.31, 8.46, 10.85, -81.72
0, 3617682, -42554, -4125, -1653.88, 25.94, 7.38, 9.04, -79.53
0, 3624389, -44631, -4346, -1671.81, 25.94, 4.75, 9.27, -77.66
0, 3632272, -47122, -4599, -1690.00, 28.56, 4.75, 9.27, -75.37
0, 3640233, -49619, -4869, -1708.75, 31.06, 5.59, 9.70, -72.95
0, 3647037, -51723, -5087, -1708.75, 34.06, 5.77, 7.85, -70.81
0, 3653983, -53823, -5283, -1728.00, 34.06, 8.85, 10.77, -68.56
0, 3664690, -56791, -5571, -1748.00, 37.06, 10.70, 9.66, -64.96
0, 3673759, -59316, -5795, -1768.75, 39.63, 11.63, 11.50, -61.78
0, 3683250, -61892, -6070, -1790.06, 42.06, 11.63, 11.50, -58.35
0, 3692589, -63953, -6268, -1811.75, 44.38, 13.33, 8.95, -54.87
0, 3701415, -65622, -6469, -1833.56, 46.94, 13.27, 10.03, -51.49
0, 3710971, -67127, -6689, -1855.13, 48.94, 11.48, 10.27, -47.74
0, 3718493, -68197, -6801, -1855.13, 50.94, 10.70, 9.29, -44.73
0, 3725863, -69160, -6896, -1874.63, 50.94, 10.17, 10.77, -41.72
0, 3734371, -70221, -6996, -1890.19, 52.81, 10.46, 10.77, -38.20
0, 3742834, -71141, -7092, -1903.63, 54.13, 10.46, 10.04, -34.63
0, 3751245, -71900, -7156, -1915.56, 55.19, 9.21, 8.86, -31.04
0, 3758970, -72466, -7199, -1915.56, 56.25, 9.41, 10.65, -27.70
0, 3766354, -72913, -7231, -1926.25, 56.25, 9.11, 9.88, -24.48
0, 3773806, -73230, -7254, -1934.94, 57.00, 9.11, 9.88, -21.20
0, 3782319, -73402, -7266, -1941.69, 57.50, 9.27, 9.77, -17.42
0, 3790128, -73419, -7271, -1946.75, 57.81, 8.51, 9.90, -13.93
0, 3796727, -73415, -7273, -1946.75, 57.81, 9.16, 9.96, -10.97
0, 3803922, -73408, -7275, -1949.56, 58.00, 10.17, 9.77, -7.73
0, 3813861, -73396, -7279, -1950.31, 58.06, 10.17, 9.77, -3.24
0, 3822143, -73368, -7287, -1950.25, 58.06, 9.98, 9.60, 0.50
0, 3829744, -73316, -7293, -1950.13, 58.13, 10.14, 9.74, 3.94
0, 3837175, -73209, -7295, -1950.13, 58.13, 9.87, 9.93, 7.29
0, 3844147, -73026, -7294, -1949.94, 58.19, 9.59, 9.93, 10.43
0, 3852232, -72742, -7294, -1949.44, 58.31, 9.59, 9.93, 14.06
0, 3861137, -72664, -7304, -1948.19, 58.56, 9.54, 9.62, 18.03
0, 3867039, -72662, -7304, -1948.19, 58.56, 9.52, 9.53, 20.65
0, 3874396, -72656, -7304, -1945.56, 58.69, 9.77, 9.53, 23.90
0, 3882880, -72649, -7306, -1943.69, 58.75, 9.77, 9.98, 27.60
0, 3890741, -72639, -7307, -1943.56, 58.75, 10.27, 9.73, 31.00
0, 3897492, -72564, -7306, -1943.56, 58.75, 9.98, 9.70, 33.89
0, 3904534, -72223, -7282, -1943.50, 58.75, 7.92, 10.10, 36.87
0, 3914229, -71504, -7219, -1943.38, 58.81, 7.92, 10.10, 40.91
0, 3922511, -70731, -7149, -1942.25, 58.69, 8.39, 10.42, 44.29
0, 3929456, -70022, -7079, -1942.25, 58.19, 8.90, 9.98, 47.09
0, 3937021, -69170, -6998, -1937.38, 58.19, 9.42, 9.95, 50.08
0, 3944048, -68266, -6919, -1930.00, 57.44, 9.54, 9.95, 52.80
0, 3952318, -67060, -6807, -1921.06, 56.50, 9.54, 9.28, 55.94
0, 3962361, -65406, -6645, -1910.81, 55.56, 9.52, 10.25, 59.64
0, 3969041, -64089, -6517, -1910.81, 54.38, 10.20, 10.01, 62.04
0, 3977240, -62171, -6328, -1898.31, 54.38, 10.80, 10.25, 64.91
0, 3985907, -60043, -6085, -1883.75, 53.00, 11.79, 10.76, 67.84
0, 3994391, -57959, -5826, -1866.13, 51.25, 13.05, 10.76, 70.61
0, 4003197, -55469, -5569, -1845.06, 49.13, 13.05, 8.89, 73.37
0, 4012883, -52534, -5276, -1823.44, 46.50, 13.35, 8.84, 76.27
0, 4019729, -50375, -5079, -1801.75, 43.94, 12.98, 9.96, 78.24
0, 4026371, -48304, -4883, -1801.75, 43.94, 11.45, 10.64, 80.07
0, 4035328, -45485, -4616, -1780.19, 41.13, 9.26, 10.64, 82.43
0, 4043322, -42713, -4344, -1759.19, 38.56, 9.26, 9.11, 84.43
0, 4051510, -39830, -4043, -1738.81, 36.00, 7.33, 10.75, 86.35
0, 4059328, -36953, -3758, -1738.81, 33.19, 3.43, 9.78, 88.08
0, 4066571, -34371, -3527, -1719.19, 33.19, 2.93, 10.14, 89.58
0, 4074685, -31606, -3263, -1700.38, 29.87, 2.93, 10.14, 91.15
0, 4082894, -28732, -2979, -1682.25, 26.62, 11.01, 8.93, 92.62
0, 4090744, -25851, -2698, -1664.38, 23.69, 12.09, 9.14, 93.90
0, 4097704, -23331, -2425, -1664.38, 23.69, 13.26, 10.61, 94.93
0, 4105459, -20545, -2108, -1646.56, 20.62, 17.80, 10.32, 95.98
0, 4115868, -16659, -1687, -1628.81, 17.37, 15.52, 8.15, 97.19
0, 4123978, -13685, -1425, -1610.88, 13.88, 15.52, 8.15, 97.99
0, 4131622, -11044, -1181, -1592.44, 10.31, 17.03, 7.96, 98.62
0, 4139470, -8168, -897, -1573.38, 10.31, 12.47, 10.30, 99.15
0, 4146187, -5675, -649, -1573.38, 6.87, 9.68, 10.30, 99.50
0, 4153940, -2823, -344, -1553.56, 3.94, 7.07, 10.38, 99.79
0, 4163703, 703, -28, -1532.81, 0.94, 7.07, 8.70, 99.98
0, 4170801, 3300, 226, -1511.25, -2.37, 4.36, 8.28, 99.99
0, 4177261, 5683, 461, -1511.25, -2.37, 5.06, 11.57, 99.92
0, 4185379, 8676, 761, -1488.94, -5.69, 10.32, 11.57, 99.71
0, 4193144, 11517, 1016, -1466.44, -8.69, 10.32, 8.66, 99.37
0, 4201002, 14195, 1314, -1443.88, -12.06, 13.12, 9.94, 98.92
0, 4208051, 16781, 1582, -1443.88, -15.38, 12.87, 10.90, 98.40
0, 4216167, 19796, 1898, -1421.75, -15.38, 16.81, 8.49, 97.68
0, 4224371, 22797, 2186, -1400.50, -18.56, 16.81, 8.49, 96.81
0, 4231880, 25540, 2454, -1379.94, -22.06, 16.10, 9.45, 95.91
0, 4240219, 28606, 2751, -1360.25, -25.44, 16.69, 10.88, 94.77
0, 4247113, 31074, 2996, -1360.25, -25.44, 11.42, 10.88, 93.73
0, 4254349, 33714, 3273, -1341.31, -28.56, 8.27, 11.12, 92.54
0, 4264130, 37318, 3602, -1323.00, -31.75, 8.27, 10.90, 90.78
0, 4271080, 39817, 3845, -1305.06, -34.94, 5.56, 9.51, 89.41
0, 4277718, 42229, 4074, -1305.06, -34.94, 3.08, 8.61, 88.03
0, 4286427, 45456, 4401, -1287.44, -38.25, 3.62, 8.61, 86.09
0, 4293996, 48208, 4656, -1269.81, -41.25, 8.88, 8.61, 84.30
0, 4302035, 50924, 4966, -1251.81, -44.50, 8.88, 8.78, 82.29
0, 4310895, 53713, 5235, -1233.44, -47.94, 13.41, 11.26, 79.95
0, 4317653, 55888, 5477, -1233.44, -47.94, 15.15, 9.34, 78.08
0, 4325534, 58605, 5730, -1214.38, -51.31, 14.05, 9.34, 75.80
0, 4333265, 61246, 5991, -1194.44, -54.31, 14.05, 9.38, 73.47
0, 4341125, 63831, 6249, -1173.81, -57.38, 14.30, 10.16, 71.02
0, 4347882, 65967, 6477, -1173.81, -57.38, 13.76, 7.75, 68.83
0, 4354947, 68073, 6689, -1152.31, -60.25, 14.00, 7.75, 66.48
0, 4364600, 70725, 6948, -1130.31, -63.13, 14.00, 10.73, 63.16
0, 4371513, 72492, 7117, -1108.13, -66.06, 10.38, 9.59, 60.70
0, 4378091, 74107, 7253, -1108.13, -66.06, 7.51, 10.04, 58.31
0, 4386585, 76042, 7443, -1086.19, -68.62, 5.82, 10.04, 55.15
0, 4393738, 77545, 7579, -1064.75, -70.87, 5.82, 9.24, 52.43
0, 4401814, 79135, 7739, -1043.75, -72.81, 7.21, 9.62, 49.28
0, 4410023, 80670, 7891, -1023.50, -74.75, 6.82, 8.60, 46.02
0, 4417135, 81968, 8019, -1023.50, -74.75, 8.11, 8.94, 43.14
0, 4425296, 83372, 8151, -1005.06, -76.50, 8.11, 8.94, 39.78
0, 4433039, 84548, 8271, -988.44, -78.25, 8.60, 9.91, 36.55
0, 4441404, 85543, 8397, -972.75, -78.25, 9.06, 9.36, 33.00
0, 4448232, 86221, 8473, -972.75, -79.94, 11.48, 9.36, 30.07
0, 4455450, 86823, 8538, -958.37, -81.44, 10.91, 10.29, 26.94
0, 4465207, 87478, 8607, -946.75, -82.87, 10.91, 9.69, 22.67
0, 4472671, 87836, 8644, -937.87, -83.94, 10.74, 9.92, 19.37
0, 4478983, 88058, 8668, -937.87, -83.94, 11.20, 9.57, 16.56
0, 4488167, 88290, 8690, -930.87, -84.75, 10.82, 9.57, 12.45
0, 4495168, 88398, 8701, -925.62, -85.31, 10.60, 9.68, 9.30
0, 4503057, 88406, 8705, -922.12, -85.62, 10.60, 9.58, 5.75
0, 4512097, 88396, 8708, -919.81, -85.75, 10.65, 9.76, 1.66
0, 4518804, 88380, 8712, -919.81, -85.75, 9.98, 9.41, -1.37
0, 4526679, 88352, 8720, -918.69, -85.81, 9.97, 9.41, -4.93
0, 4534103, 88294, 8726, -918.69, -85.75, 9.97, 9.68, -8.28
0, 4542131, 88131, 8728, -918.81, -85.81, 9.88, 9.43, -11.89
0, 4549526, 87844, 8729, -918.81, -85.81, 10.94, 9.54, -15.20
0, 4555907, 87572, 8768, -919.19, -85.87, 10.54, 9.54, -18.05
0, 4565600, 87157, 8756, -920.06, -85.94, 10.54, 8.66, -22.34
0, 4573221, 86778, 8719, -922.56, -86.00, 10.53, 11.22, -25.69
0, 4579519, 86376, 8679, -922.56, -86.00, 9.88, 9.64, -28.43
0, 4588726, 85568, 8594, -926.12, -85.75, 11.24, 9.64, -32.39
0, 4595577, 84830, 8521, -929.81, -85.19, 11.33, 9.82, -35.31
0, 4603385, 83841, 8419, -934.44, -84.37, 11.33, 9.78, -38.59
0, 4612687, 82560, 8299, -941.19, -83.31, 10.76, 9.56, -42.44
0, 4619274, 81583, 8219, -941.19, -83.31, 10.11, 9.31, -45.11
0, 4627415, 80334, 8083, -950.31, -82.06, 9.32, 9.31, -48.37
0, 4635389, 79107, 7910, -961.25, -80.94, 9.58, 9.89, -51.49
0, 4643200, 77780, 7747, -973.31, -79.37, 9.58, 10.38, -54.49
0, 4651287, 76306, 7581, -986.44, -79.37, 9.13, 8.81, -57.52
0, 4658205, 74956, 7432, -986.44, -77.44, 8.45, 10.19, -60.05
0, 4667159, 73143, 7271, -1000.06, -75.62, 6.53, 10.19, -63.23
0, 4674902, 71536, 7155, -1015.44, -73.69, 6.53, 9.09, -65.91
0, 4681477, 70134, 7007, -1032.63, -72.12, 7.53, 8.59, -68.11
0, 4690405, 67962, 6826, -1051.25, -72.12, 8.39, 8.59, -71.01
0, 4696664, 66318, 6687, -1051.25, -70.56, 6.61, 10.69, -72.98
0, 4704066, 64299, 6483, -1070.88, -68.69, 6.61, 9.53, -75.22
0, 4713193, 61540, 6216, -1091.75, -66.62, 8.49, 10.37, -77.88
0, 4719805, 59397, 5985, -1091.75, -66.62, 11.09, 9.72, -79.72
0, 4727859, 56762, 5714, -1113.44, -64.12, 14.10, 9.72, -81.87
0, 4735821, 54118, 5462, -1135.25, -61.25, 16.03, 8.44, -83.88
0, 4743594, 51552, 5215, -1156.88, -58.25, 16.03, 10.17, -85.74
0, 4752378, 48320, 4895, -1178.00, -55.44, 16.53, 9.48, -87.72
0, 4759902, 45640, 4626, -1198.44, -55.44, 15.87, 10.50, -89.30
0, 4768754, 42610, 4296, -1198.44, -52.44, 12.49, 10.50, -91.03
0, 4777468, 39560, 3943, -1218.13, -49.13, 9.65, 10.34, -92.59
0, 4785439, 36639, 3640, -1236.94, -45.75, 5.89, 10.22, -93.89
0, 4793300, 33836, 3406, -1255.31, -42.00, 5.89, 9.61, -95.05
0, 4801120, 30950, 3170, -1273.19, -42.00, 2.89, 10.83, -96.09
0, 4807924, 28439, 2922, -1273.19, -38.88, 5.60, 10.83, -96.90
0, 4817107, 25051, 2581, -1290.88, -36.00, 6.24, 7.88, -97.84
0, 4824555, 22313, 2281, -1308.63, -32.94, 6.24, 10.63, -98.48
0, 4830655, 20053, 2070, -1326.56, -32.94, 13.74, 9.57, -98.92
0, 4839732, 16767, 1753, -1326.56, -29.56, 13.62, 9.57, -99.44
0, 4845998, 14454, 1541, -1345.00, -26.19, 16.87, 11.48, -99.70
0, 4854185, 11465, 1249, -1364.13, -23.12, 18.19, 9.69, -99.92
0, 4863542, 8080, 916, -1384.06, -19.94, 18.19, 10.19, -100.00
0, 4870382, 5634, 608, -1404.88, -19.94, 16.10, 8.96, -99.95
0, 4878275, 2743, 290, -1404.88, -16.69, 14.60, 8.96, -99.77
0, 4886264, -155, 27, -1426.38, -13.13, 7.43, 9.39, -99.45
0, 4893818, -2889, -222, -1448.56, -9.31, 7.43, 9.47, -99.04
0, 4901899, -5869, -474, -1471.06, -9.31, 3.63, 11.38, -98.47
0, 4908656, -8336, -740, -1471.06, -6.31, 2.61, 9.55, -97.89
0, 4917819, -11702, -1070, -1493.56, -3.37, 2.71, 9.55, -96.96
0, 4925778, -14583, -1386, -1515.69, -0.19, 2.71, 10.35, -96.02
0, 4933095, -17161, -1622, -1537.19, 3.19, 8.32, 8.17, -95.04
0, 4941950, -20402, -1939, -1557.69, 3.19, 12.47, 11.26, -93.72
0, 4949956, -23349, -2218, -1577.38, 6.50, 15.40, 11.26, -92.39
0, 4957267, -26010, -2490, -1577.38, 9.44, 18.60, 10.37, -91.08
0, 4967515, -29518, -2866, -1596.19, 12.69, 16.85, 9.14, -89.07
0, 4975367, -32150, -3191, -1614.50, 15.94, 16.85, 9.08, -87.40
0, 4983258, -34757, -3462, -1632.38, 19.37, 15.22, 8.23, -85.61
0, 4992869, -37933, -3722, -1650.19, 19.37, 13.70, 10.99, -83.28
0, 5001723, -40769, -3988, -1668.13, 23.00, 8.26, 10.28, -81.00
0, 5009228, -43115, -4167, -1668.13, 25.87, 7.67, 9.04, -78.96
0, 5018306, -45950, -4497, -1686.31, 28.56, 5.06, 9.04, -76.38
0, 5026279, -48529, -4759, -1704.88, 30.94, 5.06, 9.53, -74.00
0, 5032988, -50636, -4987, -1724.06, 33.88, 5.10, 12.03, -71.93
0, 5042603, -53533, -5255, -1743.88, 33.88, 5.33, 7.96, -68.84
0, 5050585, -55774, -5473, -1764.50, 36.81, 9.51, 7.96, -66.18
0, 5056720, -57442, -5621, -1764.50, 39.63, 13.34, 8.28, -64.07
0, 5067004, -60196, -5892, -1785.81, 41.94, 13.34, 10.95, -60.43
0, 5074276, -62006, -6084, -1807.50, 44.25, 11.44, 10.54, -57.78
0, 5081552, -63524, -6223, -1829.31, 44.25, 13.27, 10.16, -55.06
0, 5091627, -65319, -6425, -1851.00, 46.69, 13.90, 10.16, -51.20
0, 5098924, -66326, -6596, -1851.00, 48.94, 11.35, 10.28, -48.34
0, 5105875, -67144, -6683, -1872.31, 50.69, 9.95, 10.00, -45.57
0, 5115199, -68050, -6785, -1891.25, 52.56, 9.95, 7.81, -41.78
0, 5121982, -68586, -6843, -1905.81, 52.56, 9.70, 9.57, -38.97
0, 5129881, -69102, -6892, -1905.81, 53.94, 9.30, 9.57, -35.66
0, 5138938, -69597, -6938, -1916.81, 54.81, 9.36, 9.99, -31.80
0, 5145637, -69909, -6967, -1925.56, 55.44, 9.20, 9.79, -28.91
0, 5153524, -70176, -6993, -1932.25, 55.88, 9.20, 9.76, -25.48
0, 5161649, -70294, -7002, -1937.50, 55.88, 9.28, 10.21, -21.91
0, 5169626, -70292, -7005, -1937.50, 56.31, 8.99, 10.21, -18.38
0, 5177595, -70289, -7006, -1941.63, 56.63, 8.98, 10.30, -14.83
0, 5184572, -70285, -7008, -1944.25, 56.69, 9.98, 9.39, -11.70
0, 5193366, -70276, -7010, -1944.88, 56.69, 9.98, 9.62, -7.74
0, 5201399, -70262, -7014, -1944.88, 56.69, 9.82, 9.62, -4.12
0, 5208615, -70245, -7015, -1944.88, 56.69, 10.01, 9.74, -0.85
0, 5217818, -70215, -7016, -1944.81, 56.75, 9.94, 9.61, 3.31
0, 5224654, -70175, -7016, -1944.69, 56.75, 9.94, 9.69, 6.39
0, 5231449, -70079, -7016, -1944.50, 56.75, 9.93, 9.95, 9.46
0, 5240744, -69807, -7016, -1944.25, 56.81, 9.65, 9.95, 13.63
0, 5246959, -69638, -7026, -1944.25, 56.94, 9.11, 9.68, 16.41
0, 5254368, -69641, -7025, -1943.69, 57.00, 9.11, 9.80, 19.70
0, 5262546, -69640, -7025, -1941.94, 57.00, 8.82, 10.72, 23.32
0, 5270442, -69637, -7025, -1939.38, 57.06, 9.63, 10.72, 26.77
0, 5278598, -69632, -7025, -1939.38, 57.13, 9.86, 9.39, 30.31
0, 5286086, -69626, -7025, -1939.06, 57.13, 9.94, 10.15, 33.52
0, 5294056, -69620, -7026, -1939.00, 57.19, 9.94, 9.91, 36.89
0, 5302574, -69438, -7018, -1939.00, 57.19, 9.98, 9.59, 40.44
0, 5312289, -68738, -6959, -1938.88, 57.19, 9.87, 10.24, 44.42
0, 5320047, -67955, -6888, -1938.88, 57.19, 7.10, 10.24, 47.53
0, 5327961, -67005, -6799, -1938.69, 56.94, 9.29, 10.55, 50.65
0, 5334844, -66080, -6709, -1935.44, 56.25, 9.61, 9.83, 53.31
0, 5343956, -64616, -6569, -1927.94, 56.25, 9.61, 10.01, 56.75
0, 5352045, -63021, -6411, -1917.81, 55.31, 9.86, 10.01, 59.72
0, 5359230, -61393, -6256, -1917.81, 54.13, 10.33, 10.11, 62.30
0, 5368669, -59289, -5983, -1905.56, 52.69, 11.88, 10.35, 65.58
0, 5376092, -57533, -5782, -1890.19, 50.88, 12.43, 10.92, 68.07
0, 5383476, -55519, -5573, -1870.75, 48.63, 12.43, 8.59, 70.48
0, 5392464, -52932, -5313, -1849.56, 48.63, 12.17, 8.59, 73.31
0, 5399899, -50669, -5109, -1849.56, 46.19, 12.62, 9.66, 75.55
0, 5406208, -48766, -4925, -1828.13, 43.63, 11.27, 10.40, 77.39
0, 5415668, -45963, -4661, -1806.38, 41.00, 11.27, 10.64, 80.03
0, 5423087, -43489, -4421, -1784.75, 41.00, 9.10, 8.76, 81.99
0, 5430965, -40816, -4139, -1763.56, 38.56, 7.15, 8.76, 83.98
0, 5439884, -37670, -3827, -1763.56, 36.06, 3.74, 9.79, 86.10
0, 5446187, -35361, -3618, -1743.06, 33.19, 3.66, 7.87, 87.52
0, 5454024, -32636, -3357, -1723.31, 33.19, 3.66, 10.13, 89.17
0, 5462564, -29736, -3077, -1704.38, 29.94, 5.34, 8.83, 90.86
0, 5470444, -26842, -2794, -1686.06, 26.81, 12.34, 8.83, 92.29
0, 5478421, -24025, -2515, -1686.06, 23.81, 13.02, 9.50, 93.62
0, 5485540, -21566, -2230, -1668.06, 20.75, 17.60, 10.52, 94.70
0, 5494908, -18145, -1863, -1650.19, 17.50, 15.40, 10.35, 95.97
0, 5503566, -14980, -1536, -1632.50, 17.50, 15.40, 8.22, 97.00
0, 5511413, -12114, -1266, -1614.50, 14.06, 16.74, 8.22, 97.80
0, 5519131, -9426, -1023, -1614.50, 10.50, 12.19, 10.76, 98.47
0, 5525775, -7029, -790, -1596.19, 7.25, 12.19, 9.47, 98.95
0, 5532790, -4441, -514, -1577.31, 7.25, 11.48, 9.78, 99.36
0, 5542553, -912, -166, -1557.69, 4.31, 5.92, 9.78, 99.76
0, 5550037, 1826, 83, -1557.69, 1.25, 2.92, 9.45, 99.94
0, 5556329, 4134, 313, -1537.13, -2.12, 3.81, 8.35, 100.00
0, 5564581, 7178, 607, -1515.63, -2.12, 3.81, 10.85, 99.95
0, 5572321, 10037, 889, -1493.56, -5.31, 7.89, 10.85, 99.79
0, 5580531, 12924, 1172, -1471.06, -8.38, 11.45, 9.70, 99.48
0, 5589207, 16003, 1512, -1471.06, -11.75, 13.95, 7.85, 99.00
0, 5595902, 18458, 1764, -1448.56, -15.00, 16.33, 10.77, 98.52
0, 5603727, 21324, 2047, -1426.44, -15.00, 16.33, 9.77, 97.86
0, 5611586, 24206, 2334, -1404.94, -18.31, 16.17, 9.77, 97.06
0, 5619332, 27061, 2619, -1404.94, -21.75, 16.27, 10.24, 96.16
0, 5625950, 29534, 2846, -1384.19, -24.94, 16.27, 10.67, 95.30
0, 5632947, 31969, 3088, -1364.31, -24.94, 14.70, 9.29, 94.29
0, 5642562, 35482, 3447, -1345.25, -28.06, 8.42, 9.29, 92.76
0, 5649700, 38112, 3677, -1345.25, -31.25, 8.82, 8.34, 91.50
0, 5656039, 40450, 3905, -1326.75, -34.44, 4.26, 8.31, 90.31
0, 5664102, 43435, 4196, -1308.75, -34.44, 4.26, 9.33, 88.68
0, 5672146, 46399, 4489, -1291.13, -37.63, 5.19, 9.33, 86.94
0, 5679858, 49164, 4771, -1291.13, -40.75, 9.55, 9.23, 85.17
0, 5686978, 51545, 5029, -1273.44, -44.13, 11.65, 8.13, 83.44
0, 5694793, 54091, 5276, -1255.56, -44.13, 12.77, 11.61, 81.44
0, 5703042, 56896, 5574, -1237.31, -47.63, 12.77, 11.61, 79.22
0, 5711104, 59803, 5855, -1218.25, -51.06, 13.85, 9.23, 76.94
0, 5717756, 62152, 6079, -1218.25, -54.06, 15.25, 10.34, 74.98
0, 5724690, 64520, 6327, -1198.50, -54.06, 17.25, 10.21, 72.87
0, 5732840, 67161, 6597, -1178.00, -57.19, 17.25, 7.55, 70.30
0, 5741846, 69869, 6867, -1156.56, -60.13, 13.84, 7.55, 67.35
0, 5748623, 71753, 7052, -1156.56, -63.06, 10.17, 9.52, 65.05
0, 5755382, 73551, 7202, -1134.69, -65.94, 7.31, 10.28, 62.70
0, 5763432, 75591, 7393, -1112.56, -65.94, 7.31, 10.28, 59.82
0, 5771530, 77479, 7574, -1090.69, -68.19, 6.28, 10.13, 56.85
0, 5778783, 79087, 7733, -1090.69, -70.31, 6.62, 9.32, 54.12
0, 5785080, 80423, 7867, -1069.06, -72.31, 6.97, 8.66, 51.70
0, 5794040, 82298, 8050, -1048.00, -72.31, 6.97, 8.66, 48.19
0, 5801869, 83877, 8199, -1027.56, -74.25, 8.11, 9.57, 45.06
0, 5808625, 85067, 8341, -1027.56, -76.19, 8.56, 9.47, 42.31
0, 5815550, 86121, 8460, -1008.19, -76.19, 10.51, 9.39, 39.45
0, 5823128, 87158, 8572, -991.06, -78.06, 10.51, 9.39, 36.28
0, 5831158, 88115, 8671, -974.31, -79.87, 11.21, 9.95, 32.88
0, 5838014, 88863, 8743, -974.31, -81.19, 11.31, 10.01, 29.93
0, 5845561, 89567, 8812, -960.69, -81.19, 10.83, 9.44, 26.66
0, 5853635, 90188, 8876, -949.25, -82.31, 10.83, 9.44, 23.12
0, 5862049, 90649, 8929, -939.50, -83.12, 10.99, 9.65, 19.41
0, 5869450, 90925, 8960, -939.50, -83.87, 11.12, 9.70, 16.11
0, 5875548, 91067, 8975, -933.06, -83.87, 10.74, 9.76, 13.39
0, 5883356, 91141, 8981, -926.69, -84.44, 10.74, 9.77, 9.88
0, 5892576, 91134, 8984, -924.19, -84.69, 10.70, 9.77, 5.72
0, 5899729, 91125, 8985, -924.19, -84.81, 10.71, 9.53, 2.49
0, 5906191, 91110, 8987, -921.75, -84.81, 9.88, 9.42, -0.43
0, 5914299, 91083, 8991, -921.81, -84.81, 9.88, 9.42, -4.10
0, 5922529, 91018, 8997, -921.94, -84.87, 10.10, 9.42, -7.81
0, 5930166, 90860, 9005, -921.94, -84.87, 9.92, 9.52, -11.25
0, 5936389, 90620, 9017, -922.25, -85.00, 10.65, 9.47, -14.04
0, 5944638, 90478, 9064, -923.06, -85.00, 10.65, 9.47, -17.72
0, 5952649, 90471, 9066, -925.50, -85.06, 10.86, 9.36, -21.27
0, 5959818, 90415, 9065, -925.50, -85.56, 7.51, 9.29, -24.43
0, 5967051, 90224, 9049, -927.31, -85.62, 9.59, 9.66, -27.59
0, 5974336, 89933, 9021, -927.50, -85.62, 9.59, 9.66, -30.74
0, 5982696, 89472, 8971, -928.87, -85.50, 10.81, 9.65, -34.31
0, 5992299, 88677, 8897, -932.06, -85.19, 10.81, 9.70, -38.36
0, 5999078, 87940, 8831, -932.06, -84.69, 10.63, 9.91, -41.17
0, 6006121, 86944, 8740, -937.00, -84.69, 11.43, 9.82, -44.05
0, 6014207, 85589, 8600, -944.44, -83.94, 11.43, 9.82, -47.31
0, 6022372, 84038, 8443, -955.06, -82.94, 12.35, 10.17, -50.53
0, 6029203, 82685, 8308, -955.06, -81.44, 10.96, 9.33, -53.17
0, 6035939, 81306, 8191, -969.00, -79.62, 8.83, 9.11, -55.72
0, 6044976, 79474, 7964, -985.31, -79.62, 8.81, 9.11, -59.07
0, 6053046, 77781, 7749, -1002.81, -77.87, 8.81, 9.86, -61.97
0, 6060763, 76075, 7557, -1020.94, -75.81, 8.38, 10.98, -64.67
0, 6067368, 74547, 7389, -1020.94, -75.81, 6.97, 9.41, -66.92
0, 6074760, 72805, 7251, -1040.06, -73.37, 6.97, 9.41, -69.37
0, 6083054, 70840, 7085, -1060.63, -71.12, 6.55, 9.64, -72.02
0, 6092854, 68263, 6847, -1081.81, -69.19, 7.26, 7.72, -75.02
0, 6100127, 66169, 6673, -1081.81, -67.50, 7.92, 8.37, -77.16
0, 6106904, 64138, 6467, -1103.31, -67.50, 9.23, 9.66, -79.07
0, 6114866, 61514, 6215, -1125.06, -65.37, 9.23, 9.66, -81.22
0, 6122977, 58688, 5906, -1146.75, -63.06, 11.26, 10.23, -83.31
0, 6130530, 56039, 5651, -1146.75, -60.25, 13.39, 9.52, -85.15
0, 6137110, 53743, 5423, -1168.13, -57.00, 15.62, 9.97, -86.67
0, 6145416, 50826, 5149, -1188.81, -57.00, 15.78, 8.51, -88.48
0, 6153486, 47863, 4852, -1208.81, -54.00, 15.78, 8.51, -90.12
0, 6161350, 45001, 4575, -1228.13, -50.94, 15.33, 10.93, -91.61
0, 6167883, 42745, 4309, -1228.13, -50.94, 13.36, 8.14, -92.75
0, 6175300, 40128, 4003, -1246.63, -47.63, 8.10, 8.14, -93.95
0, 6183642, 37079, 3675, -1264.69, -44.31, 8.10, 9.73, -95.18
0, 6193452, 33552, 3376, -1282.50, -40.56, 5.70, 9.53, -96.44
0, 6201267, 30675, 3142, -1300.19, -37.00, 2.38, 9.93, -97.32
0, 6208257, 28105, 2881, -1300.19, -37.00, 5.96, 6.95, -98.00
0, 6215418, 25464, 2623, -1318.06, -34.25, 9.12, 6.95, -98.59
0, 6223684, 22450, 2286, -1336.25, -31.31, 9.12, 11.14, -99.15
0, 6231247, 19668, 2032, -1355.06, -28.06, 14.08, 9.29, -99.53
0, 6238631, 16990, 1777, -1355.06, -24.62, 14.25, 11.31, -99.80
0, 6247317, 13780, 1472, -1374.63, -24.62, 16.63, 9.86, -99.97
0, 6254623, 11104, 1201, -1395.00, -21.50, 16.63, 9.86, -100.00
0, 6264044, 7728, 866, -1416.25, -18.37, 18.38, 9.95, -99.87
0, 6271863, 4950, 532, -1438.13, -15.13, 15.45, 8.88, -99.62
0, 6277906, 2740, 292, -1438.13, -15.13, 11.77, 8.16, -99.35
0, 6285575, -57, 34, -1100.44, -11.81, 8.00, 8.23, -98.89
0, 6295520, -3614, -287, -1122.88, -8.00, 7.00, 8.23, -98.12
0, 6303595, -6603, -553, -1145.19, -4.50, 7.00, 11.75, -97.35
0, 6311409, -9500, -851, -1166.94, -1.62, 4.15, 8.68, -96.49
0, 6317328, -11576, -1058, -1166.94, -1.62, 7.15, 10.20, -95.75
0, 6326600, -14944, -1430, -1187.94, 1.37, 10.46, 9.30, -94.45
0, 6334466, -17794, -1684, -1208.00, 4.75, 10.46, 9.30, -93.23
0, 6344059, -21321, -2015, -1227.25, 8.13, 11.33, 9.99, -91.57
0, 6351896, -24220, -2311, -1245.75, 11.19, 14.70, 11.23, -90.09
0, 6360154, -27053, -2589, -1245.75, 14.19, 16.81, 8.86, -88.41
0, 6368269, -29763, -2910, -1263.75, 14.19, 15.34, 10.31, -86.63
0, 6376915, -32592, -3232, -1281.50, 17.44, 13.51, 5.66, -84.61
0, 6385776, -35436, -3531, -1299.31, 20.50, 12.57, 11.91, -82.41
0, 6396831, -38939, -3820, -1317.44, 24.19, 9.31, 9.45, -79.48
0, 6404642, -41317, -4027, -1335.88, 27.31, 9.31, 9.45, -77.28
0, 6412950, -43786, -4243, -1354.81, 29.87, 6.90, 8.90, -74.85
0, 6419136, -45626, -4466, -1354.81, 29.87, 5.75, 9.10, -72.96
0, 6426329, -47813, -4665, -1374.38, 32.50, 4.77, 9.10, -70.70
0, 6434655, -50253, -4943, -1394.63, 34.81, 5.95, 9.90, -67.99
0, 6444378, -53056, -5209, -1415.56, 37.75, 5.95, 9.17, -64.70
0, 6452587, -55237, -5420, -1437.00, 40.50, 9.42, 10.17, -61.82
0, 6460344, -57177, -5599, -1437.00, 43.06, 10.78, 9.47, -59.03
0, 6467689, -59042, -5767, -1458.75, 43.06, 12.04, 10.14, -56.31
0, 6476556, -61255, -6001, -1480.50, 45.31, 13.27, 10.14, -52.96
0, 6485448, -63112, -6188, -1501.94, 47.38, 12.62, 9.95, -49.50
0, 6495977, -64955, -6379, -1523.06, 49.69, 11.58, 9.95, -45.31
0, 6504397, -66117, -6561, -1543.13, 51.88, 11.58, 10.60, -41.89
0, 6512913, -67093, -6678, -1559.75, 53.56, 10.83, 9.87, -38.36
0, 6519273, -67727, -6756, -1559.75, 53.56, 9.57, 13.62, -35.69
0, 6527099, -68391, -6821, -1572.81, 55.31, 10.02, 8.85, -32.36
0, 6535631, -69011, -6882, -1583.00, 56.88, 8.96, 9.94, -28.69
0, 6545574, -69659, -6945, -1591.31, 57.75, 9.62, 9.94, -24.35
0, 6553435, -70065, -6984, -1598.00, 58.50, 9.62, 9.87, -20.89
0, 6561179, -70301, -7007, -1603.81, 59.06, 9.56, 9.62, -17.45
0, 6567236, -70349, -7012, -1603.81, 59.06, 8.61, 10.23, -14.75
0, 6575853, -70343, -7016, -1608.44, 59.50, 8.61, 10.23, -10.89
0, 6584208, -70336, -7020, -1610.75, 59.81, 8.79, 10.16, -7.12
0, 6593686, -70322, -7021, -1610.94, 59.88, 10.23, 9.66, -2.84
0, 6601504, -70296, -7023, -1610.88, 59.94, 10.02, 9.90, 0.69
0, 6608192, -70256, -7023, -1610.88, 59.94, 10.01, 9.59, 3.72
0, 6615597, -70175, -7023, -1610.69, 60.00, 10.01, 9.59, 7.06
0, 6622863, -70030, -7023, -1610.38, 60.00, 9.59, 9.95, 10.33
0, 6628960, -69827, -7023, -1610.38, 60.00, 9.88, 9.73, 13.07
0, 6636763, -69714, -7031, -1609.69, 60.06, 8.89, 9.73, 16.56
0, 6646028, -69714, -7031, -1608.00, 60.13, 11.38, 9.73, 20.68
0, 6653853, -69711, -7031, -1605.63, 60.19, 11.38, 10.05, 24.12
0, 6662195, -69706, -7032, -1605.44, 60.25, 9.52, 9.72, 27.77
0, 6667903, -69699, -7032, -1605.44, 60.25, 10.16, 9.72, 30.24
0, 6675490, -69695, -7032, -1605.38, 60.25, 10.16, 9.58, 33.49
0, 6682138, -69689, -7033, -1605.31, 60.25, 9.81, 9.75, 36.31
0, 6691750, -69478, -7022, -1605.25, 60.25, 9.82, 9.70, 40.32
0, 6699686, -68937, -6977, -1605.25, 60.25, 9.55, 10.43, 43.58
0, 6708288, -68108, -6903, -1605.13, 60.31, 7.23, 9.86, 47.04
0, 6717183, -67072, -6807, -1602.63, 60.19, 9.35, 9.86, 50.56
0, 6725099, -66012, -6703, -1596.06, 59.63, 9.35, 10.49, 53.61
0, 6731773, -64958, -6602, -1586.88, 58.81, 9.77, 9.91, 56.13
0, 6739836, -63404, -6447, -1586.88, 58.81, 9.67, 10.01, 59.11
0, 6749159, -61307, -6248, -1575.69, 57.75, 11.03, 10.01, 62.46
0, 6756878, -59615, -6027, -1561.63, 56.44, 11.96, 11.11, 65.15
0, 6765445, -57612, -5790, -1543.50, 54.81, 11.96, 10.34, 68.04
0, 6772734, -55635, -5584, -1523.06, 52.88, 12.48, 8.95, 70.41
0, 6779316, -53764, -5387, -1523.06, 52.88, 12.23, 9.00, 72.50
0, 6787787, -51194, -5155, -1502.19, 50.38, 12.45, 9.69, 75.08
0, 6796752, -48485, -4899, -1480.69, 47.94, 11.14, 9.69, 77.70
0, 6804539, -46191, -4684, -1458.81, 45.31, 11.14, 10.76, 79.86
0, 6813437, -43214, -4393, -1437.00, 42.81, 8.66, 8.89, 82.22
0, 6819332, -41202, -4177, -1437.00, 42.81, 7.99, 11.05, 83.71
0, 6827131, -38467, -3900, -1415.56, 40.31, 3.62, 11.05, 85.59
0, 6834891, -35618, -3643, -1394.56, 37.63, 3.62, 9.63, 87.35
0, 6844277, -32342, -3332, -1374.38, 34.50, 3.87, 10.20, 89.33
0, 6852590, -29519, -3055, -1355.00, 34.50, 5.56, 8.84, 90.96
0, 6859486, -26987, -2808, -1355.00, 31.25, 12.46, 9.01, 92.21
0, 6866706, -24425, -2564, -1336.19, 28.25, 12.46, 9.01, 93.43
0, 6874310, -21819, -2259, -1317.75, 25.25, 13.13, 10.57, 94.60
0, 6881137, -19310, -1993, -1299.88, 25.25, 17.47, 10.25, 95.55
0, 6890163, -15956, -1630, -1299.88, 22.06, 15.38, 8.40, 96.68
0, 6899445, -12597, -1312, -1282.06, 18.81, 16.80, 8.40, 97.66
0, 6906475, -10209, -1107, -1264.25, 15.31, 12.24, 7.82, 98.30
0, 6914546, -7267, -812, -1246.25, 11.69, 12.24, 9.25, 98.90
0, 6920702, -4967, -574, -1246.25, 11.69, 11.67, 9.49, 99.28
0, 6928349, -2158, -278, -1227.69, 8.75, 6.44, 9.49, 99.63
0, 6936616, 852, -13, -1208.44, 5.81, 3.00, 9.37, 99.88
0, 6946659, 4477, 337, -1188.38, 2.56, 4.69, 8.33, 100.00
0, 6954461, 7348, 626, -1167.44, -0.50, 4.69, 11.32, 99.95
0, 6962774, 10413, 923, -1145.81, -0.50, 7.86, 7.48, 99.76
0, 6968877, 12542, 1120, -1145.81, -3.81, 11.50, 7.48, 99.53
0, 6977130, 15478, 1449, -1123.56, -7.19, 14.20, 7.66, 99.09
0, 6984437, 18161, 1726, -1101.13, -10.25, 14.20, 10.47, 98.60
0, 6993743, 21538, 2066, -1438.88, -13.69, 16.02, 7.53, 97.81
0, 7002681, 24817, 2388, -1417.00, -13.69, 16.56, 10.09, 96.89
0, 7009639, 27399, 2645, -1417.00, -17.12, 16.29, 10.09, 96.06
0, 7016785, 30028, 2898, -1395.81, -20.12, 16.29, 10.16, 95.11
0, 7023655, 32510, 3149, -1375.38, -23.31, 12.41, 10.01, 94.10
0, 7030364, 34986, 3398, -1375.38, -23.31, 8.73, 9.68, 93.03
0, 7039541, 38370, 3709, -1355.75, -26.50, 7.94, 7.90, 91.43
0, 7049505, 41979, 4049, -1336.88, -29.87, 3.30, 7.90, 89.52
0, 7056258, 44462, 4297, -1318.63, -32.88, 4.48, 8.59, 88.11
0, 7064137, 47391, 4578, -1300.75, -36.06, 4.48, 9.05, 86.37
0, 7069845, 49437, 4810, -1300.75, -36.06, 9.70, 8.04, 85.04
0, 7077791, 52077, 5086, -1283.00, -39.56, 12.32, 8.04, 83.10
0, 7085279, 54525, 5331, -1265.25, -43.06, 15.54, 11.26, 81.17
0, 7094821, 57855, 5661, -1247.13, -46.31, 15.54, 10.20, 78.57
0, 7103158, 60862, 5955, -1228.38, -46.31, 13.33, 8.29, 76.19
0, 7110641, 63469, 6214, -1228.38, -49.50, 15.10, 8.29, 73.95
0, 7116930, 65576, 6442, -1209.06, -52.44, 15.10, 10.29, 72.01
0, 7123787, 67752, 6657, -1189.00, -55.50, 17.74, 7.76, 69.82
0, 7130570, 69762, 6857, -1189.00, -55.50, 13.74, 11.02, 67.59
0, 7139692, 72252, 7100, -1168.13, -58.50, 9.43, 9.52, 64.50
0, 7149546, 74812, 7319, -1146.75, -61.25, 7.25, 9.52, 61.03
0, 7156278, 76451, 7479, -1125.13, -63.63, 6.50, 9.95, 58.59
0, 7164107, 78243, 7649, -1103.38, -65.62, 6.50, 9.34, 55.68
0, 7169986, 79534, 7780, -1103.38, -65.62, 6.68, 9.34, 53.46
0, 7178130, 81286, 7953, -1081.75, -67.69, 6.72, 9.88, 50.31
0, 7185541, 82863, 8102, -1060.63, -69.69, 7.56, 9.51, 47.38
0, 7194659, 84662, 8283, -1040.06, -71.69, 7.56, 9.59, 43.71
0, 7203210, 86056, 8454, -1020.50, -71.69, 8.78, 9.66, 40.20
0, 7210728, 87140, 8571, -1020.50, -73.56, 10.70, 9.66, 37.07
0, 7217008, 87931, 8656, -1002.37, -75.50, 10.70, 9.58, 34.42
0, 7223843, 88707, 8732, -987.37, -77.12, 11.24, 9.60, 31.50
0, 7230638, 89396, 8798, -987.37, -77.12, 11.41, 9.63, 28.57
0, 7239744, 90184, 8878, -974.94, -78.37, 11.31, 9.52, 24.60
0, 7249673, 90851, 8953, -964.69, -79.31, 10.56, 9.52, 20.22
0, 7256422, 91226, 8993, -956.00, -80.12, 10.48, 9.99, 17.23
0, 7264245, 91566, 9029, -948.94, -80.12, 10.48, 9.53, 13.73
0, 7270341, 91755, 9049, -948.94, -80.87, 10.67, 9.73, 11.00
0, 7278569, 91863, 9060, -943.56, -81.37, 10.53, 9.73, 7.29
0, 7286608, 91856, 9063, -939.37, -81.75, 10.86, 9.58, 3.66
0, 7296539, 91837, 9065, -936.75, -81.87, 9.83, 9.38, -0.83
0, 7304400, 91798, 9069, -936.00, -81.94, 9.83, 9.41, -4.38
0, 7312209, 91721, 9074, -936.12, -81.94, 9.82, 9.41, -7.91
0, 7318105, 91621, 9081, -936.12, -81.94, 9.82, 9.48, -10.56
0, 7324753, 91436, 9098, -936.37, -82.06, 10.21, 9.51, -13.54
0, 7331462, 91269, 9142, -936.37, -82.06, 10.37, 8.92, -16.54
0, 7340384, 91258, 9140, -937.19, -82.12, 10.57, 10.23, -20.51
0, 7349937, 91242, 9141, -938.87, -82.44, 8.27, 10.23, -24.72
0, 7356516, 91208, 9142, -940.87, -82.62, 10.07, 9.64, -27.59
0, 7364384, 91015, 9132, -941.19, -82.62, 10.07, 9.20, -30.99
0, 7370733, 90763, 9108, -941.19, -82.69, 10.58, 10.01, -33.71
0, 7379081, 90276, 9061, -941.31, -82.69, 10.86, 10.01, -37.23
0, 7387086, 89641, 8997, -942.56, -82.50, 10.83, 9.67, -40.57
0, 7396615, 88594, 8893, -945.75, -82.00, 10.76, 9.72, -44.47
0, 7404496, 87440, 8788, -951.06, -81.25, 10.76, 9.67, -47.63
0, 7412307, 86022, 8644, -958.69, -81.25, 12.09, 9.67, -50.71
0, 7418014, 84864, 8524, -958.69, -80.25, 12.56, 10.03, -52.91
0, 7424687, 83425, 8378, -969.69, -78.87, 12.56, 10.13, -55.45
0, 7431488, 81920, 8250, -969.69, -78.87, 10.72, 9.92, -57.98
0, 7440370, 79928, 8035, -984.56, -77.00, 9.27, 8.71, -61.21
0, 7449764, 77827, 7753, -1002.50, -75.06, 8.60, 8.71, -64.51
0, 7456460, 76255, 7580, -1021.87, -73.06, 6.54, 10.94, -66.79
0, 7464331, 74309, 7362, -1042.13, -73.06, 6.54, 9.59, -69.40
0, 7470172, 72857, 7253, -1042.13, -70.44, 6.23, 9.59, -71.28
0, 7477890, 70918, 7092, -1062.81, -68.06, 6.84, 9.42, -73.68
0, 7484667, 69091, 6911, -1084.06, -65.81, 6.84, 7.94, -75.72
0, 7493441, 66487, 6705, -1105.56, -64.06, 7.15, 11.47, -78.25
0, 7502809, 63484, 6400, -1127.19, -64.06, 6.85, 10.87, -80.82
0, 7509649, 61046, 6158, -1127.19, -61.81, 11.16, 10.87, -82.60
0, 7516676, 58486, 5883, -1148.81, -59.38, 11.16, 10.10, -84.35
0, 7522947, 56199, 5663, -1170.00, -59.38, 12.82, 10.30, -85.84
0, 7530894, 53333, 5380, -1170.00, -56.38, 17.95, 9.56, -87.63
0, 7539681, 50113, 5081, -1190.63, -53.00, 17.60, 9.56, -89.47
0, 7549526, 46509, 4709, -1210.44, -49.88, 14.80, 10.29, -91.37
0, 7556351, 44152, 4484, -1229.63, -46.69, 14.41, 8.71, -92.58
0, 7564468, 41295, 4140, -1248.13, -46.69, 14.41, 7.42, -93.91
0, 7570185, 39200, 3902, -1248.13, -43.31, 9.29, 7.42, -94.76
0, 7577873, 36437, 3628, -1266.25, -40.06, 6.46, 9.70, -95.82
0, 7584063, 34198, 3443, -1284.13, -36.13, 6.46, 10.21, -96.58
0, 7592949, 30933, 3165, -1301.88, -36.13, 3.71, 9.14, -97.54
0, 7602699, 27341, 2816, -1319.81, -32.75, 5.14, 9.14, -98.42
0, 7609664, 24796, 2561, -1319.81, -29.94, 7.32, 11.55, -98.93
0, 7616575, 22299, 2275, -1338.13, -27.00, 7.32, 9.12, -99.34
0, 7622281, 20144, 2073, -1357.06, -27.00, 10.92, 9.37, -99.60
0, 7630264, 17305, 1809, -1357.06, -23.75, 14.11, 9.37, -99.86
0, 7637921, 14478, 1538, -1376.75, -20.37, 15.69, 9.13, -99.98
0, 7646434, 11333, 1227, -1397.19, -17.44, 16.28, 9.72, -99.98
0, 7654770, 8341, 938, -1418.50, -17.44, 16.28, 10.20, -99.84
0, 7663032, 5442, 586, -1080.44, -14.25, 15.42, 10.20, -99.55
0, 7668742, 3321, 357, -1080.44, -10.94, 12.77, 8.50, -99.27
0, 7675615, 789, 102, -1102.69, -7.56, 12.77, 9.46, -98.85
0, 7682393, -1563, -80, -1125.00, -7.56, 10.78, 11.98, -98.34
0, 7692158, -5134, -404, -1147.13, -3.75, 8.81, 8.86, -97.45
0, 7701029, -8393, -759, -1168.75, -0.44, 2.82, 8.86, -96.47
0, 7707162, -10674, -955, -1168.75, 2.44, 4.98, 7.76, -95.70
0, 7715099, -13554, -1275, -1189.63, 2.44, 4.98, 11.49, -94.60
0, 7720809, -15601, -1486, -1189.63, 5.56, 6.45, 11.49, -93.73
0, 7728612, -18451, -1747, -1209.63, 8.94, 11.08, 8.06, -92.44
0, 7735310, -20950, -1986, -1228.88, 12.31, 15.15, 9.64, -91.24
0, 7744519, -24348, -2323, -1247.38, 15.31, 15.15, 9.69, -89.46
0, 7754139, -27586, -2630, -1265.38, 15.31, 17.79, 9.29, -87.43
0, 7762675, -30382, -3011, -1283.19, 18.44, 18.57, 9.29, -85.49
0, 7769063, -32457, -3220, -1283.19, 21.62, 13.84, 10.11, -83.96
0, 7776625, -34853, -3474, -1300.94, 24.69, 12.03, 7.34, -82.05
0, 7784156, -37236, -3652, -1319.06, 24.69, 12.03, 9.77, -80.06
0, 7793724, -40145, -3940, -1337.63, 28.44, 11.53, 10.57, -77.39
0, 7803713, -43061, -4165, -1356.69, 31.37, 6.72, 9.25, -74.46
0, 7811500, -45309, -4428, -1376.38, 33.81, 5.95, 9.25, -72.06
0, 7817419, -47043, -4590, -1376.38, 36.31, 5.95, 9.50, -70.18
0, 7823379, -48761, -4787, -1396.69, 36.31, 4.85, 12.20, -68.23
0, 7831619, -51056, -5028, -1417.56, 38.63, 6.18, 12.20, -65.46
0, 7840771, -53535, -5257, -1417.56, 41.44, 8.85, 8.11, -62.28
0, 7850147, -55838, -5479, -1439.00, 44.19, 9.91, 10.89, -58.91
0, 7856895, -57437, -5623, -1100.69, 46.56, 11.43, 9.58, -56.41
0, 7865210, -59434, -5811, -1122.31, 46.56, 11.43, 11.22, -53.27
0, 7871400, -60883, -5963, -1143.69, 48.69, 10.70, 11.22, -50.88
0, 7879330, -62503, -6133, -1143.69, 50.75, 12.88, 9.38, -47.76
0, 7886210, -63683, -6240, -1164.63, 52.81, 12.13, 9.99, -45.00
0, 7895301, -65032, -6390, -1185.06, 54.88, 10.60, 10.62, -41.30
0, 7905740, -66215, -6584, -1203.56, 56.50, 9.74, 9.84, -36.95
0, 7913903, -66982, -6664, -1218.13, 56.50, 9.74, 9.84, -33.50
0, 7919604, -67429, -6723, -1218.13, 57.94, 9.84, 8.42, -31.06
0, 7925986, -67850, -6766, -1229.56, 57.94, 9.84, 9.20, -28.30
0, 7933391, -68232, -6804, -1238.44, 59.50, 9.47, 10.28, -25.08
0, 7944459, -68633, -6846, -1245.44, 60.50, 9.42, 10.40, -20.20
0, 7954859, -68833, -6864, -1250.69, 61.19, 9.18, 9.90, -15.57
0, 7963150, -68835, -6872, -1254.25, 61.63, 9.46, 9.90, -11.86
0, 7968855, -68829, -6874, -1254.25, 61.94, 9.01, 10.11, -9.30
0, 7975540, -68826, -6875, -1256.56, 61.94, 9.01, 9.67, -6.28
0, 7983440, -68813, -6878, -1257.19, 62.06, 9.89, 10.01, -2.71
0, 7993008, -68785, -6881, -1257.13, 62.13, 9.99, 9.81, 1.61
0, 8002382, -68740, -6883, -1257.06, 62.13, 9.78, 9.81, 5.85
0, 8009148, -68666, -6883, -1257.06, 62.19, 9.69, 9.88, 8.90
0, 8015909, -68494, -6884, -1256.81, 62.19, 9.69, 9.88, 11.94
0, 8021847, -68266, -6887, -1256.44, 62.25, 9.60, 9.84, 14.60
0, 8027556, -68222, -6897, -1256.44, 62.25, 8.83, 9.66, 17.15
0, 8034582, -68221, -6897, -1255.44, 62.25, 8.83, 9.10, 20.27
0, 8043589, -68217, -6897, -1252.94, 62.31, 11.85, 10.20, 24.24
0, 8053477, -68207, -6898, -1251.81, 62.38, 9.49, 10.20, 28.55
0, 8061013, -68198, -6898, -1251.81, 62.44, 9.98, 9.53, 31.80
0, 8067247, -68192, -6899, -1251.81, 62.44, 9.98, 9.80, 34.46
0, 8073611, -68130, -6898, -1251.69, 62.44, 9.98, 9.80, 37.15
0, 8082051, -67661, -6858, -1251.63, 62.50, 9.74, 9.77, 40.66
0, 8090811, -66929, -6791, -1251.63, 62.50, 7.77, 10.13, 44.25
0, 8097853, -66202, -6720, -1251.38, 62.44, 8.44, 10.19, 47.08
0, 8105572, -65228, -6625, -1248.13, 62.44, 9.46, 9.97, 50.13
0, 8113905, -63924, -6498, -1241.31, 61.56, 9.46, 9.97, 53.36
0, 8119619, -62879, -6396, -1241.31, 60.75, 9.82, 10.19, 55.52
0, 8125573, -61661, -6280, -1232.25, 60.75, 9.82, 10.17, 57.74
0, 8133592, -60044, -6083, -1220.19, 59.69, 10.06, 10.13, 60.67
0, 8142917, -58120, -5840, -1204.69, 58.06, 11.77, 10.13, 63.96
0, 8152368, -55795, -5599, -1186.44, 56.00, 11.88, 9.42, 67.19
0, 8159136, -54024, -5412, -1186.44, 53.75, 11.94, 9.34, 69.42
0, 8165950, -52093, -5232, -1167.81, 53.75, 11.94, 9.34, 71.61
0, 8171964, -50342, -5075, -1147.25, 51.44, 11.75, 9.37, 73.48
0, 8178944, -48342, -4886, -1147.25, 48.94, 10.72, 9.82, 75.58
0, 8185523, -46485, -4711, -1125.88, 46.63, 8.36, 10.23, 77.50
0, 8194594, -43572, -4429, -1104.13, 46.63, 7.65, 9.18, 80.02
0, 8203713, -40555, -4114, -1082.44, 44.19, 7.65, 9.18, 82.43
0, 8211488, -37881, -3848, -1060.88, 41.56, 3.93, 9.76, 84.37
0, 8217413, -35752, -3655, -1060.88, 41.56, 3.93, 8.08, 85.78
0, 8223303, -33698, -3467, -1039.81, 38.44, 3.96, 8.08, 87.11
0, 8230974, -31141, -3217, -1039.81, 35.31, 5.22, 10.13, 88.76
0, 8237892, -28785, -2985, -1019.44, 32.38, 12.64, 8.72, 90.16
0, 8245686, -25910, -2703, -999.75, 29.37, 12.73, 9.54, 91.63
0, 8254870, -22749, -2354, -980.69, 29.37, 12.73, 9.54, 93.21
0, 8263171, -19811, -2033, -962.12, 26.19, 16.08, 10.75, 94.51
0, 8268888, -17722, -1802, -962.12, 22.94, 17.09, 10.16, 95.32
0, 8274784, -15477, -1586, -944.12, 22.94, 17.09, 9.14, 96.09
0, 8283053, -12490, -1303, -926.19, 19.44, 16.29, 9.14, 97.06
0, 8292202, -9301, -1009, -908.44, 15.88, 14.57, 9.98, 97.97
0, 8299922, -6512, -739, -908.44, 13.00, 12.98, 10.12, 98.61
0, 8306839, -3984, -468, -890.44, 10.00, 5.43, 11.33, 99.08
0, 8314933, -1027, -176, -872.00, 10.00, 5.43, 11.33, 99.51
0, 8320643, 1126, 16, -872.00, 6.75, 4.80, 8.81, 99.73
0, 8326616, 3207, 216, -852.87, 6.75, 2.45, 8.38, 99.89
0, 8334320, 6024, 489, -833.06, 3.37, 2.45, 10.73, 99.99
0, 8343313, 9346, 821, -812.37, 0.31, 6.25, 10.73, 99.96
0, 8352822, 12765, 1146, -791.00, -2.94, 12.45, 9.52, 99.74
0, 8359579, 15227, 1413, -791.00, -6.37, 12.92, 9.50, 99.47
0, 8366808, 17887, 1686, -769.00, -6.37, 12.92, 9.50, 99.08
0, 8372998, 20222, 1941, -746.69, -9.50, 14.74, 12.64, 98.66
0, 8380175, 22842, 2191, -746.69, -13.00, 15.95, 9.16, 98.08
0, 8386518, 25106, 2409, -724.37, -16.44, 16.75, 10.66, 97.48
0, 8395213, 28295, 2727, -702.37, -16.44, 15.64, 10.83, 96.53
0, 8404851, 31806, 3072, -680.94, -19.50, 15.64, 10.83, 95.30
0, 8413309, 34915, 3394, -660.31, -22.69, 11.25, 8.81, 94.08
0, 8419017, 36987, 3576, -660.31, -22.69, 8.86, 8.25, 93.17
0, 8425122, 39236, 3784, -640.50, -25.87, 8.86, 8.25, 92.13
0, 8433283, 42225, 4074, -621.37, -29.19, 5.45, 8.41, 90.63
0, 8441979, 45439, 4404, -602.94, -32.13, 3.60, 7.50, 88.90
0, 8449677, 48279, 4669, -602.94, -35.38, 9.93, 8.13, 87.26
0, 8457639, 51068, 4984, -584.94, -35.38, 11.59, 10.07, 85.44
0, 8465419, 53711, 5237, -567.19, -38.81, 11.59, 10.07, 83.56
0, 8471136, 55691, 5460, -549.37, -42.38, 12.26, 12.15, 82.11
0, 8477539, 58048, 5676, -549.37, -42.38, 14.34, 8.88, 80.43
0, 8485109, 60805, 5949, -531.25, -45.63, 15.36, 10.27, 78.34
0, 8494654, 64184, 6289, -512.62, -48.94, 15.36, 10.27, 75.59
0, 8504044, 67324, 6614, -493.50, -52.00, 18.06, 10.18, 72.74
0, 8511850, 69762, 6857, -473.69, -55.06, 14.05, 8.09, 70.28
0, 8517558, 71431, 7018, -473.69, -55.06, 14.05, 8.09, 68.42
0, 8523725, 73153, 7170, -453.12, -58.19, 10.22, 9.67, 66.36
0, 8530385, 74961, 7333, -453.12, -60.88, 6.96, 10.11, 64.07
0, 8537097, 76662, 7497, -431.94, -60.88, 5.73, 9.92, 61.71
0, 8545733, 78748, 7699, -410.44, -63.25, 6.16, 9.26, 58.59
0, 8555669, 81077, 7932, -388.69, -65.44, 6.92, 9.19, 54.90
0, 8564145, 83055, 8120, -367.12, -67.56, 6.92, 9.19, 51.65
0, 8569853, 84331, 8244, -367.12, -67.56, 7.37, 8.82, 49.42
0, 8575959, 85533, 8401, -345.87, -69.69, 9.91, 8.82, 47.01
0, 8584178, 86990, 8558, -325.06, -71.81, 9.91, 9.75, 43.69
0, 8593914, 88557, 8715, -304.75, -73.94, 11.20, 10.39, 39.69
0, 8603954, 90035, 8858, -287.12, -75.87, 10.51, 9.96, 35.49
0, 8611810, 91041, 8972, -272.12, -77.44, 10.64, 9.63, 32.14
0, 8617799, 91744, 9046, -272.12, -77.44, 11.72, 9.63, 29.57
0, 8623947, 92435, 9116, -258.69, -78.81, 11.72, 9.99, 26.90
0, 8630601, 93116, 9186, -258.69, -80.12, 10.69, 9.60, 23.99
0, 8637533, 93731, 9244, -246.87, -80.12, 10.39, 9.67, 20.94
0, 8646242, 94340, 9300, -236.75, -81.19, 10.73, 10.10, 17.07
0, 8656139, 94788, 9345, -227.62, -82.12, 10.51, 10.10, 12.64
0, 8664316, 94989, 9366, -220.12, -82.75, 10.51, 9.85, 8.97
0, 8670025, 95027, 9369, -220.12, -82.75, 10.69, 9.66, 6.39
0, 8676201, 95010, 9377, -214.62, -83.25, 10.69, 9.66, 3.61
0, 8684467, 94979, 9390, -211.31, -83.50, 10.29, 9.78, -0.13
0, 8694279, 94942, 9393, -210.00, -83.56, 9.89, 9.26, -4.57
0, 8704425, 94861, 9396, -210.12, -83.69, 9.54, 9.76, -9.14
0, 8712257, 94732, 9397, -210.37, -83.75, 9.90, 9.51, -12.66
0, 8718159, 94555, 9403, -210.37, -83.75, 9.75, 9.51, -15.31
0, 8724051, 94374, 9416, -210.81, -83.75, 9.75, 9.42, -17.93
0, 8730705, 94137, 9403, -210.81, -83.81, 10.00, 9.28, -20.89
0, 8737730, 93853, 9377, -211.81, -83.81, 9.60, 10.34, -23.98
0, 8746442, 93384, 9338, -213.94, -83.94, 10.09, 9.47, -27.79
0, 8756471, 92775, 9289, -216.75, -83.75, 10.28, 9.47, -32.11
0, 8764527, 92229, 9240, -220.19, -83.44, 10.28, 9.63, -35.54
0, 8770234, 91787, 9202, -220.19, -83.44, 9.88, 9.53, -37.94
0, 8776366, 91264, 9156, -224.81, -83.00, 9.88, 9.53, -40.49
0, 8784380, 90517, 9087, -230.06, -82.50, 10.55, 9.66, -43.78
0, 8794215, 89366, 8969, -236.19, -81.87, 10.45, 9.55, -47.73
0, 8803017, 88026, 8843, -243.44, -81.25, 10.89, 9.91, -51.19
0, 8810475, 86581, 8705, -243.44, -81.25, 11.26, 9.42, -54.06
0, 8817228, 85073, 8553, -252.06, -80.19, 11.26, 9.42, -56.60
0, 8823097, 83661, 8411, -263.44, -78.94, 12.95, 10.28, -58.77
0, 8829024, 82187, 8273, -263.44, -78.94, 11.44, 9.67, -60.92
0, 8836786, 80249, 8077, -278.87, -77.25, 9.79, 9.42, -63.66
0, 8846320, 77920, 7763, -298.00, -75.06, 8.83, 8.85, -66.93
0, 8856066, 75447, 7487, -318.19, -72.87, 5.96, 8.85, -70.13
0, 8864243, 73292, 7278, -338.94, -70.12, 5.96, 8.34, -72.72
0, 8869961, 71766, 7179, -338.94, -70.12, 5.24, 8.88, -74.47
0, 8875884, 70158, 7010, -0.13, -67.50, 5.24, 8.88, -76.23
0, 8883551, 67863, 6818, -21.62, -65.00, 6.81, 8.44, -78.43
0, 8892069, 65131, 6564, -43.31, -63.13, 7.04, 10.89, -80.76
0, 8900738, 62131, 6278, -43.31, -60.81, 8.21, 10.96, -83.01
0, 8909201, 59009, 5939, -64.87, -60.81, 12.34, 10.96, -85.08
0, 8916030, 56500, 5688, -86.19, -58.19, 12.34, 9.52, -86.66
0, 8921737, 54407, 5490, -106.87, -58.19, 16.39, 8.21, -87.92
0, 8927710, 52250, 5270, -106.87, -55.13, 17.64, 8.21, -89.18
0, 8935650, 49312, 4997, -126.75, -51.69, 17.64, 10.29, -90.74
0, 8944848, 45956, 4657, -146.00, -48.56, 16.31, 10.33, -92.41
0, 8954272, 42611, 4294, -164.69, -45.38, 14.80, 9.25, -93.96
0, 8962095, 39775, 3965, -182.81, -42.00, 11.18, 9.51, -95.11
0, 8967989, 37628, 3722, -182.81, -42.00, 11.18, 9.51, -95.90
0, 8973905, 35479, 3585, -200.75, -38.63, 7.35, 9.87, -96.62
0, 8979959, 33266, 3353, -200.75, -38.63, 5.43, 8.30, -97.29
0, 8988314, 30191, 3100, -218.56, -34.69, 4.79, 10.67, -98.10
0, 8997225, 26883, 2773, -236.50, -31.44, 6.66, 7.95, -98.80
0, 9006722, 23385, 2396, -254.75, -28.56, 10.36, 7.95, -99.37
0, 9014546, 20543, 2114, -273.62, -25.56, 10.36, 9.45, -99.70
0, 9020255, 18570, 1936, -273.62, -25.56, 15.60, 9.45, -99.87
0, 9026191, 16374, 1705, -293.12, -22.31, 15.60, 8.50, -99.97
0, 9033017, 13831, 1477, -313.50, -18.87, 18.90, 11.84, -100.00
0, 9043097, 10220, 1108, -334.62, -15.88, 18.16, 10.81, -99.86
0, 9052563, 6785, 753, -356.44, -12.69, 16.13, 8.89, -99.55
0, 9061423, 3556, 379, -356.44, -12.69, 14.95, 9.00, -99.09
0, 9067956, 1181, 138, -378.62, -9.50, 14.95, 9.00, -98.65
0, 9073855, -901, -14, -400.94, -6.19, 11.54, 9.51, -98.18
0, 9080020, -3094, -240, -400.94, -6.19, 7.13, 11.66, -97.61
0, 9088656, -6269, -518, -423.00, -2.31, 3.85, 8.75, -96.68
0, 9097983, -9700, -876, -444.69, 0.88, 3.21, 9.27, -95.52
0, 9107179, -13063, -1217, -465.62, 3.81, 7.81, 9.27, -94.21
0, 9115251, -16011, -1519, -485.81, 6.94, 7.81, 8.98, -92.92
0, 9120963, -18089, -1714, -485.81, 6.94, 11.84, 8.98, -91.94
0, 9126980, -20297, -1929, -505.19, 10.25, 11.84, 9.85, -90.83
0, 9134516, -23053, -2182, -523.87, 13.69, 13.07, 11.30, -89.35
0, 9144887, -26687, -2557, -542.00, 16.75, 15.10, 11.83, -87.15
0, 9155183, -30043, -2957, -559.81, 19.87, 15.18, 9.99, -84.77
0, 9163212, -32613, -3237, -577.56, 19.87, 15.02, 9.31, -82.79
0, 9168928, -34406, -3425, -577.56, 23.12, 13.51, 9.31, -81.31
0, 9174635, -36196, -3580, -595.62, 26.19, 13.51, 6.68, -79.79
0, 9180665, -38050, -3734, -595.62, 26.19, 12.81, 9.34, -78.11
0, 9189509, -40685, -3986, -614.12, 29.87, 7.73, 9.41, -75.55
0, 9199524, -43588, -4220, -633.12, 32.75, 4.96, 10.01, -72.51
0, 9209753, -46553, -4558, -652.69, 35.19, 5.76, 10.01, -69.25
0, 9216801, -48580, -4769, -672.94, 37.69, 5.76, 9.15, -66.91
0, 9222506, -50141, -4932, -693.75, 37.69, 6.12, 8.78, -64.98
0, 9228428, -51724, -5087, -693.75, 40.00, 8.03, 8.78, -62.92
0, 9236209, -53732, -5277, -715.06, 42.75, 9.43, 11.22, -60.14
0, 9245918, -55998, -5497, -736.69, 45.44, 10.23, 9.66, -56.58
0, 9255707, -58227, -5688, -758.31, 47.75, 10.23, 9.36, -52.87
0, 9264013, -60128, -5886, -779.75, 49.75, 11.43, 11.52, -49.65
0, 9271005, -61617, -6042, -779.75, 49.75, 10.94, 11.52, -46.88
0, 9278532, -62941, -6174, -800.69, 51.69, 12.39, 8.49, -43.85
0, 9286301, -64113, -6287, -821.19, 53.69, 11.26, 9.80, -40.66
0, 9296222, -65333, -6431, -841.06, 55.69, 10.35, 10.04, -36.53
0, 9307366, -66337, -6605, -857.75, 57.00, 9.58, 9.88, -31.79
0, 9315451, -66912, -6660, -870.87, 58.38, 9.58, 8.88, -28.30
0, 9321335, -67240, -6703, -870.87, 58.38, 9.28, 8.88, -25.74
0, 9327532, -67508, -6732, -881.12, 59.44, 9.28, 9.84, -23.02
0, 9334555, -67716, -6751, -888.75, 60.13, 9.45, 10.37, -19.92
0, 9344199, -67843, -6763, -894.62, 60.50, 8.90, 10.15, -15.63
0, 9353981, -67833, -6772, -898.69, 60.69, 9.19, 9.52, -11.25
0, 9362856, -67824, -6779, -901.00, 60.69, 9.29, 9.77, -7.25
0, 9368562, -67813, -6785, -901.00, 60.75, 10.02, 9.77, -4.68
0, 9374262, -67793, -6791, -901.56, 60.81, 10.02, 9.60, -2.10
0, 9380055, -67778, -6792, -901.56, 60.81, 9.68, 9.45, 0.52
0, 9388348, -67754, -6794, -901.50, 60.94, 9.62, 9.45, 4.27
0, 9397804, -67688, -6794, -901.37, 61.00, 9.88, 9.88, 8.53
0, 9407451, -67481, -6795, -901.06, 61.06, 9.29, 9.64, 12.87
0, 9415515, -67236, -6803, -900.81, 61.06, 9.29, 9.88, 16.48
0, 9421402, -67234, -6803, -900.81, 61.06, 9.13, 9.88, 19.10
0, 9427345, -67233, -6803, -900.25, 61.06, 9.13, 9.73, 21.73
0, 9434017, -67227, -6803, -898.44, 61.19, 12.06, 10.52, 24.66
0, 9443913, -67218, -6804, -896.44, 61.19, 9.62, 9.36, 28.97
0, 9453774, -67157, -6804, -896.31, 61.19, 9.69, 9.93, 33.21
0, 9462677, -66763, -6771, -896.25, 61.19, 9.69, 10.31, 36.98
0, 9469942, -66256, -6721, -896.25, 61.19, 8.10, 10.31, 40.01
0, 9478147, -65494, -6648, -896.12, 61.00, 8.99, 10.01, 43.38
0, 9485242, -64672, -6572, -894.56, 60.44, 8.99, 10.27, 46.25
0, 9494773, -63285, -6434, -889.62, 59.63, 9.54, 9.84, 50.03
0, 9504660, -61540, -6268, -882.19, 58.50, 9.68, 10.24, 53.85
0, 9513798, -59947, -6071, -871.94, 58.50, 10.39, 10.40, 57.28
0, 9519500, -58923, -5938, -871.94, 57.06, 11.13, 10.40, 59.38
0, 9525379, -57722, -5802, -858.62, 55.44, 11.13, 10.33, 61.50
0, 9531083, -56394, -5661, -858.62, 55.44, 11.44, 9.54, 63.51
0, 9540227, -54126, -5422, -842.94, 53.44, 12.16, 9.76, 66.65
0, 9550241, -51445, -5177, -827.12, 51.38, 11.75, 9.48, 69.95
0, 9560269, -48712, -4919, -808.62, 49.06, 10.50, 9.48, 73.12
0, 9567274, -46838, -4743, -787.87, 46.81, 10.50, 9.65, 75.25
0, 9572990, -45134, -4585, -766.56, 46.81, 8.71, 9.65, 76.92
0, 9578989, -43222, -4395, -766.56, 44.50, 7.89, 9.34, 78.63
0, 9586442, -40825, -4140, -744.94, 42.25, 4.84, 10.54, 80.67
0, 9595400, -37849, -3844, -723.31, 39.56, 4.84, 10.41, 82.99
0, 9604966, -34557, -3545, -701.75, 36.50, 3.49, 10.40, 85.33
0, 9614027, -31649, -3267, -680.69, 36.50, 4.55, 10.68, 87.39
0, 9619739, -29806, -3085, -680.69, 33.50, 8.59, 10.68, 88.62
0, 9625687, -27757, -2885, -660.25, 30.69, 8.59, 8.28, 89.83
0, 9631399, -25666, -2682, -660.25, 30.69, 11.92, 10.88, 90.94
0, 9640312, -22644, -2345, -640.50, 27.87, 13.75, 10.42, 92.54
0, 9650280, -19214, -1988, -621.31, 24.75, 17.19, 8.44, 94.15
0, 9660335, -15431, -1587, -602.75, 21.50, 15.57, 8.44, 95.59
0, 9667350, -12928, -1351, -584.69, 18.19, 15.57, 9.73, 96.47
0, 9673100, -10914, -1158, -566.69, 18.19, 17.63, 9.73, 97.12
0, 9679169, -8673, -945, -566.69, 14.56, 12.97, 10.80, 97.74
0, 9686070, -6198, -707, -548.94, 11.63, 8.93, 8.98, 98.35
0, 9695336, -2772, -346, -530.94, 8.63, 8.93, 11.04, 99.02
0, 9704921, 766, -22, -512.50, 5.37, 7.63, 7.10, 99.53
0, 9713921, 4007, 303, -493.44, 5.37, 2.66, 7.88, 99.84
0, 9719794, 6145, 500, -493.44, 2.00, 5.49, 7.88, 99.96
0, 9725690, 8305, 718, -473.62, -1.06, 5.49, 10.85, 100.00
0, 9731597, 10515, 934, -473.62, -1.06, 12.15, 10.39, 99.97
0, 9740696, 13772, 1276, -453.00, -4.31, 11.63, 10.00, 99.79
0, 9750232, 17227, 1617, -431.62, -7.69, 15.86, 8.77, 99.41
0, 9760159, 20857, 2006, -409.69, -10.88, 15.96, 8.77, 98.83
0, 9766942, 23348, 2248, -387.44, -14.31, 15.96, 9.51, 98.31
0, 9772838, 25465, 2443, -365.19, -14.31, 17.29, 9.51, 97.79
0, 9778549, 27543, 2672, -365.19, -17.81, 17.31, 9.97, 97.22
0, 9785330, 30062, 2906, -343.19, -20.87, 17.31, 8.72, 96.46
0, 9794676, 33460, 3262, -321.81, -24.12, 13.86, 10.69, 95.25
0, 9803922, 36826, 3568, -301.12, -27.25, 7.96, 10.43, 93.90
0, 9813216, 40203, 3884, -281.25, -27.25, 4.40, 10.43, 92.37
0, 9818924, 42330, 4085, -281.25, -30.56, 4.40, 9.97, 91.35
0, 9824632, 44448, 4297, -262.12, -30.56, 2.09, 9.99, 90.27
0, 9830339, 46538, 4500, -262.12, -33.50, 5.43, 9.99, 89.13
0, 9837865, 49243, 4781, -243.62, -36.69, 8.99, 9.59, 87.54
0, 9846929, 52318, 5109, -225.56, -40.13, 13.62, 9.48, 85.48
0, 9856015, 55369, 5430, -207.75, -43.56, 15.48, 8.74, 83.28
0, 9864654, 58513, 5720, -189.94, -43.56, 15.48, 8.29, 81.05
0, 9870403, 60628, 5935, -189.94, -46.81, 15.55, 8.29, 79.50
0, 9876127, 62690, 6134, -171.75, -46.81, 15.55, 9.45, 77.91
0, 9882144, 64789, 6358, -153.19, -50.06, 16.75, 7.89, 76.17
0, 9890736, 67663, 6647, -153.19, -53.19, 16.36, 7.89, 73.60
0, 9900117, 70564, 6932, -134.06, -56.31, 11.75, 9.98, 70.66
0, 9909410, 73133, 7166, -114.31, -59.44, 7.88, 9.47, 67.63
0, 9916398, 74909, 7327, -93.81, -59.44, 7.88, 10.00, 65.26
0, 9922276, 76300, 7466, -72.69, -62.25, 6.60, 10.00, 63.23
0, 9927981, 77602, 7584, -72.69, -64.69, 6.60, 9.64, 61.21
0, 9934143, 78998, 7721, -51.19, -64.69, 5.97, 9.59, 58.98
0, 9943403, 81112, 7935, -29.62, -66.69, 6.65, 9.11, 55.55
0, 9953057, 83352, 8149, -8.25, -68.69, 6.67, 9.12, 51.87
0, 9962609, 85374, 8380, 12.94, -70.69, 7.78, 9.12, 48.13
0, 9968322, 86445, 8495, 12.94, -72.75, 7.78, 8.95, 45.85
0, 9974360, 87488, 8607, 33.75, -72.75, 10.34, 8.95, 43.40
0, 9980464, 88453, 8706, 33.75, -74.87, 11.42, 9.23, 40.90
0, 9987498, 89512, 8808, 54.06, -77.00, 11.06, 9.47, 37.98
0, 9996463, 90729, 8940, 72.19, -78.62, 10.52, 9.43, 34.20
0, 10006107, 91906, 9063, 87.50, -80.00, 11.58, 9.37, 30.07
