********************************************************************************
Obsolete PIO Core v6.1.11 is used (previous was 6.1.14)
Please remove multiple PIO Cores from a system:
https://docs.platformio.org/en/latest/core/installation/troubleshooting.html
********************************************************************************
--- Terminal on /dev/cu.usbmodem14303 | 230400 8-N-1
--- Available filters and text transformations: colorize, debug, default, direct, hexlify, log2file, nocontrol, printable, send_on_enter, time
--- More details at https://bit.ly/pio-monitor-filters
--- Quit: Ctrl+C | Menu: Ctrl+T | Help: Ctrl+T followed by Ctrl+H
start
pain
Waiting for ODrive...
pin
found ODrive
DC voltage: 24.01
Enabling closed loop control...
ODrive running!
end time:10000000
0, 33, 1048576, 0, 354.62, 0.06, 11.44, 9.03, 100.00
0, 9878, 2912, 170, 354.69, 0.06, 11.44, 7.48, 99.90
0, 15657, 5060, 373, 354.31, 0.06, 10.24, 7.48, 99.75
0, 21570, 7191, 591, 354.31, -0.06, 7.03, 4.61, 99.52
0, 27270, 9275, 803, 358.56, -0.06, 7.03, 9.47, 99.24
0, 34326, 11858, 1029, 358.56, -2.69, 12.50, 10.65, 98.80
0, 43827, 15091, 1384, 379.19, -6.00, 11.74, 8.66, 98.04
0, 53467, 18583, 1764, 399.56, -9.13, 15.47, 7.70, 97.09
0, 62525, 21915, 2081, 419.12, -12.44, 14.74, 7.70, 96.03
0, 68419, 24099, 2301, 438.06, -15.81, 14.74, 10.80, 95.25
0, 74119, 26182, 2493, 438.06, -15.81, 17.27, 10.80, 94.44
0, 80142, 28351, 2715, 456.37, -19.12, 12.82, 10.00, 93.50
0, 89826, 31903, 3067, 474.12, -22.25, 11.57, 8.35, 91.86
0, 99269, 35373, 3425, 491.75, -25.44, 7.30, 11.67, 90.09
0, 108462, 38732, 3720, 509.37, -28.81, 7.30, 9.88, 88.21
0, 115355, 41127, 3949, 527.25, -28.81, 4.91, 9.88, 86.70
0, 121059, 43143, 4154, 527.25, -31.94, 4.91, 8.45, 85.39
0, 126975, 45290, 4371, 545.56, -31.94, 3.58, 10.06, 83.96
0, 133745, 47779, 4600, 545.56, -35.00, 6.92, 8.60, 82.26
0, 143533, 51024, 4959, 564.62, -38.19, 9.23, 9.51, 79.67
0, 153490, 54087, 5266, 584.44, -41.56, 15.32, 8.95, 76.86
0, 162879, 57159, 5581, 605.12, -44.94, 14.44, 8.95, 74.08
0, 168789, 59169, 5776, 626.56, -47.75, 14.44, 9.17, 72.26
0, 174494, 61038, 5956, 626.56, -47.75, 14.63, 9.17, 70.45
0, 180534, 62910, 6143, 648.44, -50.69, 15.26, 10.29, 68.49
0, 189908, 65681, 6430, 670.69, -53.50, 12.43, 9.23, 65.34
0, 198723, 68084, 6672, 693.06, -56.31, 12.43, 8.69, 62.27
0, 208500, 70509, 6913, 714.94, -59.00, 12.07, 9.64, 58.75
0, 215294, 72057, 7062, 714.94, -59.00, 9.14, 9.64, 56.24
0, 221000, 73301, 7166, 736.12, -61.38, 9.14, 10.61, 54.08
0, 226917, 74525, 7278, 756.56, -61.38, 6.94, 9.62, 51.81
0, 233675, 75794, 7403, 756.56, -63.50, 6.46, 9.53, 49.18
0, 243488, 77456, 7557, 776.37, -65.19, 7.80, 9.85, 45.27
0, 253156, 78943, 7705, 795.37, -66.81, 8.43, 9.85, 41.33
0, 262081, 80191, 7830, 812.00, -68.31, 8.82, 9.10, 37.62
0, 267781, 80961, 7906, 826.37, -68.31, 8.82, 9.53, 35.22
0, 273488, 81673, 7976, 826.37, -69.62, 9.13, 9.53, 32.79
0, 279335, 82340, 8038, 839.25, -70.94, 9.38, 9.35, 30.28
0, 288630, 83267, 8127, 850.94, -72.12, 9.38, 9.97, 26.25
0, 297886, 83961, 8194, 861.75, -73.19, 9.99, 9.46, 22.19
0, 307523, 84340, 8240, 871.12, -73.19, 10.56, 9.77, 17.92
0, 315117, 84423, 8251, 871.12, -74.00, 11.36, 9.77, 14.53
0, 321026, 84413, 8258, 878.75, -74.56, 11.36, 9.75, 11.88
0, 327119, 84407, 8260, 883.69, -74.56, 11.48, 9.81, 9.14
0, 333889, 84401, 8263, 883.69, -74.81, 10.34, 9.51, 6.09
0, 343388, 84389, 8270, 885.69, -74.94, 9.96, 9.51, 1.80
0, 353335, 84364, 8279, 885.69, -74.94, 10.12, 9.45, -2.70
0, 362177, 84287, 8281, 885.62, -75.06, 10.12, 9.53, -6.69
0, 367889, 84183, 8282, 885.50, -75.06, 10.01, 9.53, -9.27
0, 373632, 84005, 8282, 885.50, -75.12, 10.95, 9.44, -11.85
0, 379367, 83758, 8282, 885.25, -75.19, 10.95, 9.34, -14.42
0, 388534, 83449, 8347, 884.50, -75.12, 10.48, 9.58, -18.51
0, 397489, 83103, 8327, 882.44, -75.25, 9.53, 7.99, -22.47
0, 406627, 82646, 8285, 879.19, -75.25, 10.05, 11.58, -26.48
0, 414508, 82138, 8246, 879.19, -75.69, 10.69, 11.58, -29.90
0, 420424, 81679, 8211, 876.25, -75.37, 10.69, 9.79, -32.44
0, 426130, 81189, 8165, 872.56, -75.37, 10.56, 9.79, -34.87
0, 432346, 80614, 8107, 872.56, -74.94, 10.32, 9.33, -37.49
0, 440877, 79790, 8005, 867.62, -74.31, 9.96, 9.85, -41.04
0, 449649, 78846, 7872, 861.19, -73.50, 10.02, 9.82, -44.62
0, 459199, 77630, 7718, 853.69, -72.44, 10.02, 9.55, -48.44
0, 466156, 76649, 7612, 845.50, -72.44, 9.35, 9.55, -51.17
0, 471865, 75750, 7504, 845.50, -71.06, 8.65, 9.69, -53.37
0, 477766, 74741, 7400, 836.06, -71.06, 8.65, 8.89, -55.61
0, 485518, 73381, 7266, 825.06, -69.62, 9.06, 8.89, -58.49
0, 494022, 71827, 7161, 825.06, -68.12, 8.33, 9.35, -61.56
0, 503710, 69939, 6975, 812.19, -66.50, 8.08, 8.32, -64.95
0, 512784, 67850, 6796, 797.56, -65.25, 7.91, 9.69, -68.02
0, 518691, 66367, 6679, 781.94, -65.25, 7.91, 8.82, -69.95
0, 524409, 64895, 6529, 781.94, -63.75, 7.85, 8.82, -71.78
0, 530118, 63342, 6370, 764.87, -61.88, 10.42, 10.05, -73.55
0, 538409, 60827, 6120, 745.31, -59.94, 10.42, 9.90, -76.04
0, 547278, 58024, 5818, 724.56, -59.94, 10.28, 9.18, -78.58
0, 557168, 54858, 5521, 703.12, -57.56, 12.53, 9.80, -81.27
0, 565058, 52409, 5271, 703.12, -54.69, 15.15, 9.80, -83.29
0, 570967, 50439, 5096, 681.12, -51.81, 15.15, 9.00, -84.74
0, 576819, 48291, 4879, 658.94, -51.81, 14.78, 9.00, -86.12
0, 583601, 45818, 4626, 658.94, -49.13, 14.55, 10.56, -87.64
0, 591702, 43053, 4340, 636.87, -46.31, 12.49, 7.59, -89.34
0, 600170, 40184, 3998, 615.25, -42.94, 8.27, 9.54, -91.00
0, 610095, 36616, 3620, 594.31, -39.69, 8.27, 10.56, -92.76
0, 617131, 34106, 3427, 574.19, -39.69, 5.96, 10.56, -93.91
0, 622841, 32038, 3237, 574.19, -36.00, 4.71, 8.70, -94.76
0, 628786, 29855, 3049, 554.75, -36.00, 4.71, 9.18, -95.59
0, 636449, 27022, 2756, 536.12, -32.69, 4.49, 10.44, -96.55
0, 645128, 23851, 2425, 536.12, -29.87, 8.22, 10.44, -97.49
0, 654388, 20423, 2081, 517.94, -26.87, 11.96, 9.61, -98.34
0, 663106, 17242, 1789, 500.25, -23.50, 17.23, 9.81, -98.98
0, 669207, 14983, 1570, 482.69, -23.50, 17.23, 11.16, -99.33
0, 675173, 12737, 1355, 482.69, -20.12, 17.26, 11.16, -99.61
0, 681415, 10527, 1138, 464.94, -17.06, 17.77, 10.04, -99.82
0, 689584, 7611, 860, 446.87, -13.81, 16.28, 9.88, -99.97
0, 698318, 4426, 473, 428.31, -13.81, 16.28, 8.00, -99.99
0, 707758, 967, 101, 408.94, -10.56, 15.10, 9.16, -99.83
0, 715669, -1837, -126, 388.75, -7.19, 9.47, 9.16, -99.55
0, 721417, -3950, -332, 388.75, -3.44, 9.47, 11.14, -99.27
0, 727415, -6179, -520, 367.62, -3.44, 7.80, 11.14, -98.91
0, 734178, -8652, -787, 367.62, -0.19, 2.98, 8.55, -98.41
0, 742908, -11894, -1110, 345.69, 2.75, 6.02, 9.92, -97.64
0, 750787, -14770, -1427, 323.25, 5.87, 7.24, 11.46, -96.80
0, 760278, -18231, -1738, 300.62, 9.25, 7.24, 8.96, -95.64
0, 767746, -20880, -1996, 278.19, 9.25, 14.36, 8.96, -94.60
0, 773455, -22976, -2189, 278.19, 12.63, 14.52, 10.37, -93.73
0, 779384, -25153, -2410, 256.31, 12.63, 14.52, 11.02, -92.76
0, 787630, -27950, -2682, 235.25, 15.63, 17.54, 8.53, -91.31
0, 797411, -31241, -3136, 215.06, 18.81, 14.86, 7.30, -89.41
0, 807481, -34662, -3464, 195.69, 22.00, 13.99, 7.30, -87.28
0, 815944, -37519, -3692, 195.69, 25.12, 12.66, 11.43, -85.35
0, 821656, -39397, -3882, 176.87, 29.00, 12.66, 11.02, -83.98
0, 827777, -41367, -4054, 158.62, 29.00, 11.66, 11.02, -82.44
0, 834779, -43591, -4227, 158.62, 32.00, 5.29, 10.34, -80.61
0, 842450, -46012, -4512, 140.69, 34.69, 5.69, 9.00, -78.51
0, 850316, -48555, -4767, 122.94, 37.19, 4.59, 9.31, -76.26
0, 859365, -51406, -5076, 105.00, 37.19, 4.59, 9.72, -73.55
0, 867699, -53923, -5306, 86.75, 40.06, 7.69, 9.72, -70.94
0, 873406, -55473, -5454, 86.75, 43.00, 10.24, 10.37, -69.10
0, 879685, -57114, -5613, 68.00, 43.00, 10.24, 9.31, -67.02
0, 887944, -59449, -5820, 48.56, 46.00, 11.82, 10.81, -64.20
0, 897312, -62101, -6104, 28.44, 48.38, 12.18, 10.81, -60.90
0, 905914, -64093, -6294, 7.69, 50.69, 13.97, 9.18, -57.76
0, 913480, -65624, -6472, 7.69, 53.13, 13.34, 10.36, -54.94
0, 919967, -66699, -6647, -13.69, 53.13, 13.34, 10.36, -52.46
0, 925909, -67588, -6745, -35.31, 55.63, 12.01, 10.14, -50.16
0, 931625, -68398, -6835, -35.31, 57.63, 10.07, 7.39, -47.91
0, 939278, -69443, -6939, -56.00, 57.63, 10.18, 8.96, -44.84
0, 948143, -70623, -7052, -72.44, 59.81, 10.18, 10.36, -41.22
0, 957889, -71751, -7166, -86.37, 61.31, 10.37, 10.36, -37.17
0, 966298, -72532, -7227, -99.44, 62.56, 9.40, 9.04, -33.61
0, 972008, -72971, -7258, -99.44, 62.56, 8.79, 10.16, -31.17
0, 978180, -73351, -7285, -111.44, 63.69, 8.79, 10.16, -28.50
0, 986018, -73677, -7310, -121.44, 64.62, 9.11, 10.14, -25.09
0, 993131, -73861, -7326, -121.44, 65.25, 8.79, 9.96, -21.96
0, 1000295, -73924, -7330, -129.00, 65.69, 9.20, 10.04, -18.79
0, 1009450, -73920, -7333, -134.25, 65.69, 9.20, 9.46, -14.71
0, 1017493, -73914, -7335, -137.19, 65.94, 8.95, 9.46, -11.10
0, 1023198, -73905, -7337, -137.19, 66.06, 10.18, 9.89, -8.54
0, 1029163, -73897, -7340, -138.06, 66.06, 10.18, 9.75, -5.85
0, 1037052, -73883, -7344, -138.00, 66.06, 10.02, 9.75, -2.28
0, 1045941, -73852, -7350, -137.94, 66.12, 10.09, 9.84, 1.74
0, 1053007, -73791, -7354, -137.94, 66.12, 10.08, 9.70, 4.93
0, 1060417, -73666, -7355, -137.75, 66.12, 10.08, 9.90, 8.27
0, 1068406, -73417, -7355, -137.56, 66.19, 9.31, 9.90, 11.87
0, 1074115, -73181, -7361, -137.56, 66.25, 10.02, 9.83, 14.43
0, 1080098, -73135, -7362, -137.00, 66.25, 10.02, 9.29, 17.10
0, 1088239, -73135, -7362, -135.50, 66.25, 8.88, 9.29, 20.71
0, 1096706, -73128, -7362, -132.37, 66.31, 12.95, 10.33, 24.44
0, 1104363, -73121, -7363, -132.37, 66.31, 9.93, 9.53, 27.78
0, 1111665, -73093, -7364, -130.87, 66.31, 10.15, 10.03, 30.94
0, 1119223, -72803, -7348, -130.81, 66.31, 10.15, 10.03, 34.17
0, 1125905, -72408, -7314, -130.75, 66.37, 10.02, 10.23, 37.00
0, 1132729, -71894, -7270, -130.75, 66.19, 9.06, 10.16, 39.84
0, 1140476, -71193, -7206, -130.25, 65.69, 9.01, 10.18, 43.03
0, 1149442, -70313, -7121, -126.62, 65.69, 9.36, 9.88, 46.66
0, 1158640, -69308, -7027, -120.37, 65.00, 9.36, 9.88, 50.29
0, 1166559, -68285, -6937, -112.06, 64.19, 9.88, 9.76, 53.36
0, 1172270, -67458, -6860, -112.06, 64.19, 9.26, 9.40, 55.52
0, 1178219, -66517, -6769, -102.69, 63.25, 9.26, 9.40, 57.74
0, 1185709, -65179, -6639, -102.69, 62.13, 9.81, 10.27, 60.47
0, 1192422, -63761, -6498, -91.81, 60.81, 10.26, 10.17, 62.86
0, 1200288, -61854, -6315, -78.62, 60.81, 11.36, 10.92, 65.59
0, 1209387, -59646, -6038, -63.00, 59.13, 11.36, 10.92, 68.64
0, 1217762, -57518, -5794, -43.94, 57.13, 12.57, 10.62, 71.34
0, 1223476, -55875, -5623, -43.94, 57.13, 13.14, 8.68, 73.13
0, 1229644, -54071, -5431, -22.56, 54.63, 13.14, 8.68, 75.00
0, 1237860, -51505, -5200, -1.19, 52.00, 12.66, 9.36, 77.41
0, 1246574, -48771, -4942, 19.75, 49.31, 12.09, 9.77, 79.84
0, 1254002, -46502, -4729, 19.75, 46.69, 9.98, 9.67, 81.82
0, 1261415, -43986, -4485, 40.19, 46.69, 7.07, 8.82, 83.70
0, 1269376, -41206, -4192, 59.81, 44.06, 7.07, 8.82, 85.61
0, 1275086, -39167, -3984, 59.81, 41.44, 5.14, 10.89, 86.92
0, 1281037, -36956, -3775, 78.81, 41.44, 2.39, 9.05, 88.22
0, 1289142, -34100, -3522, 97.12, 38.25, 2.39, 11.02, 89.88
0, 1298168, -31012, -3222, 114.87, 34.88, 4.74, 11.02, 91.60
0, 1307665, -27574, -2881, 132.37, 31.87, 12.03, 8.14, 93.24
0, 1314532, -25112, -2649, 132.37, 28.87, 12.98, 10.71, 94.31
0, 1321430, -22700, -2365, 150.06, 28.87, 12.98, 10.71, 95.30
0, 1327138, -20645, -2132, 168.12, 25.62, 15.53, 9.37, 96.05
0, 1333934, -18168, -1874, 168.12, 22.37, 16.68, 8.82, 96.86
0, 1340902, -15576, -1605, 186.50, 22.37, 15.97, 9.32, 97.60
0, 1350061, -12286, -1300, 205.62, 18.81, 15.51, 8.07, 98.42
0, 1359644, -8814, -973, 225.50, 15.25, 15.51, 8.07, 99.09
0, 1367526, -5945, -691, 246.19, 12.25, 13.30, 9.39, 99.51
0, 1373240, -3896, -478, 246.19, 12.25, 5.36, 12.46, 99.73
0, 1378953, -1809, -263, 267.62, 9.31, 5.36, 12.46, 99.89
0, 1386788, 1051, -9, 289.75, 6.06, 4.99, 8.26, 99.99
0, 1394176, 3762, 262, 289.75, 2.69, 2.35, 8.69, 99.98
0, 1401753, 6558, 528, 312.37, -0.37, 6.30, 8.53, 99.85
0, 1410616, 9801, 853, 334.94, -0.37, 6.30, 9.90, 99.54
0, 1419000, 12826, 1156, 357.06, -3.69, 11.31, 9.90, 99.11
0, 1424707, 14760, 1358, 357.06, -3.69, 12.77, 9.42, 98.73
0, 1430605, 16941, 1572, 378.56, -7.00, 12.77, 9.42, 98.27
0, 1438829, 19990, 1898, 399.19, -10.19, 15.54, 8.63, 97.52
0, 1448565, 23519, 2248, 418.87, -13.56, 16.16, 9.57, 96.45
0, 1458349, 27093, 2597, 437.87, -17.00, 17.46, 8.40, 95.19
0, 1465186, 29565, 2829, 437.87, -20.06, 17.51, 10.05, 94.20
0, 1472085, 32069, 3082, 456.12, -20.06, 17.51, 10.05, 93.10
0, 1478122, 34307, 3326, 473.94, -23.25, 11.68, 11.66, 92.07
0, 1485323, 36965, 3561, 473.94, -26.50, 6.30, 9.61, 90.75
0, 1491962, 39398, 3790, 491.62, -26.50, 4.06, 10.90, 89.45
0, 1500783, 42645, 4101, 509.25, -29.87, 1.16, 10.78, 87.60
0, 1510598, 46269, 4464, 527.12, -32.94, 1.16, 10.78, 85.37
0, 1519048, 49271, 4784, 545.44, -36.13, 6.79, 8.57, 83.32
0, 1524763, 51134, 4974, 545.44, -36.13, 10.77, 9.06, 81.86
0, 1530690, 53029, 5155, 564.50, -39.56, 10.77, 9.06, 80.29
0, 1538982, 55770, 5452, 584.31, -43.06, 13.96, 11.84, 78.00
0, 1548945, 59248, 5784, 605.00, -46.13, 14.07, 8.99, 75.10
0, 1558977, 62637, 6116, 626.37, -49.19, 15.84, 9.67, 72.03
0, 1565753, 64832, 6353, 626.37, -52.13, 16.04, 10.43, 69.87
0, 1572732, 66945, 6562, 648.37, -52.13, 13.76, 10.43, 67.58
0, 1578924, 68714, 6734, 670.87, -55.00, 13.76, 9.42, 65.49
0, 1586790, 70819, 6943, 693.25, -58.00, 10.79, 9.31, 62.76
0, 1594244, 72733, 7116, 693.25, -60.63, 8.06, 9.95, 60.10
0, 1602252, 74683, 7292, 715.06, -60.63, 7.39, 9.40, 57.17
0, 1611222, 76653, 7480, 736.25, -63.00, 7.39, 9.40, 53.80
0, 1619637, 78369, 7647, 756.62, -65.06, 6.89, 9.27, 50.55
0, 1625347, 79462, 7757, 756.62, -65.06, 6.95, 9.50, 48.31
0, 1631286, 80567, 7867, 776.44, -67.00, 7.48, 9.50, 45.94
0, 1639388, 82033, 8010, 795.62, -68.81, 7.48, 9.19, 42.65
0, 1649160, 83688, 8166, 812.94, -70.56, 7.87, 9.04, 38.62
0, 1659221, 85041, 8329, 828.19, -72.25, 8.80, 9.88, 34.38
0, 1665880, 85782, 8413, 828.19, -73.75, 10.32, 9.24, 31.54
0, 1673119, 86455, 8487, 842.00, -73.75, 10.85, 9.24, 28.42
0, 1678834, 86930, 8539, 855.75, -75.25, 10.85, 10.06, 25.93
0, 1686620, 87451, 8593, 864.44, -76.44, 10.73, 9.78, 22.51
0, 1692760, 87776, 8627, 864.44, -76.44, 11.23, 9.86, 19.80
0, 1701499, 88162, 8665, 871.44, -77.31, 10.89, 9.49, 15.91
0, 1711310, 88460, 8693, 876.62, -78.00, 10.89, 9.49, 11.52
0, 1719486, 88548, 8701, 880.50, -78.50, 10.52, 9.68, 7.84
0, 1725190, 88538, 8705, 880.50, -78.50, 10.88, 9.65, 5.26
0, 1730896, 88532, 8706, 883.25, -78.81, 11.18, 9.65, 2.69
0, 1738776, 88522, 8709, 884.19, -79.00, 11.18, 9.44, -0.88
0, 1747337, 88494, 8714, 884.06, -79.06, 9.96, 9.55, -4.75
0, 1755710, 88427, 8727, 884.06, -79.06, 10.00, 9.66, -8.52
0, 1763300, 88276, 8731, 883.94, -79.06, 9.94, 9.20, -11.94
0, 1771405, 87977, 8733, 883.56, -79.12, 9.94, 9.20, -15.57
0, 1777113, 87779, 8774, 882.44, -79.12, 10.78, 9.62, -18.11
0, 1783707, 87520, 8772, 882.44, -79.19, 10.46, 8.76, -21.04
0, 1790658, 87188, 8744, 879.81, -79.25, 10.59, 8.76, -24.10
0, 1800210, 86586, 8687, 876.69, -79.56, 10.42, 11.04, -28.27
0, 1809892, 85790, 8604, 872.87, -79.50, 10.42, 9.45, -32.44
0, 1816551, 85078, 8532, 867.62, -79.00, 10.48, 9.88, -35.27
0, 1823397, 84222, 8447, 867.62, -79.00, 11.17, 9.88, -38.15
0, 1829104, 83438, 8364, 860.69, -78.31, 11.17, 9.87, -40.52
0, 1836805, 82313, 8259, 851.37, -77.31, 10.93, 9.64, -43.68
0, 1843337, 81299, 8177, 851.37, -77.31, 9.76, 9.12, -46.32
0, 1852086, 79910, 8022, 840.12, -76.12, 9.26, 9.51, -49.79
0, 1861803, 78341, 7810, 827.69, -74.81, 9.49, 9.51, -53.55
0, 1869730, 76956, 7640, 814.37, -73.56, 9.49, 10.43, -56.54
0, 1875442, 75880, 7523, 814.37, -73.56, 8.51, 10.43, -58.65
0, 1881156, 74729, 7397, 800.75, -71.69, 8.37, 8.61, -60.73
0, 1889007, 73111, 7247, 785.75, -69.81, 8.37, 9.41, -63.51
0, 1897560, 71291, 7117, 768.69, -67.94, 6.77, 8.72, -66.45
0, 1906452, 69262, 6912, 750.19, -66.06, 7.99, 9.19, -69.40
0, 1913706, 67382, 6763, 750.19, -66.06, 6.74, 10.72, -71.72
0, 1921752, 65167, 6555, 730.44, -64.62, 6.74, 10.72, -74.21
0, 1927477, 63525, 6390, 709.56, -62.69, 7.33, 9.86, -75.92
0, 1933658, 61588, 6214, 709.56, -62.69, 10.08, 9.86, -77.71
0, 1941190, 59080, 5938, 687.94, -60.69, 13.00, 9.93, -79.81
0, 1950905, 55830, 5617, 665.94, -58.19, 15.02, 9.44, -82.38
0, 1960830, 52585, 5289, 643.81, -55.38, 15.02, 8.47, -84.84
0, 1967517, 50297, 5083, 622.06, -52.31, 15.52, 9.06, -86.40
0, 1974534, 47687, 4818, 622.06, -52.31, 15.28, 9.06, -87.95
0, 1980932, 45407, 4588, 600.87, -49.50, 15.23, 10.78, -89.29
0, 1988998, 42642, 4289, 580.44, -46.56, 15.23, 9.12, -90.88
0, 1998060, 39519, 3926, 560.94, -43.25, 12.13, 9.08, -92.51
0, 2007547, 36056, 3580, 542.00, -40.00, 7.60, 9.62, -94.05
0, 2014420, 33576, 3365, 542.00, -40.00, 3.52, 9.53, -95.06
0, 2022275, 30678, 3126, 523.75, -36.25, 3.52, 9.53, -96.10
0, 2028204, 28481, 2910, 505.87, -32.88, 4.48, 6.93, -96.81
0, 2034959, 25966, 2667, 505.87, -32.88, 4.78, 11.70, -97.53
0, 2041939, 23432, 2394, 488.25, -30.00, 12.04, 11.70, -98.18
0, 2051627, 19830, 2033, 470.56, -27.00, 11.96, 8.71, -98.92
0, 2061385, 16313, 1690, 452.62, -23.62, 11.96, 8.96, -99.47
0, 2068319, 13734, 1454, 434.12, -20.19, 15.71, 8.29, -99.74
0, 2075115, 11277, 1212, 434.12, -20.19, 16.17, 8.29, -99.92
0, 2080871, 9235, 1006, 415.00, -17.12, 16.17, 9.19, -99.99
0, 2088995, 6284, 677, 395.06, -13.94, 15.28, 10.34, -99.98
0, 2097978, 3005, 304, 374.31, -10.75, 12.64, 8.49, -99.81
0, 2107849, -559, -22, 352.75, -7.44, 12.58, 9.16, -99.43
0, 2114646, -2979, -245, 352.75, -7.44, 7.95, 12.30, -99.05
0, 2122481, -5864, -485, 330.44, -3.62, 7.95, 12.30, -98.51
0, 2128352, -8015, -728, 307.87, -3.62, 4.19, 8.19, -98.01
0, 2135126, -10523, -975, 307.87, -0.31, 4.42, 9.87, -97.36
0, 2142267, -13175, -1262, 285.31, 2.50, 7.69, 9.87, -96.57
0, 2152011, -16721, -1606, 263.19, 5.56, 11.31, 10.40, -95.34
0, 2161792, -20217, -1935, 241.81, 8.94, 11.31, 9.34, -93.91
0, 2168767, -22799, -2169, 221.37, 12.44, 14.62, 9.69, -92.78
0, 2175550, -25259, -2415, 221.37, 12.44, 14.53, 9.69, -91.59
0, 2181264, -27285, -2625, 201.81, 15.50, 15.85, 9.47, -90.52
0, 2189192, -30000, -2941, 182.94, 18.62, 15.85, 9.75, -88.94
0, 2197954, -32971, -3283, 164.62, 21.87, 15.54, 9.60, -87.06
0, 2207704, -36224, -3607, 146.69, 25.12, 13.76, 12.92, -84.81
0, 2214490, -38464, -3789, 146.69, 25.12, 10.23, 10.32, -83.14
0, 2222733, -41097, -4038, 128.75, 28.94, 10.23, 10.32, -81.01
0, 2228698, -42971, -4176, 110.87, 28.94, 6.49, 8.52, -79.40
0, 2235497, -45069, -4408, 110.87, 32.00, 4.43, 8.52, -77.50
0, 2242408, -47242, -4630, 92.75, 34.56, 4.86, 8.98, -75.48
0, 2252256, -50252, -4946, 74.19, 37.06, 6.16, 10.49, -72.49
0, 2262298, -53246, -5242, 55.00, 40.00, 6.16, 8.42, -69.29
0, 2269493, -55255, -5432, 35.06, 42.88, 8.21, 10.94, -66.90
0, 2276135, -56996, -5606, 35.06, 42.88, 10.38, 10.94, -64.64
0, 2282495, -58698, -5746, 14.44, 45.31, 12.30, 9.25, -62.42
0, 2290257, -60814, -5970, -6.75, 47.56, 12.30, 11.13, -59.64
0, 2299233, -63029, -6199, -28.31, 49.88, 11.75, 8.75, -56.33
0, 2308977, -65023, -6396, -50.06, 52.31, 13.76, 9.90, -52.64
0, 2315820, -66201, -6563, -50.06, 52.31, 12.53, 10.08, -49.98
0, 2323659, -67349, -6727, -71.62, 54.25, 10.87, 10.08, -46.88
0, 2329366, -68101, -6804, -91.50, 56.31, 10.87, 7.72, -44.59
0, 2336523, -68944, -6890, -91.50, 56.31, 9.93, 7.72, -41.67
0, 2343094, -69666, -6960, -107.19, 58.06, 10.18, 13.23, -38.95
0, 2352972, -70643, -7055, -120.00, 59.19, 9.96, 9.94, -34.80
0, 2362744, -71400, -7134, -130.75, 60.19, 9.96, 9.91, -30.62
0, 2369775, -71808, -7170, -140.25, 61.00, 9.29, 9.79, -27.58
0, 2376570, -72070, -7190, -147.94, 61.00, 9.06, 9.79, -24.62
0, 2383111, -72221, -7203, -147.94, 61.69, 8.73, 10.35, -21.74
0, 2390522, -72292, -7206, -153.56, 62.06, 8.73, 9.83, -18.46
0, 2399658, -72288, -7209, -156.81, 62.25, 9.19, 10.07, -14.38
0, 2409678, -72284, -7211, -158.19, 62.25, 9.00, 9.52, -9.88
0, 2416404, -72273, -7216, -158.19, 62.25, 10.18, 9.63, -6.85
0, 2424728, -72262, -7219, -158.25, 62.31, 10.05, 9.63, -3.09
0, 2430616, -72246, -7222, -158.19, 62.31, 10.05, 9.69, -0.43
0, 2438812, -72211, -7223, -158.06, 62.31, 10.01, 9.81, 3.27
0, 2446214, -72155, -7223, -158.06, 62.38, 9.96, 9.96, 6.62
0, 2455789, -71970, -7223, -157.87, 62.50, 9.57, 9.58, 10.93
0, 2464703, -71625, -7223, -157.56, 62.50, 9.55, 9.58, 14.93
0, 2472635, -71511, -7226, -156.69, 62.56, 9.55, 9.73, 18.46
0, 2478706, -71508, -7226, -154.44, 62.56, 8.72, 10.03, 21.15
0, 2485906, -71503, -7226, -154.44, 62.69, 10.87, 10.03, 24.32
0, 2492363, -71497, -7226, -151.69, 62.81, 9.86, 9.78, 27.15
0, 2501594, -71492, -7226, -151.25, 62.81, 10.10, 9.86, 31.14
0, 2511430, -71348, -7216, -151.19, 62.81, 10.10, 9.64, 35.33
0, 2518126, -71000, -7186, -151.12, 62.81, 9.95, 10.22, 38.15
0, 2525716, -70442, -7133, -151.12, 62.81, 7.54, 10.22, 41.30
0, 2531424, -69952, -7083, -150.37, 62.63, 8.83, 10.11, 43.64
0, 2539325, -69169, -7014, -146.25, 62.06, 8.83, 10.00, 46.82
0, 2547034, -68272, -6935, -139.31, 62.06, 9.27, 9.76, 49.87
0, 2555987, -67088, -6825, -139.31, 61.31, 9.34, 10.41, 53.34
0, 2564667, -65778, -6695, -130.62, 60.50, 9.81, 10.41, 56.62
0, 2572623, -64323, -6554, -119.81, 59.44, 9.81, 9.79, 59.55
0, 2578633, -63041, -6428, -107.12, 59.44, 10.14, 9.90, 61.71
0, 2585554, -61408, -6271, -107.12, 58.13, 10.19, 9.90, 64.14
0, 2592129, -59908, -6071, -91.75, 56.50, 12.09, 10.62, 66.39
0, 2601510, -57637, -5804, -72.37, 54.56, 12.73, 10.71, 69.50
0, 2610442, -55124, -5546, -50.94, 52.13, 12.73, 8.70, 72.35
0, 2617179, -53135, -5347, -29.44, 52.13, 12.28, 9.05, 74.42
0, 2625062, -50692, -5125, -29.44, 49.56, 12.04, 9.05, 76.75
0, 2630940, -48892, -4952, -7.87, 46.94, 12.04, 10.13, 78.43
0, 2639071, -46420, -4721, 13.38, 46.94, 10.60, 10.39, 80.66
0, 2646913, -43753, -4461, 34.00, 44.38, 8.25, 8.59, 82.70
0, 2656031, -40606, -4133, 34.00, 41.81, 7.06, 9.65, 84.95
0, 2664708, -37496, -3825, 53.94, 39.19, 3.32, 9.65, 86.95
0, 2672754, -34565, -3563, 73.00, 36.00, 3.32, 8.45, 88.69
0, 2678792, -32484, -3363, 91.44, 36.00, 4.74, 10.49, 89.92
0, 2686081, -29977, -3116, 91.44, 32.75, 7.15, 10.49, 91.31
0, 2692413, -27650, -2888, 109.31, 29.69, 11.69, 8.49, 92.44
0, 2701908, -24256, -2550, 127.06, 26.62, 13.51, 9.44, 93.99
0, 2710681, -21153, -2189, 144.87, 23.44, 13.51, 10.66, 95.27
0, 2717510, -18638, -1934, 162.75, 23.44, 17.65, 9.58, 96.17
0, 2725349, -15731, -1617, 162.75, 20.19, 15.97, 9.58, 97.08
0, 2731059, -13593, -1424, 181.06, 16.62, 18.48, 7.76, 97.67
0, 2739169, -10813, -1174, 199.87, 16.62, 18.48, 12.30, 98.39
0, 2747248, -7863, -884, 219.37, 13.06, 13.62, 10.39, 98.98
0, 2756136, -4611, -546, 219.37, 10.06, 7.57, 11.92, 99.47
0, 2764979, -1372, -227, 239.75, 7.06, 6.89, 11.92, 99.80
0, 2772889, 1512, 31, 261.00, 3.81, 6.89, 9.16, 99.96
0, 2779003, 3774, 262, 283.06, 3.81, 2.99, 8.36, 100.00
0, 2786349, 6470, 516, 283.06, 0.44, 4.77, 8.36, 99.94
0, 2792641, 8828, 762, 305.56, -2.62, 10.63, 10.84, 99.81
0, 2801639, 12074, 1059, 328.12, -5.81, 13.83, 9.59, 99.47
0, 2810664, 15164, 1402, 350.44, -9.25, 13.83, 9.31, 98.97
0, 2817430, 17660, 1654, 372.06, -9.25, 13.95, 10.26, 98.49
0, 2825511, 20630, 1965, 372.06, -12.38, 16.69, 10.26, 97.79
0, 2831220, 22745, 2166, 392.81, -15.75, 16.69, 9.13, 97.22
0, 2839036, 25599, 2445, 412.87, -15.75, 17.04, 10.49, 96.33
0, 2846583, 28353, 2715, 412.87, -19.25, 16.83, 10.19, 95.36
0, 2855706, 31686, 3047, 432.00, -22.37, 14.23, 10.19, 94.03
0, 2864909, 35093, 3403, 450.56, -25.62, 8.09, 10.98, 92.54
0, 2872479, 37860, 3645, 468.56, -28.81, 5.03, 10.19, 91.19
0, 2879247, 40259, 3871, 486.31, -28.81, 5.03, 9.17, 89.89
0, 2886859, 43080, 4150, 503.94, -32.19, 1.98, 9.17, 88.33
0, 2893056, 45353, 4380, 503.94, -35.19, 3.89, 9.28, 86.98
0, 2901531, 48416, 4672, 521.75, -38.31, 8.53, 9.09, 85.02
0, 2910911, 51533, 5019, 539.94, -41.75, 8.53, 8.17, 82.71
0, 2917686, 53699, 5223, 558.75, -41.75, 13.78, 10.20, 80.95
0, 2925928, 56443, 5515, 558.75, -45.13, 14.76, 10.20, 78.71
0, 2931650, 58461, 5702, 578.37, -48.31, 14.87, 9.00, 77.09
0, 2939780, 61225, 5974, 598.75, -48.31, 14.87, 10.46, 74.69
0, 2948116, 63913, 6246, 619.94, -51.31, 15.71, 9.60, 72.14
0, 2957815, 66906, 6558, 641.81, -54.31, 15.83, 8.75, 69.03
0, 2965922, 69265, 6793, 641.81, -57.13, 12.54, 8.75, 66.33
0, 2973587, 71373, 7001, 664.00, -60.06, 9.69, 10.66, 63.70
0, 2979671, 72986, 7137, 686.06, -60.06, 9.69, 10.27, 61.55
0, 2987494, 74956, 7316, 707.81, -62.75, 7.70, 10.27, 58.73
0, 2993957, 76433, 7459, 707.81, -65.25, 6.34, 10.14, 56.34
0, 3001972, 78144, 7626, 729.00, -67.37, 6.68, 9.31, 53.31
0, 3011475, 80046, 7816, 749.62, -69.37, 6.68, 8.59, 49.62
0, 3018479, 81447, 7955, 769.50, -69.37, 7.17, 9.72, 46.85
0, 3026355, 82964, 8099, 769.50, -71.25, 8.62, 9.72, 43.67
0, 3032275, 84018, 8199, 787.56, -73.12, 8.27, 8.97, 41.25
0, 3040324, 85207, 8350, 804.69, -73.12, 8.27, 10.00, 37.91
0, 3048527, 86255, 8466, 820.94, -74.94, 10.42, 10.25, 34.45
0, 3058422, 87369, 8584, 834.69, -76.56, 11.54, 9.82, 30.22
0, 3066346, 88154, 8664, 834.69, -78.19, 10.75, 9.82, 26.78
0, 3074292, 88858, 8732, 845.75, -79.44, 10.83, 9.67, 23.30
0, 3080356, 89298, 8775, 855.31, -79.44, 10.83, 9.56, 20.63
0, 3088636, 89737, 8818, 863.62, -80.44, 10.80, 9.56, 16.95
0, 3095392, 89960, 8845, 863.62, -81.31, 11.48, 9.76, 13.93
0, 3104928, 90050, 8856, 870.69, -81.94, 11.18, 9.67, 9.65
0, 3113075, 90040, 8858, 875.62, -82.37, 11.18, 9.78, 5.98
0, 3119547, 90031, 8860, 878.31, -82.37, 11.25, 9.64, 3.05
0, 3127417, 90019, 8861, 878.81, -82.62, 10.37, 9.64, -0.50
0, 3133542, 89994, 8864, 878.81, -82.62, 9.95, 9.33, -3.27
0, 3140948, 89920, 8872, 878.69, -82.69, 9.95, 9.59, -6.62
0, 3149103, 89775, 8885, 878.56, -82.69, 9.94, 9.21, -10.29
0, 3158916, 89479, 8905, 878.06, -82.69, 10.14, 9.32, -14.69
0, 3166840, 89412, 8940, 876.75, -82.75, 11.00, 9.32, -18.23
0, 3174798, 89406, 8941, 876.75, -82.87, 9.52, 8.55, -21.75
0, 3180934, 89392, 8942, 874.44, -82.87, 9.52, 10.93, -24.45
0, 3189178, 89249, 8932, 873.37, -83.25, 8.74, 10.01, -28.05
0, 3196838, 88887, 8895, 873.31, -83.37, 10.65, 10.01, -31.36
0, 3205922, 88237, 8838, 873.31, -83.44, 12.00, 10.22, -35.23
0, 3214472, 87395, 8763, 872.37, -83.19, 11.09, 9.69, -38.82
0, 3221038, 86531, 8683, 868.69, -83.19, 11.09, 9.84, -41.54
0, 3228920, 85314, 8557, 862.50, -82.69, 11.15, 9.84, -44.76
0, 3235677, 84131, 8439, 862.50, -82.00, 10.97, 10.21, -47.47
0, 3242250, 82912, 8312, 853.50, -80.94, 11.14, 9.86, -50.06
0, 3250075, 81431, 8189, 841.44, -80.94, 11.14, 9.49, -53.09
0, 3259376, 79634, 7985, 826.94, -79.44, 10.18, 9.61, -56.61
0, 3267274, 78091, 7778, 826.94, -77.75, 9.64, 9.61, -59.52
0, 3274983, 76490, 7591, 811.19, -76.19, 8.19, 10.87, -62.28
0, 3281215, 75105, 7435, 794.75, -76.19, 7.39, 8.62, -64.46
0, 3289313, 73242, 7255, 777.81, -74.12, 7.39, 8.62, -67.22
0, 3297186, 71389, 7128, 759.19, -71.81, 7.10, 9.63, -69.81
0, 3305735, 69265, 6911, 759.19, -69.62, 7.52, 7.83, -72.52
0, 3313628, 67070, 6738, 739.06, -67.75, 7.39, 11.02, -74.94
0, 3320550, 65058, 6543, 718.25, -67.75, 7.39, 8.54, -76.97
0, 3328885, 62480, 6291, 696.94, -66.00, 7.58, 8.54, -79.32
0, 3335640, 60186, 6048, 696.94, -63.88, 11.08, 10.48, -81.14
0, 3342366, 57867, 5802, 675.12, -61.50, 12.86, 9.09, -82.88
0, 3350191, 55133, 5548, 653.12, -61.50, 12.86, 8.98, -84.81
0, 3359500, 51960, 5227, 631.19, -58.69, 15.72, 9.16, -86.97
0, 3367576, 48985, 4948, 609.75, -55.50, 15.79, 9.16, -88.71
0, 3375108, 46248, 4673, 609.75, -52.50, 15.27, 10.56, -90.23
0, 3381293, 44042, 4465, 588.94, -52.50, 13.23, 8.46, -91.40
0, 3389520, 41170, 4108, 569.00, -49.50, 13.23, 8.46, -92.85
0, 3397539, 38273, 3785, 549.87, -46.19, 12.15, 8.11, -94.13
0, 3405863, 35253, 3540, 549.87, -42.88, 5.74, 9.21, -95.34
0, 3413624, 32438, 3266, 531.31, -39.13, 2.56, 9.55, -96.34
0, 3420584, 29874, 3054, 513.31, -39.13, 2.56, 10.21, -97.13
0, 3428639, 26886, 2752, 495.50, -35.56, 4.33, 10.21, -97.93
0, 3435394, 24424, 2504, 495.50, -32.63, 9.84, 11.45, -98.51
0, 3442216, 21943, 2223, 477.81, -29.37, 14.07, 9.14, -98.99
0, 3450040, 19095, 1967, 459.94, -29.37, 14.07, 9.39, -99.43
0, 3459500, 15648, 1623, 441.75, -25.87, 14.22, 9.39, -99.79
0, 3467597, 12670, 1353, 422.87, -22.81, 18.33, 11.56, -99.96
0, 3474653, 10098, 1082, 422.87, -19.62, 17.80, 9.11, -100.00
0, 3481422, 7613, 843, 403.25, -19.62, 15.65, 9.08, -99.94
0, 3489560, 4709, 494, 382.81, -16.44, 15.65, 9.08, -99.74
0, 3497150, 1934, 199, 361.62, -13.13, 13.84, 8.09, -99.44
0, 3504352, -667, -27, 361.62, -9.31, 7.17, 8.23, -99.04
0, 3511896, -3388, -286, 699.75, -9.31, 5.97, 11.79, -98.51
0, 3519590, -6216, -522, 677.25, -5.75, 5.97, 11.79, -97.85
0, 3527873, -9265, -845, 654.75, -3.00, 4.61, 8.33, -97.01
0, 3533837, -11403, -1052, 654.75, 0.00, 6.95, 8.37, -96.32
0, 3541192, -14120, -1363, 632.44, 0.00, 6.95, 9.72, -95.37
0, 3549277, -17087, -1639, 610.75, 3.37, 10.78, 9.72, -94.21
0, 3558295, -20281, -1940, 589.87, 6.81, 12.79, 9.52, -92.77
0, 3565692, -22991, -2187, 589.87, 9.88, 14.17, 10.98, -91.47
0, 3571995, -25279, -2425, 569.94, 9.88, 17.02, 9.20, -90.28
0, 3579992, -27978, -2682, 550.75, 12.94, 17.02, 9.20, -88.66
0, 3588044, -30674, -3052, 532.25, 16.12, 15.48, 10.74, -86.92
0, 3594821, -32931, -3282, 532.25, 19.19, 15.48, 9.75, -85.36
0, 3601793, -35206, -3524, 514.12, 23.00, 12.19, 5.66, -83.68
0, 3610797, -38128, -3756, 496.19, 23.00, 12.19, 9.64, -81.38
0, 3618903, -40675, -4006, 478.25, 26.12, 9.69, 9.64, -79.20
0, 3626567, -43037, -4180, 478.25, 28.69, 6.92, 8.89, -77.04
0, 3632629, -44874, -4385, 460.12, 31.31, 4.78, 9.49, -75.26
0, 3640623, -47342, -4636, 441.69, 31.31, 4.78, 10.18, -72.83
0, 3649002, -49905, -4912, 422.75, 33.75, 4.85, 10.18, -70.18
0, 3658125, -52621, -5188, 403.19, 36.69, 5.91, 8.50, -67.18
0, 3664788, -54531, -5364, 403.19, 39.63, 8.45, 11.10, -64.92
0, 3671563, -56308, -5541, 382.87, 39.63, 11.35, 9.09, -62.56
0, 3679593, -58398, -5722, 361.94, 42.13, 11.35, 9.09, -59.69
0, 3687303, -60460, -5935, 340.50, 44.44, 12.44, 11.22, -56.86
0, 3693360, -61968, -6091, 340.50, 44.44, 11.21, 9.50, -54.58
0, 3700878, -63526, -6242, 318.87, 46.63, 12.43, 10.02, -51.70
0, 3709789, -65163, -6414, 297.19, 49.06, 12.43, 10.02, -48.21
0, 3717521, -66309, -6589, 297.19, 51.06, 11.50, 10.04, -45.12
0, 3724127, -67147, -6707, 275.81, 52.75, 10.47, 9.01, -42.43
0, 3731294, -67966, -6794, 256.94, 52.75, 10.47, 9.33, -39.48
0, 3739323, -68789, -6877, 242.00, 54.69, 10.26, 9.33, -36.12
0, 3746676, -69476, -6944, 242.00, 55.94, 9.49, 10.25, -33.00
0, 3753377, -70061, -6999, 230.31, 56.94, 9.64, 9.84, -30.12
0, 3761554, -70646, -7057, 220.31, 56.94, 9.64, 10.08, -26.58
0, 3769522, -71076, -7102, 211.69, 57.75, 10.01, 10.08, -23.09
0, 3777163, -71387, -7134, 204.19, 58.44, 9.00, 9.95, -19.71
0, 3783786, -71554, -7150, 204.19, 58.44, 9.34, 9.96, -16.77
0, 3791269, -71580, -7155, 198.56, 58.94, 9.34, 10.24, -13.42
0, 3799550, -71577, -7156, 194.62, 59.31, 9.10, 10.24, -9.70
0, 3809148, -71571, -7158, 192.62, 59.44, 9.91, 9.60, -5.37
0, 3816343, -71555, -7159, 192.62, 59.50, 10.08, 9.63, -2.12
0, 3823037, -71530, -7160, 192.50, 59.50, 9.95, 9.77, 0.90
0, 3831028, -71475, -7160, 192.56, 59.50, 9.95, 9.77, 4.52
0, 3839130, -71385, -7161, 192.75, 59.56, 10.07, 9.86, 8.17
0, 3846145, -71243, -7161, 192.75, 59.56, 9.95, 9.76, 11.33
0, 3854764, -70930, -7162, 193.06, 59.56, 9.55, 9.80, 15.19
0, 3862653, -70898, -7166, 193.87, 59.56, 8.86, 9.82, 18.71
0, 3870484, -70897, -7166, 195.44, 59.75, 8.86, 9.82, 22.17
0, 3878196, -70891, -7166, 198.06, 59.81, 10.03, 10.24, 25.56
0, 3884964, -70886, -7166, 198.06, 59.81, 9.77, 9.86, 28.51
0, 3892781, -70880, -7167, 198.56, 59.81, 10.17, 9.59, 31.88
0, 3901591, -70834, -7167, 198.62, 59.81, 10.03, 9.89, 35.63
0, 3911451, -70348, -7122, 198.69, 59.81, 10.03, 9.89, 39.76
0, 3919770, -69712, -7060, 198.75, 59.88, 7.84, 9.69, 43.18
0, 3926937, -69032, -7006, 198.75, 59.56, 8.39, 9.94, 46.08
0, 3934509, -68173, -6927, 200.56, 59.56, 9.07, 9.22, 49.09
0, 3941622, -67257, -6841, 206.12, 58.94, 9.53, 9.22, 51.87
0, 3949911, -66059, -6723, 214.06, 58.31, 9.53, 10.72, 55.03
0, 3959798, -64321, -6554, 224.25, 57.31, 9.90, 10.24, 58.71
0, 3966849, -62824, -6407, 224.25, 56.06, 10.06, 9.90, 61.26
0, 3973515, -61269, -6255, 236.44, 56.06, 11.26, 10.85, 63.62
0, 3981841, -59409, -6007, 251.25, 54.63, 12.26, 10.85, 66.47
0, 3989924, -57437, -5784, 269.94, 52.75, 12.26, 10.23, 69.16
0, 3997751, -55255, -5560, 291.12, 50.50, 12.57, 9.02, 71.67
0, 4005082, -53108, -5345, 291.12, 48.00, 12.44, 9.35, 73.94
0, 4012928, -50692, -5125, 312.56, 48.00, 11.89, 9.72, 76.29
0, 4020765, -48330, -4901, 334.25, 45.44, 11.89, 9.72, 78.53
0, 4028587, -45942, -4675, 355.81, 42.88, 10.14, 9.90, 80.67
0, 4035493, -43607, -4447, 355.81, 40.31, 7.26, 8.80, 82.48
0, 4042422, -41239, -4195, 376.87, 40.31, 6.15, 8.80, 84.21
0, 4050662, -38326, -3904, 397.37, 37.81, 6.15, 11.40, 86.16
0, 4060346, -34801, -3584, 417.06, 34.88, 3.12, 9.39, 88.30
0, 4067332, -32406, -3357, 436.00, 31.56, 4.62, 10.89, 89.74
0, 4073923, -30149, -3133, 436.00, 31.56, 12.90, 8.13, 91.01
0, 4082251, -27091, -2833, 454.31, 28.44, 12.31, 8.13, 92.51
0, 4090314, -24238, -2548, 472.31, 25.44, 12.31, 10.60, 93.83
0, 4098151, -21513, -2234, 490.25, 22.31, 14.35, 10.46, 95.00
0, 4106150, -18567, -1924, 490.25, 19.12, 16.84, 8.86, 96.06
0, 4113917, -15680, -1617, 507.94, 19.12, 15.86, 8.98, 96.98
0, 4122071, -12715, -1336, 526.00, 15.63, 15.86, 8.98, 97.81
0, 4130034, -9970, -1094, 544.37, 12.13, 17.04, 8.13, 98.50
0, 4137777, -7163, -817, 563.31, 8.88, 13.85, 9.97, 99.04
0, 4144143, -4806, -563, 563.31, 8.88, 6.63, 12.29, 99.40
0, 4151337, -2140, -291, 583.00, 6.00, 7.07, 12.29, 99.70
0, 4160774, 1258, 14, 603.56, 2.81, 7.07, 7.25, 99.94
0, 4167874, 3849, 273, 625.06, -0.56, 2.87, 9.03, 100.00
0, 4174329, 6242, 498, 625.06, -0.56, 4.88, 10.10, 99.96
0, 4182637, 9296, 809, 647.12, -3.69, 11.87, 10.10, 99.79
0, 4190720, 12220, 1073, 669.56, -6.81, 11.87, 8.93, 99.49
0, 4198534, 14916, 1375, 692.00, -10.19, 12.41, 10.08, 99.07
0, 4206534, 17846, 1677, 692.00, -13.44, 14.85, 9.21, 98.52
0, 4214158, 20659, 1966, 714.12, -13.44, 16.09, 9.02, 97.87
0, 4222243, 23620, 2261, 735.56, -16.81, 16.09, 9.02, 97.05
0, 4230179, 26550, 2556, 756.25, -20.25, 17.26, 9.38, 96.12
0, 4238002, 29424, 2830, 776.06, -23.50, 17.63, 8.59, 95.09
0, 4244565, 31832, 3069, 776.06, -23.50, 12.54, 10.78, 94.13
0, 4251702, 34455, 3334, 795.12, -26.62, 8.85, 10.78, 92.99
0, 4261511, 38062, 3666, 813.62, -29.87, 8.85, 9.74, 91.27
0, 4268521, 40548, 3895, 831.62, -33.19, 5.27, 10.39, 89.93
0, 4275001, 42946, 4135, 831.62, -33.19, 3.14, 9.99, 88.61
0, 4283110, 45953, 4439, 849.31, -36.38, 7.29, 9.99, 86.85
0, 4290922, 48788, 4722, 867.00, -39.38, 7.29, 9.60, 85.04
0, 4299017, 51532, 5017, 884.94, -42.75, 8.23, 9.41, 83.06
0, 4307282, 54235, 5288, 903.31, -46.19, 12.12, 8.88, 80.92
0, 4314559, 56720, 5543, 903.31, -46.19, 14.67, 8.92, 78.94
0, 4322644, 59596, 5820, 922.31, -49.63, 14.67, 8.92, 76.65
0, 4330653, 62292, 6082, 942.12, -52.63, 15.49, 8.91, 74.27
0, 4338473, 64845, 6356, 962.69, -52.63, 16.69, 10.31, 71.86
0, 4345258, 66976, 6566, 962.69, -55.75, 14.24, 8.57, 69.69
0, 4352284, 69047, 6769, 984.06, -58.69, 11.47, 8.57, 67.38
0, 4361988, 71691, 7033, 1005.94, -61.63, 11.47, 9.76, 64.07
0, 4369209, 73557, 7186, 1028.00, -64.44, 8.31, 9.62, 61.53
0, 4375553, 75095, 7329, 1028.00, -64.44, 6.95, 9.80, 59.24
0, 4384376, 77048, 7518, 1049.81, -67.00, 6.79, 9.80, 55.98
0, 4391752, 78585, 7668, 1071.31, -69.19, 6.88, 9.19, 53.19
0, 4399762, 80161, 7827, 1092.38, -71.19, 6.88, 9.64, 50.09
0, 4408786, 81914, 7999, 1112.63, -73.06, 7.48, 9.25, 46.51
0, 4415379, 83137, 8116, 1112.63, -73.06, 8.07, 9.53, 43.85
0, 4423223, 84413, 8248, 1131.06, -74.87, 8.87, 9.53, 40.64
0, 4430987, 85432, 8373, 1148.25, -76.69, 8.87, 9.73, 37.41
0, 4438851, 86314, 8471, 1164.50, -76.69, 10.93, 9.34, 34.09
0, 4445610, 86987, 8542, 1164.50, -78.37, 11.52, 9.66, 31.20
0, 4452657, 87575, 8604, 1178.13, -79.94, 10.61, 9.66, 28.15
0, 4462402, 88265, 8673, 1188.75, -81.25, 10.61, 9.86, 23.90
0, 4469603, 88694, 8715, 1197.50, -82.19, 11.33, 9.72, 20.73
0, 4475960, 88945, 8740, 1197.50, -82.19, 10.29, 9.63, 17.91
0, 4485114, 89114, 8755, 1204.44, -83.00, 11.34, 9.63, 13.82
0, 4491906, 89117, 8760, 1210.25, -83.56, 11.15, 9.79, 10.77
0, 4500012, 89112, 8760, 1214.38, -83.94, 11.15, 9.74, 7.12
0, 4508983, 89102, 8763, 1216.19, -84.12, 10.79, 9.65, 3.07
0, 4515827, 89084, 8767, 1216.19, -84.12, 9.97, 9.45, -0.03
0, 4523706, 89053, 8773, 1216.31, -84.12, 9.97, 9.45, -3.59
0, 4531376, 88981, 8789, 1216.25, -84.12, 9.97, 9.59, -7.05
0, 4539389, 88810, 8802, 1216.06, -84.12, 9.89, 9.52, -10.66
0, 4546325, 88559, 8806, 1216.06, -84.12, 10.45, 9.52, -13.77
0, 4553168, 88370, 8840, 1215.69, -84.25, 10.80, 9.12, -16.83
0, 4563002, 88162, 8827, 1214.63, -84.37, 10.80, 7.99, -21.20
0, 4570589, 87921, 8809, 1212.25, -84.50, 9.55, 11.11, -24.54
0, 4576695, 87620, 8782, 1212.25, -84.50, 9.28, 9.37, -27.20
0, 4585766, 86923, 8719, 1209.81, -84.75, 10.99, 9.37, -31.13
0, 4592781, 86233, 8652, 1207.88, -84.44, 11.92, 10.00, -34.12
0, 4600656, 85277, 8552, 1204.69, -84.12, 11.92, 9.83, -37.45
0, 4609718, 83967, 8420, 1198.81, -83.19, 10.78, 9.99, -41.22
0, 4616430, 82926, 8314, 1198.81, -83.19, 11.02, 9.75, -43.96
0, 4624316, 81645, 8207, 1190.44, -81.87, 9.93, 9.75, -47.14
0, 4632029, 80324, 8076, 1179.63, -80.44, 9.37, 9.12, -50.18
0, 4639990, 78974, 7887, 1166.81, -79.12, 9.37, 9.90, -53.26
0, 4647612, 77583, 7716, 1152.94, -79.12, 9.56, 10.14, -56.15
0, 4653752, 76397, 7579, 1152.94, -77.37, 7.80, 10.14, -58.42
0, 4663437, 74390, 7358, 1138.13, -75.25, 7.80, 9.67, -61.92
0, 4670858, 72821, 7230, 1122.56, -73.25, 8.22, 10.40, -64.52
0, 4677158, 71446, 7132, 1122.56, -73.25, 6.32, 8.68, -66.67
0, 4686310, 69294, 6912, 1105.25, -71.31, 7.48, 8.68, -69.70
0, 4693244, 67440, 6766, 1086.13, -69.87, 6.93, 9.19, -71.91
0, 4701158, 65173, 6554, 1066.00, -67.87, 6.93, 8.15, -74.35
0, 4710424, 62318, 6277, 1044.81, -65.87, 7.11, 9.80, -77.09
0, 4717016, 60078, 6036, 1044.81, -65.87, 10.02, 10.12, -78.95
0, 4725148, 57270, 5740, 1023.12, -63.31, 13.42, 10.12, -81.16
0, 4733056, 54499, 5484, 1001.37, -60.38, 16.06, 8.25, -83.19
0, 4740883, 51835, 5216, 979.81, -57.19, 16.06, 10.09, -85.10
0, 4748983, 48851, 4933, 958.81, -57.19, 16.38, 8.77, -86.97
0, 4756020, 46283, 4676, 958.81, -54.19, 15.64, 10.36, -88.50
0, 4765286, 42992, 4330, 938.50, -51.13, 12.44, 10.36, -90.37
0, 4773278, 40204, 4000, 918.87, -47.75, 12.44, 8.51, -91.86
0, 4780118, 37716, 3723, 900.12, -44.38, 10.91, 9.92, -93.04
0, 4789074, 34470, 3472, 881.81, -44.38, 5.65, 9.71, -94.44
0, 4795886, 31971, 3230, 881.81, -40.56, 2.53, 9.71, -95.41
0, 4802674, 29463, 3013, 863.87, -37.38, 5.37, 10.93, -96.29
0, 4812508, 25837, 2646, 846.19, -34.50, 5.37, 7.01, -97.39
0, 4818642, 23554, 2404, 828.37, -34.50, 6.64, 10.41, -97.98
0, 4826051, 20873, 2129, 828.37, -31.50, 13.90, 10.41, -98.60
0, 4834374, 17930, 1859, 810.25, -28.12, 13.94, 9.67, -99.16
0, 4841743, 15219, 1594, 791.69, -24.69, 13.94, 11.99, -99.53
0, 4849824, 12232, 1310, 772.44, -21.69, 18.65, 9.89, -99.82
0, 4857389, 9532, 1038, 772.44, -21.69, 18.96, 10.06, -99.97
0, 4865792, 6495, 710, 752.37, -18.50, 15.90, 10.06, -99.99
0, 4873901, 3532, 363, 731.50, -15.25, 15.90, 8.22, -99.88
0, 4881068, 903, 96, 709.87, -11.88, 15.52, 8.65, -99.67
0, 4889801, -2176, -161, 687.75, -11.88, 12.17, 8.23, -99.27
0, 4897115, -4854, -407, 687.75, -8.00, 3.71, 8.23, -98.82
0, 4903450, -7199, -638, 665.37, -4.94, 2.63, 11.95, -98.34
0, 4913535, -10874, -1007, 643.00, -2.00, 2.63, 9.00, -97.41
0, 4920402, -13410, -1292, 621.00, 1.19, 2.98, 9.85, -96.67
0, 4927169, -15942, -1537, 621.00, 1.19, 9.46, 8.87, -95.84
0, 4936311, -19164, -1828, 599.75, 4.56, 11.91, 8.87, -94.58
0, 4943162, -21655, -2057, 579.31, 8.00, 14.81, 10.69, -93.52
0, 4951039, -24540, -2347, 559.75, 10.94, 14.81, 10.73, -92.20
0, 4959376, -27509, -2638, 540.94, 10.94, 19.26, 9.72, -90.68
0, 4966788, -30069, -2947, 540.94, 14.13, 17.43, 9.72, -89.22
0, 4974822, -32812, -3266, 522.75, 17.31, 15.74, 10.38, -87.52
0, 4981913, -35201, -3522, 504.87, 20.69, 13.70, 5.32, -85.92
0, 4990339, -38032, -3745, 487.00, 20.69, 13.70, 11.15, -83.91
0, 4998187, -40578, -3999, 469.06, 24.44, 8.70, 11.15, -81.93
0, 5004327, -42520, -4143, 469.06, 27.37, 7.10, 9.48, -80.30
0, 5013934, -45534, -4463, 450.81, 30.06, 7.10, 10.42, -77.64
0, 5020799, -47751, -4669, 432.12, 32.50, 4.69, 8.87, -75.64
0, 5027570, -49894, -4911, 432.12, 32.50, 5.64, 11.27, -73.61
0, 5036722, -52741, -5197, 412.81, 35.44, 5.86, 11.27, -70.74
0, 5043307, -54741, -5383, 392.87, 38.38, 8.69, 10.70, -68.61
0, 5051135, -56940, -5603, 372.19, 41.31, 8.69, 9.61, -65.99
0, 5058979, -59190, -5793, 350.87, 41.31, 12.79, 10.09, -63.28
0, 5066868, -61468, -6035, 350.87, 43.75, 11.42, 10.09, -60.48
0, 5074647, -63429, -6235, 329.12, 46.13, 14.23, 10.64, -57.64
0, 5081413, -64895, -6385, 307.31, 48.75, 14.23, 10.15, -55.12
0, 5090025, -66486, -6616, 285.50, 48.75, 13.59, 10.07, -51.83
0, 5097188, -67675, -6759, 285.50, 51.13, 11.23, 10.07, -49.03
0, 5103528, -68643, -6866, 264.19, 53.13, 10.70, 7.92, -46.51
0, 5113302, -70053, -6998, 244.12, 55.38, 10.70, 8.99, -42.55
0, 5119891, -70946, -7088, 227.69, 55.38, 10.14, 9.72, -39.84
0, 5127422, -71842, -7174, 227.69, 56.81, 10.14, 9.26, -36.69
0, 5136350, -72725, -7242, 213.56, 58.06, 9.13, 9.26, -32.91
0, 5143040, -73301, -7283, 200.69, 59.25, 9.17, 10.50, -30.04
0, 5150864, -73819, -7324, 189.25, 60.06, 9.17, 9.92, -26.64
0, 5158985, -74216, -7360, 180.00, 60.06, 9.46, 9.84, -23.09
0, 5166843, -74496, -7387, 180.00, 60.63, 9.14, 9.84, -19.62
0, 5174561, -74650, -7400, 172.44, 61.13, 9.43, 10.03, -16.18
0, 5181419, -74666, -7405, 167.06, 61.44, 9.43, 10.30, -13.12
0, 5190075, -74660, -7407, 163.37, 61.44, 9.40, 9.42, -9.23
0, 5197275, -74649, -7411, 163.37, 61.69, 9.95, 9.42, -5.98
0, 5203614, -74636, -7414, 161.25, 61.75, 10.07, 9.99, -3.12
0, 5213355, -74612, -7419, 160.94, 61.75, 10.07, 9.48, 1.29
0, 5220090, -74575, -7423, 161.00, 61.75, 10.09, 9.72, 4.33
0, 5227746, -74481, -7426, 161.00, 61.81, 10.05, 9.82, 7.79
0, 5236841, -74255, -7426, 161.19, 61.88, 9.30, 9.82, 11.88
0, 5243444, -73994, -7426, 161.44, 61.94, 9.95, 10.01, 14.84
0, 5251315, -73826, -7428, 162.00, 62.00, 9.95, 9.79, 18.35
0, 5259420, -73762, -7425, 163.56, 62.00, 9.26, 9.96, 21.94
0, 5267262, -73629, -7413, 163.56, 62.00, 10.53, 9.96, 25.38
0, 5275021, -73359, -7391, 166.50, 62.00, 9.54, 9.90, 28.76
0, 5281630, -73052, -7366, 168.25, 61.94, 9.54, 10.01, 31.61
0, 5290240, -72545, -7324, 169.19, 61.94, 9.26, 10.00, 35.28
0, 5297372, -72038, -7281, 169.19, 61.69, 9.40, 10.00, 38.28
0, 5303731, -71490, -7232, 171.56, 61.38, 9.46, 9.91, 40.92
0, 5312813, -70623, -7152, 175.56, 60.88, 9.46, 10.04, 44.63
0, 5319843, -69904, -7079, 180.87, 60.88, 9.08, 9.68, 47.45
0, 5327710, -68990, -7000, 180.87, 60.19, 9.52, 9.68, 50.55
0, 5336245, -67834, -6895, 187.87, 59.44, 9.49, 9.56, 53.84
0, 5343039, -66810, -6798, 196.19, 58.50, 9.59, 9.87, 56.41
0, 5351168, -65419, -6662, 205.50, 58.50, 9.59, 10.14, 59.40
0, 5359318, -63736, -6495, 216.81, 57.50, 10.10, 10.12, 62.33
0, 5367274, -61823, -6312, 216.81, 56.25, 10.78, 10.12, 65.10
0, 5374945, -59977, -6080, 230.25, 54.69, 11.79, 10.74, 67.69
0, 5381189, -58455, -5891, 246.44, 52.75, 11.79, 10.26, 69.74
0, 5390126, -55956, -5630, 266.31, 52.75, 12.85, 10.26, 72.58
0, 5397320, -53821, -5406, 266.31, 50.44, 13.43, 9.05, 74.78
0, 5403733, -51809, -5224, 287.62, 47.81, 12.78, 10.01, 76.68
0, 5412805, -48971, -4960, 309.12, 45.13, 12.78, 11.14, 79.24
0, 5419819, -46870, -4763, 330.94, 45.13, 11.62, 10.32, 81.14
0, 5427684, -44226, -4510, 330.94, 42.44, 9.22, 10.32, 83.17
0, 5436504, -41176, -4188, 352.56, 39.88, 7.64, 10.56, 85.31
0, 5443353, -38730, -3940, 373.75, 37.31, 3.54, 9.97, 86.89
0, 5451372, -35780, -3675, 394.37, 37.31, 3.54, 7.80, 88.63
0, 5459433, -32994, -3407, 414.19, 34.25, 3.24, 9.92, 90.25
0, 5467635, -30169, -3135, 414.19, 30.94, 10.97, 9.92, 91.79
0, 5475617, -27238, -2848, 433.25, 27.81, 11.95, 9.03, 93.16
0, 5481630, -25090, -2646, 451.62, 24.81, 11.95, 9.39, 94.12
0, 5490437, -22082, -2301, 469.81, 24.81, 13.50, 9.39, 95.39
0, 5497794, -19418, -2022, 469.81, 21.69, 17.20, 10.48, 96.33
0, 5504090, -17130, -1746, 487.75, 18.44, 14.76, 7.97, 97.06
0, 5513029, -13868, -1458, 505.50, 15.00, 14.76, 9.16, 97.95
0, 5519986, -11415, -1221, 523.56, 15.00, 17.04, 9.77, 98.54
0, 5528043, -8447, -936, 523.56, 11.44, 12.41, 9.77, 99.09
0, 5537041, -5162, -602, 541.87, 8.31, 11.47, 9.55, 99.56
0, 5543628, -2728, -347, 560.69, 5.37, 6.25, 11.10, 99.79
0, 5551520, 122, -95, 580.25, 5.37, 6.25, 9.52, 99.96
0, 5559345, 2929, 174, 600.75, 2.19, 3.84, 9.52, 100.00
0, 5567564, 5956, 466, 600.75, -1.25, 5.02, 8.40, 99.90
0, 5575025, 8705, 742, 622.06, -4.31, 8.34, 8.40, 99.70
0, 5581511, 11053, 945, 644.00, -4.31, 8.34, 9.71, 99.43
0, 5590577, 14283, 1298, 666.37, -7.44, 11.75, 8.71, 98.91
0, 5598158, 17071, 1584, 688.81, -10.88, 13.68, 8.71, 98.35
0, 5604423, 19362, 1838, 688.81, -14.06, 15.15, 7.81, 97.79
0, 5613342, 22638, 2153, 710.94, -17.44, 15.15, 9.53, 96.87
0, 5620415, 25209, 2405, 732.50, -17.44, 16.12, 10.34, 96.03
0, 5628508, 28163, 2703, 732.50, -20.87, 15.83, 10.34, 94.94
0, 5637212, 31345, 3010, 753.31, -24.06, 10.62, 10.70, 93.63
0, 5643713, 33725, 3270, 773.25, -27.31, 9.73, 10.49, 92.56
0, 5651566, 36602, 3530, 792.50, -27.31, 9.73, 8.30, 91.16
0, 5659374, 39434, 3792, 811.06, -30.50, 7.53, 8.30, 89.65
0, 5667092, 42261, 4063, 811.06, -33.81, 3.53, 8.70, 88.05
0, 5673752, 44712, 4310, 829.12, -37.00, 3.68, 9.22, 86.58
0, 5680793, 47307, 4557, 846.87, -37.00, 3.68, 8.69, 84.95
0, 5690561, 50715, 4933, 864.62, -40.00, 9.61, 8.69, 82.53
0, 5698141, 53213, 5174, 864.62, -43.38, 12.92, 9.91, 80.55
0, 5704420, 55293, 5408, 882.50, -46.81, 14.76, 11.97, 78.83
0, 5712248, 58029, 5659, 901.00, -46.81, 14.76, 9.24, 76.61
0, 5720203, 60773, 5932, 920.00, -50.19, 14.59, 9.24, 74.25
0, 5728353, 63453, 6196, 939.69, -53.25, 15.09, 10.17, 71.73
0, 5736157, 65918, 6456, 939.69, -56.25, 13.54, 10.44, 69.22
0, 5742929, 67933, 6660, 960.12, -56.25, 13.27, 10.48, 66.98
0, 5750916, 70149, 6883, 981.19, -59.19, 13.27, 9.74, 64.26
0, 5758960, 72221, 7079, 1002.69, -62.13, 10.25, 9.74, 61.43
0, 5766478, 74061, 7233, 1002.69, -64.87, 6.48, 10.29, 58.71
0, 5773018, 75545, 7379, 1024.31, -64.87, 6.12, 9.97, 56.29
0, 5780825, 77168, 7529, 1045.94, -67.37, 6.12, 9.31, 53.34
0, 5790296, 78990, 7710, 1067.25, -69.31, 7.13, 9.31, 49.67
0, 5797350, 80287, 7839, 1067.25, -71.12, 7.06, 8.84, 46.88
0, 5803883, 81461, 7956, 1086.94, -72.81, 8.36, 9.54, 44.25
0, 5812019, 82848, 8088, 1104.56, -72.81, 8.36, 9.73, 40.92
0, 5820049, 84066, 8204, 1121.06, -74.50, 8.80, 9.73, 37.58
0, 5827802, 84982, 8321, 1121.06, -76.06, 9.25, 9.45, 34.31
0, 5834711, 85661, 8399, 1136.31, -77.44, 11.55, 9.51, 31.36
0, 5842713, 86307, 8471, 1149.13, -77.44, 10.84, 10.10, 27.90
0, 5850885, 86879, 8532, 1158.63, -78.69, 10.84, 10.10, 24.33
0, 5858979, 87314, 8579, 1166.00, -79.56, 10.67, 9.80, 20.77
0, 5866120, 87571, 8606, 1166.00, -80.25, 10.81, 9.64, 17.60
0, 5872621, 87718, 8621, 1171.94, -80.25, 11.08, 9.80, 14.70
0, 5880832, 87774, 8626, 1176.06, -80.75, 11.08, 9.73, 11.01
0, 5890224, 87764, 8631, 1178.38, -81.00, 10.97, 9.73, 6.78
0, 5897186, 87754, 8635, 1178.38, -81.12, 10.91, 9.40, 3.64
0, 5903804, 87737, 8640, 1179.00, -81.12, 10.07, 9.45, 0.65
0, 5911670, 87707, 8654, 1178.94, -81.12, 10.07, 9.49, -2.91
0, 5919768, 87642, 8663, 1178.75, -81.19, 9.83, 9.49, -6.57
0, 5927305, 87493, 8666, 1178.75, -81.31, 9.68, 9.26, -9.96
0, 5933435, 87283, 8666, 1178.44, -81.44, 10.73, 9.55, -12.72
0, 5942140, 86929, 8695, 1177.56, -81.44, 10.73, 9.61, -16.61
0, 5950143, 86600, 8686, 1175.25, -81.44, 10.81, 9.61, -20.17
0, 5956911, 86285, 8654, 1175.25, -81.62, 10.05, 10.64, -23.15
0, 5964649, 85790, 8602, 1171.81, -81.62, 9.89, 9.84, -26.54
0, 5971739, 85187, 8540, 1168.31, -81.62, 9.89, 9.84, -29.62
0, 5979978, 84350, 8457, 1163.56, -81.12, 11.54, 9.91, -33.16
0, 5988479, 83342, 8353, 1156.63, -80.37, 10.68, 9.76, -36.76
0, 5994609, 82560, 8278, 1156.63, -79.44, 10.81, 9.59, -39.32
0, 6002296, 81479, 8193, 1147.56, -79.44, 10.81, 9.33, -42.49
0, 6010492, 80277, 8069, 1136.88, -78.25, 10.00, 9.33, -45.82
0, 6018242, 79153, 7912, 1136.88, -77.19, 9.46, 9.34, -48.90
0, 6024915, 78087, 7779, 1124.63, -75.81, 9.42, 10.20, -51.51
0, 6032113, 76858, 7627, 1111.44, -75.81, 8.72, 8.70, -54.28
0, 6041058, 75186, 7443, 1097.69, -74.06, 8.72, 8.70, -57.63
0, 6048845, 73662, 7286, 1082.00, -72.19, 8.62, 9.24, -60.47
0, 6055002, 72423, 7201, 1082.00, -70.37, 7.05, 10.40, -62.66
0, 6062578, 70837, 7070, 1064.38, -70.37, 7.05, 9.00, -65.30
0, 6070633, 68979, 6887, 1045.56, -68.62, 8.21, 9.00, -68.01
0, 6078405, 66939, 6726, 1025.69, -67.25, 7.22, 10.90, -70.54
0, 6085674, 64922, 6529, 1025.69, -65.31, 7.16, 8.47, -72.84
0, 6093648, 62535, 6295, 1004.62, -65.31, 9.13, 10.41, -75.26
0, 6101726, 59855, 6012, 983.31, -63.31, 9.13, 10.41, -77.61
0, 6109583, 57205, 5735, 962.31, -60.81, 12.61, 9.01, -79.80
0, 6116238, 54918, 5524, 962.31, -57.88, 14.84, 9.28, -81.58
0, 6123004, 52655, 5295, 942.00, -57.88, 14.84, 9.62, -83.31
0, 6130965, 49839, 5038, 922.44, -54.75, 16.00, 9.62, -85.25
0, 6140429, 46346, 4682, 903.37, -51.88, 15.55, 10.29, -87.41
0, 6147330, 43853, 4438, 903.37, -48.81, 14.86, 9.30, -88.88
0, 6154099, 41503, 4145, 885.00, -48.81, 13.48, 7.22, -90.24
0, 6162561, 38526, 3814, 867.12, -45.44, 13.48, 7.22, -91.82
0, 6170710, 35568, 3556, 849.25, -42.00, 7.47, 8.40, -93.22
0, 6178141, 32873, 3297, 849.25, -38.25, 3.97, 10.58, -94.38
0, 6185220, 30262, 3090, 831.44, -35.13, 4.20, 9.15, -95.39
0, 6193087, 27355, 2797, 813.37, -35.13, 5.57, 9.15, -96.40
0, 6201122, 24393, 2504, 794.87, -32.25, 5.57, 7.74, -97.30
0, 6208876, 21585, 2193, 775.75, -29.19, 13.08, 9.14, -98.05
0, 6215374, 19224, 1977, 775.75, -29.19, 14.12, 9.39, -98.59
0, 6222769, 16510, 1711, 755.81, -25.87, 14.12, 9.39, -99.09
0, 6231126, 13433, 1428, 735.00, -22.44, 17.10, 9.77, -99.53
0, 6240850, 9930, 1068, 713.50, -19.44, 16.41, 8.66, -99.86
0, 6248262, 7221, 794, 713.50, -16.25, 15.79, 9.98, -99.98
0, 6254841, 4903, 517, 691.37, -16.25, 13.72, 8.42, -99.99
0, 6262985, 1923, 195, 669.00, -13.00, 13.72, 8.42, -99.89
0, 6271323, -1082, -51, 646.75, -9.56, 11.97, 8.22, -99.64
0, 6278802, -3815, -326, 624.81, -5.75, 7.74, 12.45, -99.30
0, 6286764, -6752, -585, 624.81, -2.69, 3.98, 7.80, -98.81
0, 6295150, -9853, -907, 603.44, -2.69, 4.27, 8.59, -98.16
0, 6302751, -12639, -1201, 582.81, 0.25, 4.27, 8.59, -97.44
0, 6311518, -15838, -1524, 563.06, 3.44, 7.16, 10.98, -96.47
0, 6319058, -18441, -1762, 544.06, 6.81, 12.20, 9.94, -95.52
0, 6325040, -20655, -1981, 544.06, 6.81, 14.38, 11.25, -94.68
0, 6332925, -23567, -2256, 525.75, 10.25, 14.99, 10.13, -93.48
0, 6342292, -26955, -2599, 507.81, 13.19, 14.99, 10.13, -91.89
0, 6350389, -29792, -2910, 490.12, 16.31, 15.72, 9.47, -90.38
0, 6357325, -32177, -3218, 490.12, 19.56, 15.41, 9.03, -89.00
0, 6364678, -34690, -3472, 472.31, 19.56, 13.66, 5.48, -87.43
0, 6372542, -37376, -3682, 454.25, 23.00, 13.66, 5.48, -85.65
0, 6380264, -39939, -3940, 435.62, 26.81, 9.96, 10.40, -83.80
0, 6387968, -42428, -4134, 435.62, 29.69, 7.10, 8.41, -81.84
0, 6396295, -45067, -4409, 416.37, 29.69, 4.16, 10.70, -79.62
0, 6403256, -47312, -4634, 396.50, 32.44, 4.35, 10.70, -77.68
0, 6411535, -49967, -4917, 375.87, 34.88, 4.35, 8.93, -75.27
0, 6418196, -52090, -5137, 375.87, 37.94, 6.31, 7.67, -73.25
0, 6425051, -54237, -5337, 354.62, 37.94, 8.40, 10.95, -71.11
0, 6433151, -56613, -5573, 332.87, 40.88, 10.29, 9.40, -68.48
0, 6443424, -59666, -5845, 310.81, 43.75, 11.91, 9.40, -65.03
0, 6451529, -62033, -6098, 288.94, 46.31, 11.91, 12.16, -62.20
0, 6459339, -63962, -6282, 267.37, 48.75, 14.19, 8.71, -59.39
0, 6465426, -65299, -6430, 267.37, 48.75, 13.72, 9.91, -57.16
0, 6473412, -66822, -6671, 246.37, 51.50, 13.72, 9.91, -54.16
0, 6481681, -68260, -6818, 226.00, 53.75, 12.02, 7.81, -50.98
0, 6491474, -69855, -6979, 207.44, 56.00, 10.49, 13.05, -47.12
0, 6499300, -71084, -7102, 191.87, 58.13, 10.62, 9.12, -43.97
0, 6506343, -72082, -7190, 191.87, 58.13, 10.23, 9.55, -41.09
0, 6513355, -72963, -7259, 177.69, 59.63, 10.23, 9.55, -38.18
0, 6521338, -73834, -7324, 164.44, 61.00, 9.13, 10.66, -34.81
0, 6528009, -74451, -7382, 164.44, 62.19, 9.36, 10.32, -31.97
0, 6535677, -75072, -7446, 153.00, 62.19, 8.75, 9.60, -28.67
0, 6544294, -75670, -7503, 143.44, 62.94, 9.51, 9.98, -24.91
0, 6552442, -76133, -7545, 135.75, 63.75, 9.51, 9.98, -21.33
0, 6560625, -76413, -7568, 129.44, 64.44, 9.57, 9.94, -17.70
0, 6567017, -76487, -7573, 129.44, 64.44, 9.22, 10.31, -14.85
0, 6574176, -76478, -7578, 124.31, 65.06, 8.96, 10.31, -11.64
0, 6582484, -76469, -7580, 121.19, 65.37, 9.94, 10.06, -7.90
0, 6592280, -76450, -7584, 120.44, 65.50, 9.94, 9.92, -3.48
0, 6600275, -76420, -7588, 120.56, 65.50, 10.27, 9.72, 0.14
0, 6607348, -76380, -7591, 120.56, 65.50, 10.00, 9.87, 3.33
0, 6614494, -76291, -7591, 120.75, 65.56, 10.00, 9.87, 6.56
0, 6622291, -76099, -7591, 121.00, 65.62, 9.71, 10.05, 10.07
0, 6629072, -75861, -7591, 121.62, 65.69, 9.65, 9.39, 13.12
0, 6637731, -75701, -7603, 121.62, 65.75, 9.83, 9.99, 16.99
0, 6646237, -75700, -7603, 123.25, 65.75, 12.19, 9.31, 20.77
0, 6652995, -75694, -7604, 126.06, 65.75, 9.97, 9.31, 23.75
0, 6661193, -75689, -7606, 127.12, 65.87, 9.97, 9.67, 27.33
0, 6667839, -75683, -7607, 127.12, 65.87, 10.15, 9.88, 30.21
0, 6674914, -75673, -7607, 127.12, 65.87, 10.17, 9.45, 33.24
0, 6683287, -75317, -7570, 127.19, 65.87, 9.22, 10.70, 36.79
0, 6693243, -74421, -7484, 127.31, 65.87, 7.61, 10.70, 40.94
0, 6701151, -73522, -7407, 129.00, 65.81, 7.61, 10.22, 44.17
0, 6708732, -72589, -7331, 135.37, 65.19, 8.57, 9.83, 47.22
0, 6714972, -71801, -7264, 135.37, 65.19, 10.13, 9.83, 49.69
0, 6723152, -70678, -7160, 144.50, 64.31, 10.13, 9.90, 52.87
0, 6730576, -69601, -7053, 154.87, 63.38, 9.42, 10.22, 55.68
0, 6738972, -68236, -6933, 166.06, 62.38, 10.00, 9.36, 58.80
0, 6746814, -66825, -6800, 166.06, 62.38, 9.75, 9.32, 61.63
0, 6753606, -65474, -6667, 178.31, 61.19, 10.63, 9.32, 64.02
0, 6761419, -63650, -6486, 192.44, 59.88, 10.63, 10.08, 66.69
0, 6767509, -62039, -6331, 192.44, 59.88, 10.85, 10.80, 68.72
0, 6774915, -60070, -6093, 208.75, 58.38, 11.78, 10.80, 71.11
0, 6783089, -57877, -5832, 227.81, 56.50, 13.83, 10.74, 73.66
0, 6793196, -54810, -5512, 248.31, 54.31, 12.86, 10.83, 76.67
0, 6801155, -52251, -5264, 269.25, 51.50, 12.86, 9.49, 78.93
0, 6809239, -49590, -5015, 290.81, 51.50, 13.17, 10.24, 81.13
0, 6815180, -47719, -4843, 290.81, 48.75, 9.86, 10.24, 82.67
0, 6823179, -45032, -4594, 312.75, 45.81, 9.86, 10.00, 84.65
0, 6830023, -42573, -4342, 334.69, 43.13, 6.82, 9.93, 86.25
0, 6839151, -39228, -3990, 356.44, 40.50, 7.31, 10.29, 88.27
0, 6846980, -36340, -3725, 356.44, 40.50, 3.15, 7.94, 89.88
0, 6853813, -33886, -3501, 377.75, 37.50, 6.90, 7.94, 91.19
0, 6861639, -31138, -3234, 398.25, 34.06, 6.90, 9.55, 92.58
0, 6867748, -28925, -3015, 398.25, 34.06, 11.15, 8.59, 93.59
0, 6875284, -26181, -2750, 418.06, 30.87, 12.02, 8.59, 94.74
0, 6883373, -23344, -2434, 437.19, 27.81, 16.94, 9.63, 95.85
0, 6893214, -19823, -2055, 455.69, 24.62, 17.28, 10.15, 97.02
0, 6901188, -16889, -1726, 473.75, 21.44, 17.28, 7.82, 97.83
0, 6909232, -13967, -1469, 491.62, 21.44, 15.21, 8.63, 98.52
0, 6915152, -11889, -1266, 491.62, 18.00, 11.95, 8.63, 98.94
0, 6922877, -9049, -995, 509.37, 14.44, 11.95, 10.19, 99.39
0, 6929533, -6674, -767, 527.31, 11.19, 8.12, 9.37, 99.68
0, 6937349, -3810, -467, 527.31, 11.19, 10.47, 9.19, 99.90
0, 6946861, -307, -131, 545.75, 8.25, 7.14, 9.19, 100.00
0, 6953815, 2202, 99, 564.75, 5.19, 4.85, 9.67, 99.96
0, 6961660, 5104, 385, 584.56, 1.75, 4.85, 8.92, 99.79
0, 6967762, 7350, 608, 584.56, 1.75, 5.10, 8.03, 99.57
0, 6975529, 10209, 876, 605.19, -1.37, 10.01, 8.03, 99.19
0, 6983468, 13012, 1168, 626.56, -4.75, 12.84, 10.29, 98.67
0, 6993323, 16533, 1539, 648.56, -7.94, 17.11, 9.02, 97.85
0, 7001211, 19450, 1848, 670.87, -11.25, 17.11, 11.41, 97.05
0, 7008946, 22236, 2106, 693.12, -11.25, 16.40, 9.71, 96.14
0, 7014914, 24427, 2335, 693.12, -14.69, 15.67, 9.71, 95.37
0, 7022679, 27289, 2628, 715.19, -18.00, 15.67, 11.58, 94.25
0, 7029034, 29642, 2843, 736.62, -18.00, 13.95, 10.36, 93.25
0, 7037291, 32667, 3159, 736.62, -21.12, 10.39, 10.34, 91.84
0, 7047220, 36297, 3512, 757.31, -24.37, 10.04, 10.34, 89.97
0, 7054256, 38887, 3738, 777.25, -27.69, 3.54, 8.40, 88.54
0, 7062348, 41796, 4017, 796.37, -30.87, 3.54, 8.45, 86.78
0, 7068408, 44048, 4244, 796.37, -30.87, 3.74, 8.09, 85.38
0, 7076183, 46925, 4523, 814.87, -33.88, 5.30, 8.09, 83.50
0, 7084516, 49834, 4851, 832.87, -37.19, 12.27, 8.67, 81.37
0, 7094460, 53035, 5157, 850.69, -40.63, 13.72, 8.62, 78.67
0, 7102281, 55569, 5433, 868.44, -44.06, 13.72, 11.93, 76.44
0, 7110599, 58433, 5701, 886.62, -44.06, 14.88, 8.90, 73.96
0, 7116509, 60438, 5900, 886.62, -47.00, 14.05, 8.90, 72.14
0, 7124630, 63031, 6157, 905.25, -50.06, 14.05, 10.07, 69.55
0, 7131812, 65216, 6393, 924.37, -52.88, 16.82, 10.98, 67.18
0, 7141136, 67874, 6654, 944.12, -55.69, 12.93, 8.10, 64.00
0, 7150286, 70262, 6893, 964.62, -55.69, 13.08, 9.59, 60.76
0, 7157302, 71956, 7056, 964.62, -58.44, 7.81, 9.59, 58.21
0, 7164637, 73624, 7194, 985.56, -60.88, 7.81, 10.05, 55.48
0, 7171661, 75111, 7331, 1006.87, -63.00, 6.66, 9.51, 52.81
0, 7178271, 76370, 7454, 1006.87, -63.00, 6.11, 9.35, 50.25
0, 7187433, 77989, 7610, 1028.31, -64.81, 7.30, 9.58, 46.63
0, 7197622, 79612, 7773, 1049.31, -66.56, 8.37, 9.58, 42.51
0, 7204209, 80602, 7870, 1067.88, -68.06, 8.89, 9.17, 39.79
0, 7212058, 81693, 7978, 1084.38, -69.56, 8.89, 9.56, 36.51
0, 7217771, 82415, 8045, 1084.38, -69.56, 8.59, 9.58, 34.09
0, 7225614, 83271, 8127, 1099.00, -70.94, 9.69, 9.58, 30.74
0, 7233229, 83917, 8189, 1112.38, -72.12, 10.38, 9.79, 27.44
0, 7242350, 84384, 8246, 1123.94, -73.12, 10.38, 9.61, 23.46
0, 7250880, 84568, 8268, 1133.06, -73.12, 11.30, 10.04, 19.69
0, 7257938, 84577, 8273, 1133.06, -73.87, 11.39, 10.04, 16.55
0, 7265048, 84570, 8278, 1138.94, -74.31, 11.39, 9.91, 13.37
0, 7272027, 84566, 8280, 1141.63, -74.44, 11.01, 9.53, 10.24
0, 7278687, 84559, 8283, 1141.63, -74.44, 10.09, 9.52, 7.24
0, 7287966, 84547, 8289, 1142.00, -74.50, 10.01, 9.40, 3.05
0, 7297592, 84533, 8294, 1141.94, -74.50, 10.21, 9.40, -1.30
0, 7304292, 84495, 8298, 1141.88, -74.56, 10.09, 9.57, -4.33
0, 7312165, 84368, 8301, 1141.75, -74.62, 10.09, 9.49, -7.89
0, 7317874, 84214, 8301, 1141.75, -74.62, 10.38, 9.28, -10.46
0, 7325996, 83895, 8302, 1141.56, -74.69, 10.62, 9.28, -14.10
0, 7332672, 83675, 8343, 1140.69, -74.75, 10.62, 9.49, -17.08
0, 7341926, 83312, 8344, 1138.38, -74.81, 10.61, 9.39, -21.19
0, 7350779, 82836, 8300, 1135.06, -74.81, 9.50, 9.89, -25.08
0, 7357531, 82388, 8264, 1135.06, -75.19, 10.62, 9.89, -28.03
0, 7364419, 81822, 8220, 1131.81, -74.94, 10.62, 9.52, -31.00
0, 7370131, 81305, 8174, 1127.38, -74.94, 10.58, 9.44, -33.45
0, 7377685, 80579, 8101, 1127.38, -74.50, 10.24, 9.44, -36.65
0, 7385924, 79768, 8000, 1121.38, -73.94, 9.98, 9.73, -40.09
0, 7395100, 78766, 7860, 1113.56, -73.06, 9.64, 10.05, -43.85
0, 7402779, 77787, 7736, 1104.81, -72.00, 9.64, 9.67, -46.95
0, 7410967, 76619, 7604, 1095.50, -72.00, 9.44, 9.41, -50.18
0, 7416674, 75714, 7497, 1095.50, -70.69, 8.82, 9.41, -52.40
0, 7424663, 74327, 7349, 1084.56, -69.19, 8.82, 9.30, -55.44
0, 7431011, 73191, 7253, 1071.69, -67.69, 7.17, 9.27, -57.81
0, 7439924, 71519, 7135, 1056.50, -67.69, 8.02, 8.63, -61.05
0, 7449057, 69667, 6944, 1039.63, -66.06, 8.15, 8.63, -64.27
0, 7455196, 68237, 6825, 1039.63, -64.75, 7.71, 9.43, -66.37
0, 7463048, 66249, 6666, 1021.81, -63.25, 7.71, 8.35, -68.98
0, 7468762, 64747, 6513, 1021.81, -63.25, 7.09, 9.48, -70.83
0, 7476912, 62419, 6286, 1002.50, -61.44, 9.31, 9.48, -73.38
0, 7485069, 59824, 6010, 981.56, -59.44, 10.37, 10.25, -75.84
0, 7494839, 56660, 5686, 960.81, -57.00, 14.18, 9.03, -78.64
0, 7502646, 54092, 5446, 940.56, -54.13, 14.18, 9.15, -80.77
0, 7510468, 51547, 5195, 921.06, -54.13, 15.54, 9.15, -82.81
0, 7516435, 49423, 4995, 921.06, -51.19, 16.29, 10.01, -84.29
0, 7523112, 46943, 4743, 902.12, -48.38, 16.29, 10.13, -85.88
0, 7529952, 44507, 4512, 883.62, -48.38, 16.57, 8.10, -87.42
0, 7538850, 41512, 4148, 883.62, -45.44, 12.05, 10.12, -89.30
0, 7548169, 38305, 3789, 865.69, -42.06, 8.36, 10.12, -91.12
0, 7554648, 36000, 3578, 847.94, -38.69, 5.92, 10.17, -92.29
0, 7562484, 33257, 3332, 830.00, -38.69, 5.92, 10.61, -93.59
0, 7568546, 31058, 3159, 830.00, -35.00, 3.59, 10.61, -94.52
0, 7576944, 27993, 2864, 811.81, -31.87, 5.54, 10.39, -95.69
0, 7584636, 25175, 2589, 793.25, -29.06, 6.54, 8.51, -96.65
0, 7593613, 21896, 2227, 773.94, -26.12, 11.75, 9.99, -97.61
0, 7602035, 18869, 1952, 753.94, -26.12, 11.75, 7.88, -98.37
0, 7610146, 15895, 1646, 733.06, -22.81, 13.33, 7.88, -98.96
0, 7615858, 13753, 1458, 733.06, -19.44, 15.83, 11.80, -99.30
0, 7622677, 11238, 1206, 711.50, -16.44, 15.83, 9.89, -99.62
0, 7629489, 8812, 973, 689.37, -16.44, 17.59, 10.75, -99.84
0, 7638512, 5598, 597, 689.37, -13.25, 14.40, 8.90, -99.99
0, 7648020, 2121, 215, 666.94, -10.00, 14.41, 8.90, -99.96
0, 7654751, -325, -9, 644.62, -6.62, 12.28, 10.65, -99.84
0, 7662584, -3142, -263, 622.87, -6.62, 12.28, 9.67, -99.57
0, 7668483, -5286, -437, 622.87, -2.81, 2.37, 9.67, -99.29
0, 7676204, -8115, -736, 601.62, 0.44, 1.63, 8.22, -98.81
0, 7682808, -10542, -982, 581.19, 3.31, 1.63, 10.05, -98.31
0, 7691749, -13795, -1327, 561.50, 6.44, 3.36, 9.65, -97.49
0, 7701177, -17193, -1644, 542.56, 6.44, 9.46, 8.62, -96.45
0, 7708072, -19717, -1886, 542.56, 9.81, 11.95, 8.62, -95.58
0, 7714967, -22260, -2114, 524.25, 13.25, 11.95, 10.82, -94.62
0, 7721098, -24483, -2342, 506.31, 13.25, 12.98, 10.35, -93.68
0, 7728946, -27257, -2617, 506.31, 16.19, 14.84, 10.35, -92.38
0, 7737653, -30258, -2977, 488.56, 19.37, 16.67, 9.58, -90.80
0, 7746956, -33467, -3343, 470.75, 22.62, 16.06, 10.34, -88.96
0, 7753784, -35793, -3578, 452.69, 25.87, 16.06, 8.64, -87.51
0, 7762043, -38586, -3802, 434.06, 25.87, 13.84, 8.64, -85.64
0, 7768080, -40584, -4001, 434.06, 29.75, 8.03, 11.46, -84.20
0, 7775238, -42895, -4170, 414.75, 32.75, 8.03, 10.10, -82.41
0, 7782040, -45070, -4409, 394.75, 35.50, 6.67, 9.61, -80.63
0, 7791278, -48140, -4713, 374.00, 35.50, 5.80, 8.83, -78.09
0, 7801204, -51414, -5078, 352.62, 38.00, 5.42, 8.83, -75.21
0, 7808201, -53681, -5284, 352.62, 41.00, 7.33, 10.94, -73.09
0, 7815084, -55735, -5483, 330.75, 44.00, 7.33, 10.39, -70.93
0, 7820792, -57375, -5634, 308.69, 44.00, 11.29, 9.49, -69.08
0, 7828811, -59737, -5854, 308.69, 47.00, 11.70, 9.49, -66.42
0, 7836931, -62104, -6106, 286.62, 49.56, 12.84, 11.81, -63.63
0, 7844842, -64063, -6291, 265.12, 52.00, 13.94, 9.92, -60.83
0, 7853261, -65929, -6515, 244.06, 52.00, 13.94, 10.71, -57.76
0, 7861619, -67544, -6757, 223.81, 54.69, 13.44, 10.71, -54.64
0, 7867332, -68564, -6852, 223.81, 57.06, 11.66, 9.24, -52.45
0, 7874186, -69706, -6964, 204.12, 59.38, 11.66, 8.88, -49.79
0, 7880956, -70797, -7071, 185.87, 59.38, 10.10, 10.36, -47.11
0, 7890711, -72216, -7201, 170.31, 61.63, 10.29, 8.99, -43.18
0, 7899787, -73374, -7286, 156.25, 63.13, 9.19, 8.99, -39.44
0, 7905951, -74041, -7343, 156.25, 64.50, 9.76, 10.61, -36.86
0, 7913668, -74742, -7411, 143.62, 64.50, 9.76, 11.10, -33.60
0, 7919374, -75183, -7457, 143.62, 65.62, 8.66, 11.10, -31.16
0, 7927321, -75704, -7505, 132.56, 66.44, 9.21, 10.29, -27.72
0, 7934182, -76084, -7540, 123.50, 67.25, 9.67, 9.87, -24.73
0, 7943467, -76392, -7565, 116.44, 67.94, 9.67, 9.80, -20.64
0, 7952106, -76453, -7571, 110.81, 67.94, 9.19, 10.27, -16.80
0, 7959645, -76445, -7574, 106.69, 68.44, 9.05, 10.27, -13.43
0, 7965827, -76437, -7578, 106.69, 68.69, 9.05, 9.39, -10.66
0, 7971749, -76428, -7581, 105.00, 68.69, 9.97, 9.87, -7.99
0, 7979626, -76414, -7583, 104.94, 68.75, 10.22, 9.87, -4.44
0, 7988733, -76388, -7588, 104.94, 68.81, 10.09, 9.93, -0.32
0, 7998299, -76336, -7593, 105.06, 68.87, 10.09, 9.65, 4.00
0, 8005044, -76256, -7593, 105.19, 68.87, 9.65, 9.83, 7.05
0, 8012895, -76053, -7593, 105.44, 68.87, 9.65, 9.83, 10.59
0, 8018611, -75850, -7593, 105.44, 68.94, 10.07, 9.93, 13.15
0, 8024887, -75659, -7607, 105.87, 69.00, 10.07, 9.74, 15.96
0, 8031889, -75642, -7602, 107.19, 69.00, 9.33, 9.42, 19.08
0, 8041674, -75640, -7603, 109.87, 68.94, 11.86, 9.89, 23.40
0, 8050514, -75633, -7605, 111.75, 69.00, 10.40, 9.89, 27.27
0, 8057063, -75627, -7606, 111.75, 69.06, 9.91, 9.90, 30.10
0, 8064283, -75579, -7600, 111.81, 69.06, 9.91, 9.61, 33.20
0, 8070416, -75300, -7572, 111.87, 69.06, 10.14, 9.61, 35.80
0, 8078184, -74685, -7512, 111.87, 69.06, 8.16, 9.94, 39.06
0, 8085044, -73986, -7448, 111.94, 69.06, 7.96, 10.50, 41.90
0, 8094100, -72943, -7363, 113.69, 68.62, 8.88, 9.64, 45.58
0, 8102856, -71899, -7275, 119.75, 68.62, 8.88, 10.05, 49.07
0, 8110671, -70872, -7181, 128.50, 67.81, 10.11, 10.05, 52.12
0, 8116389, -70084, -7101, 128.50, 66.94, 9.24, 10.03, 54.30
0, 8122263, -69206, -7021, 138.31, 66.94, 9.24, 9.27, 56.52
0, 8130313, -67862, -6898, 148.94, 66.00, 10.06, 9.27, 59.48
0, 8139043, -66297, -6747, 148.94, 64.87, 9.85, 9.78, 62.61
0, 8147030, -64648, -6589, 160.62, 63.50, 10.74, 9.92, 65.38
0, 8154144, -62911, -6416, 174.12, 63.50, 10.79, 10.08, 67.78
0, 8162482, -60705, -6183, 189.37, 61.88, 10.79, 10.08, 70.50
0, 8168197, -59244, -5986, 189.37, 59.81, 13.02, 10.57, 72.31
0, 8174479, -57500, -5793, 207.19, 59.81, 13.02, 10.68, 74.25
0, 8182281, -55087, -5542, 226.94, 57.44, 13.45, 8.40, 76.56
0, 8191957, -51950, -5236, 247.37, 54.56, 13.12, 10.29, 79.30
0, 8201419, -48845, -4948, 268.37, 51.69, 13.25, 10.29, 81.84
0, 8208202, -46691, -4747, 268.37, 48.88, 9.72, 10.19, 83.56
0, 8215239, -44207, -4508, 289.94, 48.88, 9.72, 9.79, 85.27
0, 8220954, -42145, -4295, 289.94, 46.19, 9.72, 9.79, 86.59
0, 8228470, -39398, -4008, 311.87, 43.44, 7.34, 10.16, 88.24
0, 8234584, -37145, -3792, 333.87, 40.19, 3.49, 7.91, 89.50
0, 8243465, -33919, -3505, 355.81, 40.19, 7.30, 9.64, 91.22
0, 8252447, -30751, -3195, 377.12, 36.75, 7.30, 9.64, 92.81
0, 8260504, -27768, -2899, 397.75, 33.69, 11.04, 9.84, 94.11
0, 8266211, -25702, -2702, 397.75, 33.69, 11.04, 9.25, 94.95
0, 8272352, -23516, -2455, 417.69, 30.56, 12.33, 9.25, 95.78
0, 8280475, -20574, -2124, 436.81, 27.31, 16.54, 10.83, 96.77
0, 8288187, -17722, -1817, 436.81, 24.00, 17.29, 10.12, 97.59
0, 8295696, -14941, -1562, 455.31, 20.44, 16.06, 8.27, 98.28
0, 8303939, -12020, -1291, 473.37, 20.44, 16.06, 12.04, 98.90
0, 8312302, -8952, -991, 491.19, 16.81, 13.79, 12.04, 99.39
0, 8318014, -6813, -778, 491.19, 13.88, 11.98, 11.29, 99.64
0, 8324119, -4590, -550, 508.94, 13.88, 11.98, 11.94, 99.84
0, 8332172, -1617, -248, 526.94, 10.81, 7.63, 11.94, 99.98
0, 8340780, 1507, 42, 545.37, 7.56, 1.52, 10.02, 99.98
0, 8348908, 4450, 318, 545.37, 4.19, 3.88, 7.67, 99.85
0, 8355417, 6820, 558, 564.37, 1.19, 4.17, 10.50, 99.65
0, 8363273, 9709, 837, 584.06, 1.19, 4.17, 10.50, 99.28
0, 8368976, 11690, 1006, 584.06, -2.12, 9.18, 8.95, 98.94
0, 8375363, 13997, 1281, 604.62, -2.12, 15.92, 8.41, 98.48
0, 8382770, 16729, 1562, 625.87, -5.50, 15.92, 10.53, 97.85
0, 8391927, 20156, 1915, 647.75, -8.56, 14.91, 10.53, 96.91
0, 8401135, 23499, 2250, 670.06, -12.06, 16.59, 8.83, 95.80
0, 8407919, 26019, 2492, 670.06, -15.63, 16.59, 9.92, 94.87
0, 8414899, 28572, 2735, 692.44, -15.63, 16.59, 9.92, 93.83
0, 8420839, 30703, 2950, 714.56, -18.69, 14.05, 10.03, 92.87
0, 8427514, 33168, 3212, 714.56, -21.94, 12.27, 11.10, 91.71
0, 8434341, 35697, 3463, 736.06, -21.94, 7.66, 10.65, 90.43
0, 8443307, 38967, 3743, 756.81, -25.12, 7.66, 9.22, 88.63
0, 8452324, 42214, 4058, 776.75, -28.50, 1.97, 9.22, 86.66
0, 8459852, 44997, 4343, 795.87, -31.50, 3.03, 8.95, 84.92
0, 8466035, 47283, 4556, 795.87, -31.50, 3.03, 9.27, 83.41
0, 8471967, 49331, 4794, 814.44, -34.69, 4.87, 9.27, 81.90
0, 8479689, 51683, 5036, 814.44, -38.13, 13.33, 8.82, 79.84
0, 8486720, 53797, 5236, 832.50, -41.50, 15.32, 10.24, 77.89
0, 8494653, 56305, 5503, 850.31, -44.38, 13.74, 8.99, 75.59
0, 8503907, 59394, 5800, 868.37, -44.38, 13.74, 9.09, 72.78
0, 8512347, 62134, 6066, 886.75, -47.25, 13.95, 9.09, 70.12
0, 8518056, 63929, 6249, 886.75, -50.06, 15.44, 10.71, 68.25
0, 8523930, 65687, 6434, 905.31, -50.06, 15.44, 8.06, 66.29
0, 8531997, 67977, 6664, 924.44, -52.88, 13.02, 8.06, 63.51
0, 8540586, 70266, 6893, 944.12, -55.69, 12.01, 10.25, 60.46
0, 8547988, 72115, 7071, 944.12, -58.31, 7.79, 9.91, 57.76
0, 8555562, 73895, 7219, 964.50, -60.75, 7.54, 9.80, 54.94
0, 8563881, 75653, 7391, 985.37, -60.75, 7.54, 9.80, 51.75
0, 8569592, 76753, 7490, 985.37, -62.75, 5.60, 9.25, 49.53
0, 8575868, 77890, 7601, 1006.56, -62.75, 7.15, 9.41, 47.04
0, 8583536, 79189, 7731, 1027.88, -64.56, 7.15, 9.17, 43.95
0, 8592366, 80622, 7873, 1047.75, -66.19, 8.21, 9.17, 40.33
0, 8602050, 82112, 8017, 1065.19, -67.75, 9.15, 9.44, 36.29
0, 8609352, 83131, 8115, 1065.19, -69.25, 9.22, 9.21, 33.19
0, 8615876, 83913, 8190, 1081.06, -69.25, 9.22, 9.21, 30.40
0, 8622078, 84487, 8263, 1096.06, -70.69, 9.52, 9.57, 27.71
0, 8628845, 84959, 8321, 1096.06, -71.87, 10.82, 9.58, 24.76
0, 8635487, 85336, 8365, 1109.56, -72.94, 11.51, 10.02, 21.84
0, 8644281, 85682, 8402, 1120.63, -72.94, 10.85, 9.77, 17.94
0, 8654001, 85848, 8420, 1128.13, -73.75, 10.85, 9.77, 13.60
0, 8662491, 85847, 8426, 1133.25, -74.25, 11.01, 9.72, 9.79
0, 8668197, 85842, 8426, 1133.25, -74.50, 11.31, 9.54, 7.22
0, 8674396, 85836, 8428, 1136.38, -74.50, 10.18, 9.57, 4.42
0, 8682708, 85825, 8433, 1137.38, -74.56, 10.18, 9.57, 0.66
0, 8692397, 85797, 8444, 1137.31, -74.62, 10.02, 9.53, -3.72
0, 8701953, 85718, 8455, 1137.25, -74.69, 10.20, 9.57, -8.03
0, 8708850, 85580, 8460, 1137.25, -74.75, 9.90, 9.11, -11.13
0, 8715868, 85322, 8464, 1137.06, -74.75, 9.90, 9.11, -14.28
0, 8721827, 85062, 8479, 1136.63, -74.87, 10.88, 9.45, -16.94
0, 8728483, 84760, 8494, 1136.63, -74.94, 10.95, 9.41, -19.90
0, 8735272, 84376, 8456, 1135.38, -74.94, 10.14, 9.70, -22.90
0, 8744490, 83734, 8389, 1132.25, -75.12, 10.55, 10.26, -26.94
0, 8754519, 82921, 8309, 1128.31, -75.19, 10.50, 10.26, -31.28
0, 8763014, 82094, 8241, 1123.19, -74.56, 10.50, 9.59, -34.90
0, 8768721, 81455, 8190, 1123.19, -74.56, 10.35, 9.31, -37.31
0, 8774822, 80732, 8119, 1116.75, -73.87, 10.04, 9.31, -39.85
0, 8783117, 79749, 7997, 1109.00, -73.06, 10.04, 9.34, -43.26
0, 8792843, 78507, 7829, 1099.50, -72.19, 9.73, 9.63, -47.19
0, 8802943, 77041, 7646, 1088.56, -71.00, 9.41, 9.56, -51.16
0, 8810797, 75760, 7506, 1077.31, -69.50, 8.93, 9.58, -54.18
0, 8816668, 74714, 7393, 1077.31, -69.50, 8.93, 9.58, -56.39
0, 8822809, 73581, 7279, 1064.50, -67.87, 8.76, 8.95, -58.66
0, 8829458, 72314, 7192, 1064.50, -66.31, 7.27, 9.18, -61.07
0, 8836524, 70914, 7079, 1050.00, -66.31, 8.17, 8.69, -63.57
0, 8845113, 69011, 6888, 1033.38, -64.56, 7.58, 10.15, -66.52
0, 8855007, 66497, 6688, 1015.50, -63.31, 6.84, 10.15, -69.79
0, 8863181, 64307, 6470, 996.75, -61.63, 6.84, 9.37, -72.39
0, 8868894, 62649, 6305, 996.75, -61.63, 8.13, 10.66, -74.15
0, 8874942, 60730, 6107, 976.37, -59.75, 8.13, 10.66, -75.96
0, 8883129, 58071, 5823, 955.81, -57.63, 11.39, 9.67, -78.31
0, 8892940, 54850, 5519, 935.75, -55.06, 14.32, 10.83, -80.99
0, 8902839, 51655, 5204, 916.37, -52.06, 15.94, 10.11, -83.54
0, 8910658, 48877, 4937, 897.62, -49.19, 16.38, 8.93, -85.43
0, 8916665, 46648, 4714, 897.62, -49.19, 16.38, 8.93, -86.81
0, 8922567, 44574, 4522, 879.31, -46.38, 15.70, 10.10, -88.10
0, 8929186, 42321, 4250, 879.31, -43.31, 13.70, 8.78, -89.48
0, 8935967, 40012, 3977, 861.25, -43.31, 9.83, 9.67, -90.80
0, 8945238, 36672, 3620, 843.50, -40.00, 6.12, 9.65, -92.48
0, 8955259, 33086, 3314, 825.50, -36.50, 3.16, 9.65, -94.11
0, 8963092, 30195, 3082, 807.19, -32.81, 3.16, 9.46, -95.25
0, 8968806, 28103, 2874, 807.19, -32.81, 5.54, 6.67, -96.00
0, 8974516, 26002, 2661, 788.44, -29.87, 5.54, 6.67, -96.69
0, 8982227, 23180, 2361, 768.94, -27.00, 4.92, 11.04, -97.52
0, 8990252, 20215, 2065, 748.69, -23.87, 12.99, 8.94, -98.26
0, 8999185, 16974, 1762, 748.69, -20.62, 12.28, 8.35, -98.93
0, 9007960, 13753, 1463, 727.62, -20.62, 17.32, 7.94, -99.43
0, 9014804, 11282, 1208, 705.81, -17.19, 17.32, 7.94, -99.71
0, 9020517, 9197, 992, 705.81, -14.13, 16.43, 9.66, -99.88
0, 9026280, 7176, 803, 683.56, -14.13, 12.70, 9.66, -99.97
0, 9034371, 4232, 445, 661.12, -10.94, 13.32, 10.20, -99.99
0, 9043887, 749, 78, 639.00, -7.69, 13.32, 9.83, -99.84
0, 9053318, -2608, -213, 617.37, -4.19, 7.12, 8.94, -99.52
0, 9061186, -5506, -454, 596.37, -0.44, 4.38, 12.02, -99.10
0, 9066900, -7573, -680, 596.37, -0.44, 3.49, 12.02, -98.72
0, 9072801, -9771, -910, 576.19, 2.56, 3.49, 7.90, -98.26
0, 9079297, -12198, -1153, 576.19, 5.50, 3.30, 9.51, -97.68
0, 9086735, -14882, -1436, 556.75, 5.50, 8.97, 8.93, -96.90
0, 9095848, -18137, -1735, 538.00, 8.75, 11.33, 8.04, -95.80
0, 9105403, -21618, -2057, 519.81, 12.06, 14.97, 8.04, -94.47
0, 9113284, -24462, -2336, 501.94, 15.44, 14.97, 9.88, -93.25
0, 9119006, -26524, -2559, 501.94, 15.44, 18.10, 9.28, -92.28
0, 9124899, -28524, -2749, 484.19, 18.44, 18.10, 9.28, -91.22
0, 9131994, -30941, -3094, 466.31, 21.62, 18.22, 9.28, -89.86
0, 9140341, -33826, -3389, 448.12, 24.81, 15.78, 10.28, -88.14
0, 9148491, -36627, -3634, 448.12, 24.81, 14.93, 11.13, -86.34
0, 9157920, -39805, -3928, 429.31, 28.31, 9.22, 11.13, -84.11
0, 9165102, -42167, -4116, 409.81, 31.94, 9.22, 9.87, -82.31
0, 9170818, -44025, -4280, 409.81, 31.94, 7.09, 7.45, -80.81
0, 9176896, -46015, -4520, 389.62, 34.75, 4.12, 7.45, -79.17
0, 9185005, -48721, -4790, 368.62, 37.56, 5.59, 9.02, -76.87
0, 9194817, -51926, -5126, 347.06, 40.00, 5.96, 12.10, -73.96
0, 9204953, -55136, -5421, 325.12, 43.25, 9.40, 8.74, -70.80
0, 9213239, -57588, -5651, 302.94, 46.38, 9.40, 10.49, -68.10
0, 9218951, -59318, -5806, 302.94, 46.38, 13.06, 10.49, -66.19
0, 9224899, -61118, -6001, 281.00, 49.13, 13.06, 11.15, -64.15
0, 9231570, -62971, -6197, 259.56, 51.75, 12.63, 9.71, -61.81
0, 9240596, -65081, -6405, 238.81, 54.25, 14.37, 9.54, -58.55
0, 9248639, -66711, -6652, 238.81, 54.25, 13.71, 9.28, -55.56
0, 9258326, -68473, -6840, 218.62, 57.00, 11.47, 9.28, -51.87
0, 9265279, -69669, -6961, 199.06, 59.19, 11.47, 7.26, -49.15
0, 9270985, -70624, -7055, 180.37, 59.19, 10.08, 12.70, -46.89
0, 9277009, -71552, -7151, 180.37, 61.69, 10.63, 12.70, -44.47
0, 9285194, -72677, -7239, 164.31, 63.50, 9.25, 10.15, -41.12
0, 9295152, -73873, -7328, 149.69, 65.00, 9.46, 10.39, -36.98
0, 9305006, -74880, -7424, 136.12, 66.31, 8.89, 10.02, -32.80
0, 9313298, -75638, -7499, 124.44, 67.19, 8.89, 9.67, -29.24
0, 9319265, -76120, -7543, 124.44, 67.19, 9.40, 9.67, -26.65
0, 9325209, -76496, -7575, 114.44, 68.06, 9.40, 10.03, -24.05
0, 9331859, -76802, -7600, 105.81, 69.00, 9.51, 10.07, -21.12
0, 9340937, -77037, -7617, 98.25, 69.75, 8.82, 10.21, -17.09
0, 9348925, -77078, -7623, 98.25, 69.75, 9.26, 9.78, -13.52
0, 9358704, -77069, -7625, 92.37, 69.94, 9.41, 9.78, -9.12
0, 9365762, -77054, -7628, 88.94, 70.06, 9.41, 9.56, -5.94
0, 9371470, -77040, -7630, 87.56, 70.06, 10.21, 10.23, -3.36
0, 9377667, -77024, -7632, 87.56, 70.06, 9.91, 10.23, -0.56
0, 9386160, -76990, -7636, 87.56, 70.12, 10.08, 9.48, 3.28
0, 9395890, -76886, -7638, 87.69, 70.19, 10.22, 9.61, 7.67
0, 9405913, -76586, -7637, 87.94, 70.19, 9.03, 9.99, 12.18
0, 9413746, -76282, -7662, 88.25, 70.25, 9.03, 9.93, 15.69
0, 9419612, -76214, -7654, 88.25, 70.25, 10.08, 9.93, 18.30
0, 9425318, -76209, -7654, 89.12, 70.25, 10.08, 9.39, 20.83
0, 9431991, -76206, -7654, 91.62, 70.44, 11.55, 9.80, 23.77
0, 9440459, -76202, -7655, 91.62, 70.44, 10.39, 9.81, 27.47
0, 9449178, -76196, -7657, 94.50, 70.44, 10.16, 9.62, 31.24
0, 9459052, -76028, -7639, 95.00, 70.44, 10.17, 9.62, 35.45
0, 9466316, -75525, -7588, 95.06, 70.44, 10.17, 9.86, 38.50
0, 9472023, -74992, -7537, 95.06, 70.44, 8.89, 10.60, 40.87
0, 9478345, -74262, -7467, 95.06, 70.31, 7.70, 10.60, 43.46
0, 9486524, -73170, -7373, 95.62, 69.69, 8.53, 10.04, 46.77
0, 9496224, -71821, -7258, 100.25, 68.75, 9.67, 9.87, 50.60
0, 9506296, -70392, -7127, 108.56, 67.69, 10.33, 9.81, 54.47
0, 9514406, -69163, -7014, 119.37, 66.56, 10.33, 9.87, 57.51
0, 9520269, -68175, -6927, 119.37, 66.56, 9.80, 9.87, 59.66
0, 9526380, -67064, -6823, 131.06, 65.37, 9.80, 9.71, 61.85
0, 9533514, -65654, -6684, 143.00, 64.12, 9.83, 10.63, 64.35
0, 9543071, -63412, -6464, 155.87, 62.56, 10.58, 9.97, 67.60
0, 9552844, -60799, -6197, 170.69, 60.75, 10.98, 10.78, 70.79
0, 9562037, -58383, -5883, 187.75, 60.75, 12.87, 11.04, 73.66
0, 9567956, -56644, -5704, 187.75, 58.56, 13.85, 11.04, 75.45
0, 9573666, -54852, -5517, 206.94, 55.81, 13.85, 8.20, 77.12
0, 9579642, -52898, -5326, 206.94, 55.81, 13.00, 9.32, 78.81
0, 9588528, -49927, -5047, 226.69, 53.00, 12.16, 10.00, 81.22
0, 9598538, -46719, -4750, 247.06, 50.06, 9.56, 9.79, 83.78
0, 9608515, -43176, -4403, 268.06, 47.31, 6.84, 9.79, 86.15
0, 9615279, -40723, -4143, 289.69, 44.63, 6.84, 9.80, 87.67
0, 9620990, -38595, -3925, 289.69, 44.63, 7.16, 9.80, 88.88
0, 9626927, -36427, -3732, 311.62, 41.63, 7.16, 10.28, 90.08
0, 9633860, -33938, -3506, 333.81, 38.19, 2.67, 9.04, 91.39
0, 9643471, -30581, -3177, 355.75, 35.00, 6.91, 10.35, 93.07
0, 9653302, -26980, -2822, 377.12, 31.94, 11.34, 8.71, 94.60
0, 9662727, -23646, -2473, 397.81, 31.94, 13.69, 9.62, 95.90
0, 9668626, -21609, -2244, 397.81, 28.81, 17.00, 9.62, 96.62
0, 9674579, -19371, -2013, 417.75, 25.56, 17.00, 10.32, 97.28
0, 9680639, -17191, -1753, 417.75, 25.56, 17.66, 7.65, 97.88
0, 9689734, -13858, -1457, 436.87, 22.12, 15.12, 8.69, 98.64
0, 9699397, -10467, -1145, 455.50, 18.56, 11.80, 9.03, 99.26
0, 9709342, -6833, -784, 473.56, 15.25, 8.31, 9.03, 99.71
0, 9716230, -4328, -517, 491.37, 12.38, 8.31, 9.49, 99.90
0, 9721947, -2181, -293, 509.19, 12.38, 11.12, 9.24, 99.98
0, 9727756, -53, -108, 509.19, 9.25, 4.11, 9.24, 100.00
0, 9734968, 2514, 129, 527.25, 5.87, 4.11, 9.13, 99.92
0, 9743971, 5849, 457, 545.62, 2.69, 5.66, 11.35, 99.68
0, 9753620, 9427, 823, 564.56, -0.44, 5.58, 7.55, 99.24
0, 9762772, 12716, 1142, 584.31, -0.44, 12.01, 10.09, 98.64
0, 9768485, 14637, 1344, 584.31, -3.81, 14.21, 10.09, 98.18
0, 9774372, 16799, 1558, 604.75, -7.06, 14.21, 9.89, 97.64
0, 9780082, 18862, 1792, 604.75, -7.06, 17.26, 7.36, 97.05
0, 9789291, 22259, 2110, 626.06, -10.31, 15.19, 10.12, 95.97
0, 9799303, 25961, 2480, 647.87, -13.75, 15.82, 11.42, 94.60
0, 9809322, 29628, 2844, 670.19, -17.06, 13.93, 11.42, 93.03
0, 9816339, 32178, 3101, 692.56, -20.19, 13.93, 9.59, 91.82
0, 9822054, 34279, 3320, 714.62, -20.19, 10.67, 9.59, 90.77
0, 9828015, 36458, 3523, 714.62, -23.37, 7.14, 10.11, 89.60
0, 9835229, 39111, 3759, 736.12, -26.62, 7.14, 9.17, 88.11
0, 9844138, 42349, 4071, 756.87, -29.87, 3.09, 8.30, 86.13
0, 9853790, 45923, 4434, 776.87, -32.94, 3.61, 9.26, 83.83
0, 9862877, 49126, 4767, 796.06, -32.94, 9.18, 9.26, 81.52
0, 9868596, 50913, 4953, 796.06, -36.25, 13.09, 8.59, 80.00
0, 9874519, 52701, 5128, 814.69, -39.69, 13.09, 9.00, 78.36
0, 9880407, 54474, 5320, 814.69, -39.69, 13.82, 9.27, 76.68
0, 9889462, 57384, 5603, 832.87, -43.00, 14.10, 9.17, 73.99
0, 9899408, 60681, 5925, 851.12, -45.81, 14.50, 10.12, 70.89
0, 9909195, 63784, 6231, 869.25, -48.69, 16.13, 10.12, 67.70
0, 9915963, 65826, 6450, 887.44, -51.50, 16.13, 8.10, 65.41
0, 9921876, 67509, 6623, 905.94, -51.50, 13.47, 8.10, 63.37
0, 9927582, 69038, 6771, 905.94, -54.25, 13.47, 8.97, 61.35
0, 9934313, 70740, 6937, 925.06, -57.13, 10.25, 8.99, 58.92
0, 9943908, 73029, 7142, 944.75, -59.63, 8.14, 9.72, 55.36
0, 9953741, 75198, 7341, 965.00, -61.81, 7.10, 9.74, 51.60
0, 9962874, 76957, 7509, 985.69, -61.81, 6.48, 9.74, 48.02
0, 9968743, 77990, 7610, 985.69, -63.69, 7.44, 9.47, 45.68
0, 9974633, 78947, 7707, 1006.25, -65.50, 7.44, 10.07, 43.29
0, 9980673, 79858, 7797, 1006.25, -65.50, 7.79, 9.70, 40.81
0, 9989942, 81204, 7930, 1024.50, -67.12, 9.00, 9.35, 36.95
0, 9999459, 82479, 8051, 1040.63, -68.56, 9.20, 9.39, 32.92
0, 10009460, 83634, 8162, 1055.13, -69.94, 9.73, 9.39, 28.62
