********************************************************************************
Obsolete PIO Core v6.1.11 is used (previous was 6.1.14)
Please remove multiple PIO Cores from a system:
https://docs.platformio.org/en/latest/core/installation/troubleshooting.html
********************************************************************************
--- Terminal on /dev/cu.usbmodem14303 | 230400 8-N-1
--- Available filters and text transformations: colorize, debug, default, direct, hexlify, log2file, nocontrol, printable, send_on_enter, time
--- More details at https://bit.ly/pio-monitor-filters
--- Quit: Ctrl+C | Menu: Ctrl+T | Help: Ctrl+T followed by Ctrl+H
start
pain
Waiting for ODrive...
pin
found ODrive
DC voltage: 24.00
Enabling closed loop control...
ODrive running!
end time:10000000
0, 33, -1835008, 196607, -1.56, 0.06, 8.98, 7.00, 100.00
0, 6330, 329, 1, -1.12, 0.06, 11.47, 9.58, 99.96
0, 13919, 2768, 219, -1.12, 0.06, 10.69, 9.58, 99.80
0, 19866, 4978, 433, -0.94, 0.06, 10.69, 10.50, 99.60
0, 27776, 7870, 724, -0.31, 0.06, 11.78, 8.75, 99.21
0, 35159, 10549, 974, -0.31, -1.94, 3.82, 12.17, 98.74
0, 44606, 13795, 1322, 17.87, -5.25, 13.11, 6.31, 97.97
0, 53581, 16947, 1638, 38.56, -8.44, 18.91, 6.31, 97.08
0, 61708, 19967, 1956, 58.38, -11.63, 18.91, 12.63, 96.13
0, 67702, 22133, 2163, 77.50, -11.63, 14.86, 10.00, 95.35
0, 74694, 24687, 2422, 77.50, -15.00, 17.05, 10.00, 94.35
0, 81383, 27170, 2664, 96.06, -18.37, 17.60, 11.11, 93.30
0, 91243, 30755, 3027, 113.94, -21.50, 14.03, 8.60, 91.61
0, 101144, 34374, 3390, 131.56, -24.69, 14.03, 10.31, 89.72
0, 107887, 36814, 3605, 149.19, -28.00, 6.74, 8.96, 88.33
0, 114838, 39334, 3850, 149.19, -28.00, 4.41, 8.96, 86.82
0, 120545, 41370, 4041, 166.94, -31.25, 3.04, 9.20, 85.51
0, 128471, 44223, 4325, 185.12, -34.25, 3.04, 8.69, 83.59
0, 135972, 46998, 4594, 203.87, -34.25, 3.13, 8.82, 81.69
0, 145136, 50123, 4942, 203.87, -37.44, 10.74, 9.09, 79.23
0, 153993, 52799, 5198, 223.37, -40.81, 13.57, 9.09, 76.72
0, 161942, 55175, 5460, 243.81, -44.25, 13.57, 11.65, 74.36
0, 168012, 57108, 5641, 265.00, -44.25, 15.11, 9.20, 72.50
0, 174752, 59282, 5854, 265.00, -47.06, 14.52, 9.20, 70.37
0, 181441, 61362, 6053, 286.62, -49.94, 14.82, 10.36, 68.19
0, 191165, 64240, 6356, 308.69, -52.63, 15.36, 10.57, 64.91
0, 200895, 66916, 6624, 330.94, -55.31, 15.36, 7.65, 61.50
0, 207203, 68522, 6782, 353.00, -55.31, 12.29, 9.13, 59.22
0, 214914, 70328, 6962, 353.00, -58.00, 9.72, 9.13, 56.38
0, 220616, 71564, 7084, 374.37, -60.44, 9.72, 9.95, 54.23
0, 228544, 73197, 7220, 395.06, -62.63, 7.44, 9.91, 51.18
0, 236194, 74667, 7353, 415.12, -62.63, 7.37, 10.02, 48.18
0, 245303, 76183, 7503, 415.12, -64.44, 7.62, 9.10, 44.53
0, 254092, 77497, 7627, 434.12, -66.00, 7.60, 9.10, 40.94
0, 262033, 78554, 7732, 451.12, -67.50, 7.60, 9.81, 37.64
0, 268094, 79266, 7804, 465.75, -67.50, 8.10, 9.30, 35.08
0, 275242, 80053, 7881, 465.75, -68.75, 9.08, 9.30, 32.04
0, 281693, 80717, 7948, 478.37, -69.94, 9.22, 9.55, 29.26
0, 291595, 81615, 8035, 489.37, -71.00, 9.59, 9.46, 24.95
0, 301407, 82322, 8101, 498.81, -71.94, 9.59, 9.51, 20.63
0, 307626, 82665, 8134, 507.37, -71.94, 9.75, 9.87, 17.87
0, 315336, 82943, 8160, 507.37, -72.75, 10.09, 9.87, 14.43
0, 321042, 83044, 8170, 514.69, -73.37, 10.70, 9.73, 11.88
0, 328855, 83056, 8174, 520.37, -73.75, 10.70, 9.82, 8.36
0, 336816, 83050, 8176, 524.12, -73.75, 10.90, 9.67, 4.77
0, 345724, 83040, 8181, 524.12, -73.94, 9.98, 9.35, 0.74
0, 354381, 83025, 8189, 525.56, -74.00, 9.98, 9.35, -3.17
0, 362363, 82982, 8195, 525.56, -74.00, 9.98, 9.51, -6.78
0, 368477, 82899, 8201, 525.44, -74.00, 10.07, 9.50, -9.53
0, 376229, 82670, 8201, 525.31, -74.12, 10.16, 9.50, -13.01
0, 382325, 82405, 8202, 525.31, -74.19, 10.75, 9.47, -15.74
0, 391990, 82020, 8287, 524.81, -74.19, 10.41, 9.47, -20.04
0, 401875, 81610, 8266, 523.06, -74.25, 10.41, 8.41, -24.40
0, 408568, 81297, 8240, 519.69, -74.25, 9.01, 11.80, -27.32
0, 416121, 80858, 8198, 519.69, -74.87, 9.83, 11.80, -30.59
0, 422005, 80474, 8159, 516.31, -74.75, 10.26, 9.79, -33.11
0, 429809, 79904, 8089, 512.81, -74.37, 10.26, 9.51, -36.42
0, 437637, 79259, 7996, 508.44, -74.37, 9.96, 9.60, -39.70
0, 447049, 78282, 7878, 503.00, -73.75, 9.85, 10.03, -43.57
0, 454923, 77344, 7750, 503.00, -72.87, 9.23, 10.03, -46.74
0, 462628, 76294, 7637, 496.69, -71.75, 9.23, 10.33, -49.79
0, 468511, 75405, 7534, 488.94, -71.75, 8.97, 8.57, -52.08
0, 476056, 74170, 7400, 488.94, -70.44, 9.06, 8.57, -54.96
0, 482179, 73134, 7313, 479.37, -69.12, 7.69, 10.72, -57.26
0, 491056, 71570, 7203, 468.12, -67.56, 8.38, 8.56, -60.50
0, 500167, 69900, 7037, 454.94, -66.12, 8.38, 9.69, -63.73
0, 506940, 68451, 6907, 454.94, -66.12, 8.20, 10.49, -66.06
0, 515053, 66496, 6754, 440.50, -65.00, 6.99, 10.49, -68.77
0, 520754, 65079, 6613, 425.25, -63.31, 7.50, 8.86, -70.62
0, 528841, 62944, 6399, 408.19, -63.31, 7.50, 10.69, -73.16
0, 536472, 60664, 6169, 388.31, -61.63, 10.91, 9.47, -75.47
0, 545457, 57878, 5870, 388.31, -59.50, 12.84, 9.47, -78.07
0, 554536, 54998, 5600, 367.50, -57.13, 13.69, 11.12, -80.57
0, 561944, 52672, 5367, 346.00, -54.25, 15.67, 10.10, -82.51
0, 568809, 50420, 5159, 323.94, -54.25, 15.67, 8.62, -84.22
0, 576305, 47692, 4886, 301.75, -51.50, 15.22, 8.62, -86.00
0, 582439, 45453, 4656, 301.75, -48.75, 16.45, 10.61, -87.38
0, 590941, 42598, 4354, 279.75, -45.81, 13.01, 8.94, -89.19
0, 600388, 39432, 3983, 258.12, -42.50, 13.01, 9.43, -91.04
0, 607188, 37009, 3722, 237.37, -42.50, 7.82, 9.92, -92.27
0, 615441, 34110, 3496, 237.37, -39.06, 5.70, 9.92, -93.64
0, 621146, 32089, 3305, 217.31, -35.44, 3.25, 9.37, -94.51
0, 629178, 29148, 3043, 198.00, -35.44, 3.25, 7.28, -95.64
0, 637394, 26114, 2733, 179.37, -32.44, 5.51, 11.42, -96.66
0, 646836, 22669, 2374, 161.31, -29.56, 10.78, 11.42, -97.66
0, 655111, 19645, 2078, 161.31, -26.56, 13.05, 9.04, -98.40
0, 662128, 17055, 1836, 143.62, -23.25, 13.71, 9.76, -98.91
0, 668919, 14593, 1603, 126.06, -23.25, 13.71, 9.30, -99.32
0, 676674, 11735, 1323, 108.31, -19.87, 16.54, 9.30, -99.67
0, 682827, 9564, 1110, 108.31, -16.87, 16.11, 10.01, -99.86
0, 691163, 6558, 791, 90.19, -13.69, 13.45, 9.07, -99.99
0, 700715, 3095, 389, 71.50, -10.44, 13.45, 7.53, -99.96
0, 707557, 592, 138, 52.13, -10.44, 14.03, 7.53, -99.83
0, 715913, -2366, -113, 52.13, -7.00, 5.87, 9.65, -99.54
0, 721854, -4559, -319, 31.81, -3.31, 2.68, 10.96, -99.25
0, 729913, -7517, -604, 10.56, -3.31, 2.68, 9.74, -98.74
0, 738083, -10529, -909, -11.44, -0.13, 2.70, 9.97, -98.08
0, 748356, -14246, -1303, -33.94, 2.81, 3.19, 10.36, -97.07
0, 756190, -17116, -1576, -33.94, 6.00, 9.75, 10.36, -96.16
0, 764108, -19984, -1845, -56.56, 9.38, 12.77, 8.92, -95.12
0, 770057, -22150, -2036, -78.94, 9.38, 12.77, 9.14, -94.26
0, 778228, -25140, -2336, -100.69, 12.81, 14.34, 9.14, -92.96
0, 785390, -27723, -2593, -100.69, 15.75, 17.14, 10.05, -91.71
0, 794515, -30879, -3005, -121.62, 18.87, 17.27, 8.52, -89.99
0, 802394, -33579, -3286, -141.75, 22.12, 17.27, 10.37, -88.38
0, 809102, -35836, -3517, -161.06, 22.12, 15.51, 13.07, -86.92
0, 816981, -38477, -3723, -179.75, 25.56, 11.51, 13.07, -85.11
0, 823109, -40488, -3922, -179.75, 29.31, 7.77, 9.60, -83.62
0, 830489, -42865, -4102, -198.00, 32.19, 7.77, 9.34, -81.74
0, 838683, -45471, -4383, -215.87, 32.19, 7.10, 8.97, -79.55
0, 848623, -48708, -4717, -233.69, 34.94, 5.88, 10.73, -76.75
0, 856537, -51274, -4997, -251.62, 37.38, 5.76, 10.73, -74.41
0, 864498, -53817, -5230, -251.62, 40.44, 6.73, 7.77, -71.95
0, 870676, -55656, -5406, -269.94, 43.44, 6.73, 11.38, -69.98
0, 878878, -57977, -5620, -288.75, 43.44, 10.70, 9.87, -67.29
0, 886579, -60227, -5841, -308.25, 46.38, 13.21, 9.87, -64.67
0, 895422, -62666, -6099, -308.25, 48.88, 12.40, 11.46, -61.57
0, 903768, -64542, -6277, -328.50, 51.31, 14.64, 8.91, -58.55
0, 910550, -65889, -6437, -349.44, 51.31, 14.64, 10.13, -56.04
0, 918507, -67248, -6652, -370.87, 53.94, 12.77, 10.13, -53.02
0, 925256, -68314, -6755, -370.87, 56.13, 10.92, 8.98, -50.41
0, 931954, -69298, -6861, -392.31, 58.19, 10.04, 9.54, -47.77
0, 939801, -70427, -6966, -411.69, 58.19, 10.04, 10.49, -44.63
0, 949068, -71641, -7091, -427.69, 60.25, 10.24, 9.65, -40.84
0, 957038, -72535, -7165, -442.12, 61.69, 9.63, 9.65, -37.52
0, 964844, -73292, -7219, -442.12, 62.94, 9.18, 9.77, -34.23
0, 970907, -73789, -7256, -455.56, 64.12, 9.40, 10.09, -31.64
0, 979074, -74297, -7301, -467.25, 64.12, 9.40, 9.93, -28.12
0, 986982, -74684, -7338, -476.87, 64.87, 8.68, 9.93, -24.67
0, 995324, -74982, -7368, -476.87, 65.44, 9.35, 9.95, -21.00
0, 1003296, -75127, -7381, -484.50, 65.94, 9.33, 9.76, -17.46
0, 1010336, -75147, -7385, -489.87, 65.94, 9.33, 10.10, -14.31
0, 1018595, -75138, -7388, -493.69, 66.37, 9.17, 10.10, -10.61
0, 1025371, -75129, -7391, -493.69, 66.62, 9.77, 9.41, -7.56
0, 1032066, -75117, -7395, -495.69, 66.69, 9.99, 9.94, -4.54
0, 1039887, -75097, -7400, -496.06, 66.69, 9.99, 9.63, -1.00
0, 1049185, -75054, -7405, -495.94, 66.75, 10.06, 9.63, 3.20
0, 1056849, -74973, -7407, -495.75, 66.75, 9.88, 9.77, 6.66
0, 1063598, -74827, -7406, -495.75, 66.81, 9.60, 9.83, 9.71
0, 1070873, -74586, -7406, -495.50, 66.81, 9.67, 9.89, 12.97
0, 1079093, -74354, -7408, -495.00, 66.81, 9.67, 9.89, 16.65
0, 1086571, -74343, -7408, -493.50, 66.87, 10.65, 9.91, 19.97
0, 1093650, -74339, -7408, -493.50, 66.87, 11.44, 10.45, 23.10
0, 1101952, -74333, -7408, -490.56, 66.87, 9.53, 9.62, 26.74
0, 1109330, -74326, -7409, -488.81, 66.87, 9.53, 9.62, 29.93
0, 1117787, -74232, -7404, -488.69, 66.87, 10.38, 9.90, 33.56
0, 1124363, -73860, -7370, -488.69, 66.87, 9.76, 9.94, 36.35
0, 1131364, -73277, -7322, -488.62, 66.87, 6.97, 10.53, 39.28
0, 1139571, -72510, -7261, -488.50, 66.75, 6.97, 10.05, 42.66
0, 1149121, -71493, -7170, -485.62, 66.19, 8.85, 10.05, 46.53
0, 1157358, -70528, -7078, -478.37, 65.44, 9.19, 10.40, 49.79
0, 1164212, -69661, -6994, -478.37, 64.62, 9.64, 9.92, 52.45
0, 1171130, -68665, -6906, -469.50, 64.62, 9.64, 9.63, 55.09
0, 1179168, -67370, -6786, -459.19, 63.56, 9.92, 9.63, 58.09
0, 1186633, -66048, -6657, -459.19, 62.44, 10.08, 9.54, 60.80
0, 1193679, -64602, -6517, -447.62, 61.13, 10.73, 10.05, 63.30
0, 1201310, -62774, -6336, -434.06, 61.13, 10.73, 10.14, 65.93
0, 1209272, -60758, -6121, -418.19, 59.50, 10.83, 10.14, 68.60
0, 1217035, -58854, -5873, -418.19, 57.50, 11.92, 10.93, 71.11
0, 1222793, -57299, -5710, -399.56, 55.19, 13.28, 8.57, 72.92
0, 1230470, -55005, -5469, -378.25, 55.19, 13.28, 9.22, 75.25
0, 1238535, -52351, -5210, -356.87, 52.50, 13.08, 9.22, 77.60
0, 1247187, -49417, -4937, -335.87, 49.75, 13.11, 10.08, 80.01
0, 1254073, -47309, -4738, -335.87, 46.88, 9.43, 10.47, 81.84
0, 1261088, -45065, -4533, -315.44, 46.88, 5.59, 8.05, 83.62
0, 1269279, -42384, -4259, -295.81, 44.19, 5.59, 8.05, 85.59
0, 1276948, -39897, -3997, -276.87, 41.56, 6.97, 11.74, 87.33
0, 1283186, -37763, -3785, -276.87, 38.63, 3.57, 9.61, 88.67
0, 1290757, -35027, -3541, -258.44, 38.63, 5.23, 10.09, 90.20
0, 1299930, -31869, -3239, -240.44, 35.56, 5.23, 10.09, 91.91
0, 1307812, -29073, -2963, -222.62, 32.50, 9.99, 9.13, 93.26
0, 1314489, -26625, -2723, -222.62, 29.50, 12.27, 9.85, 94.31
0, 1321267, -24167, -2472, -205.06, 29.50, 12.27, 9.11, 95.28
0, 1329274, -21302, -2144, -187.06, 26.25, 17.30, 9.11, 96.32
0, 1336797, -18550, -1855, -187.06, 23.06, 17.18, 9.66, 97.18
0, 1343614, -16003, -1578, -168.62, 19.50, 15.61, 8.50, 97.86
0, 1351508, -13113, -1303, -149.62, 19.50, 12.95, 7.38, 98.53
0, 1359477, -10338, -1062, -129.81, 15.88, 12.95, 7.38, 99.08
0, 1367195, -7537, -786, -109.12, 12.75, 9.52, 10.11, 99.49
0, 1373396, -5266, -544, -109.12, 12.75, 11.40, 11.34, 99.74
0, 1380924, -2503, -257, -87.69, 9.81, 11.40, 11.34, 99.93
0, 1389174, 499, 0, -65.56, 6.62, 6.49, 7.82, 100.00
0, 1398191, 3790, 325, -43.00, 3.25, 3.64, 9.81, 99.92
0, 1404866, 6242, 558, -43.00, 0.13, 5.04, 11.05, 99.76
0, 1411642, 8743, 819, -20.37, 0.13, 5.04, 9.21, 99.50
0, 1419609, 11632, 1077, -358.25, -3.12, 9.38, 9.21, 99.07
0, 1426778, 14116, 1358, -358.25, -6.44, 12.53, 8.61, 98.58
0, 1433035, 16373, 1593, -336.69, -9.63, 16.55, 10.33, 98.07
0, 1441085, 19344, 1901, -316.00, -9.63, 15.81, 8.52, 97.29
0, 1450610, 22845, 2243, -296.25, -13.00, 15.81, 8.52, 96.20
0, 1458334, 25639, 2509, -277.25, -16.44, 16.88, 10.21, 95.19
0, 1465008, 28034, 2761, -277.25, -19.62, 15.29, 11.19, 94.22
0, 1471785, 30545, 3010, -258.94, -19.62, 13.01, 11.19, 93.15
0, 1479714, 33427, 3306, -241.12, -22.75, 13.01, 11.77, 91.79
0, 1487508, 36288, 3564, -223.50, -26.00, 12.39, 10.43, 90.33
0, 1494131, 38685, 3779, -223.50, -29.31, 3.22, 9.60, 89.01
0, 1501977, 41516, 4058, -205.87, -29.31, 3.48, 8.99, 87.33
0, 1509897, 44452, 4351, -188.06, -32.44, 3.48, 8.99, 85.53
0, 1517568, 47289, 4623, -169.75, -35.44, 2.13, 9.44, 83.69
0, 1524182, 49581, 4892, -169.75, -38.81, 11.34, 8.27, 82.01
0, 1531548, 51970, 5129, -150.75, -38.81, 13.17, 9.51, 80.06
0, 1539937, 54649, 5409, -130.94, -42.25, 13.17, 9.51, 77.73
0, 1549763, 58019, 5724, -110.31, -45.56, 15.46, 8.56, 74.86
0, 1556956, 60497, 5969, -110.31, -48.56, 13.94, 9.09, 72.66
0, 1563498, 62654, 6186, -88.94, -48.56, 17.53, 10.12, 70.60
0, 1571493, 65190, 6454, -67.00, -51.56, 17.53, 10.12, 67.99
0, 1579808, 67647, 6698, -44.63, -54.44, 14.19, 8.56, 65.19
0, 1587468, 69737, 6907, -22.37, -57.38, 14.20, 10.71, 62.52
0, 1594986, 71626, 7092, -22.37, -60.13, 8.27, 9.80, 59.84
0, 1602847, 73496, 7246, -0.69, -60.13, 6.69, 10.18, 56.95
0, 1610713, 75244, 7413, -339.62, -62.56, 6.69, 10.18, 53.99
0, 1618437, 76794, 7559, -319.19, -64.62, 5.99, 9.44, 51.02
0, 1625062, 78042, 7681, -319.19, -64.62, 6.82, 9.35, 48.42
0, 1632047, 79276, 7805, -299.56, -66.50, 7.96, 9.35, 45.63
0, 1640263, 80673, 7944, -282.19, -68.25, 7.96, 9.13, 42.30
0, 1650096, 82288, 8098, -266.75, -69.87, 8.51, 9.32, 38.23
0, 1657177, 83367, 8202, -266.75, -71.44, 8.17, 9.60, 35.25
0, 1663742, 84206, 8293, -252.37, -71.44, 9.60, 9.46, 32.45
0, 1672066, 85023, 8396, -238.75, -72.94, 10.94, 9.46, 28.87
0, 1680139, 85668, 8467, -226.81, -74.31, 10.94, 9.52, 25.36
0, 1687978, 86154, 8522, -218.00, -75.56, 11.45, 9.81, 21.91
0, 1695898, 86552, 8564, -218.00, -76.50, 10.78, 9.64, 18.41
0, 1703808, 86812, 8592, -211.37, -76.50, 10.64, 9.61, 14.88
0, 1711940, 86933, 8605, -206.37, -77.12, 10.64, 9.61, 11.23
0, 1720018, 86941, 8608, -202.94, -77.62, 11.12, 9.51, 7.60
0, 1727534, 86930, 8612, -201.31, -77.87, 11.31, 9.66, 4.20
0, 1734303, 86920, 8615, -201.31, -77.87, 9.91, 9.43, 1.15
0, 1741764, 86899, 8623, -201.19, -77.94, 9.99, 9.43, -2.23
0, 1751004, 86840, 8642, -201.31, -78.00, 9.99, 9.43, -6.40
0, 1757654, 86742, 8648, -201.56, -78.06, 10.02, 9.24, -9.40
0, 1764160, 86541, 8649, -201.56, -78.06, 11.12, 9.52, -12.32
0, 1772366, 86222, 8655, -202.12, -78.25, 10.74, 9.52, -16.00
0, 1780177, 85932, 8674, -203.81, -78.37, 10.74, 9.26, -19.47
0, 1788070, 85560, 8644, -206.87, -78.37, 10.57, 9.99, -22.96
0, 1795804, 85086, 8597, -206.87, -78.56, 10.43, 10.40, -26.35
0, 1803703, 84492, 8537, -210.06, -78.56, 10.71, 9.40, -29.78
0, 1811543, 83752, 8463, -214.31, -78.31, 10.71, 9.40, -33.14
0, 1819287, 82915, 8376, -220.00, -77.75, 10.62, 9.71, -36.43
0, 1826215, 82098, 8307, -220.00, -76.94, 10.89, 9.24, -39.33
0, 1833141, 81190, 8232, -227.50, -76.94, 9.94, 9.24, -42.19
0, 1841409, 80071, 8112, -236.56, -75.94, 9.74, 9.62, -45.55
0, 1851021, 78768, 7930, -246.94, -75.00, 9.74, 9.63, -49.37
0, 1858030, 77719, 7806, -258.31, -73.87, 9.22, 9.91, -52.10
0, 1864637, 76648, 7675, -258.31, -73.87, 8.53, 8.73, -54.63
0, 1872981, 75189, 7512, -269.87, -72.31, 8.15, 8.73, -57.75
0, 1881035, 73718, 7359, -283.00, -70.62, 8.15, 9.39, -60.68
0, 1888869, 72253, 7257, -297.81, -68.94, 7.41, 10.54, -63.46
0, 1896589, 70737, 7134, -297.81, -67.19, 8.14, 8.70, -66.12
0, 1904472, 68997, 6959, -313.94, -67.19, 7.67, 9.96, -68.75
0, 1912513, 66975, 6797, -331.06, -65.81, 7.67, 9.96, -71.35
0, 1920485, 64827, 6588, -350.06, -64.37, 6.49, 9.81, -73.82
0, 1928030, 62665, 6372, -371.12, -62.44, 7.75, 10.56, -76.08
0, 1933968, 60793, 6186, -371.12, -62.44, 10.88, 10.56, -77.80
0, 1941859, 58228, 5910, -392.87, -60.38, 13.03, 9.73, -79.99
0, 1951409, 55082, 5608, -414.87, -57.94, 13.03, 10.80, -82.51
0, 1958177, 52871, 5386, -414.87, -55.00, 14.58, 8.00, -84.20
0, 1964902, 50592, 5175, -436.94, -55.00, 15.67, 8.86, -85.80
0, 1973317, 47481, 4863, -458.56, -52.00, 14.85, 8.86, -87.69
0, 1981455, 44571, 4585, -479.56, -49.25, 14.85, 10.18, -89.40
0, 1989549, 41824, 4255, -499.69, -46.25, 15.90, 8.71, -90.98
0, 1997917, 38944, 3930, -519.00, -42.88, 12.53, 10.05, -92.48
0, 2005163, 36342, 3661, -519.00, -42.88, 5.98, 10.15, -93.68
0, 2013044, 33550, 3431, -537.75, -39.50, 5.98, 10.15, -94.87
0, 2020995, 30626, 3188, -555.87, -35.81, 4.02, 9.01, -95.94
0, 2028836, 27746, 2904, -573.69, -32.69, 3.59, 10.67, -96.88
0, 2035618, 25233, 2668, -573.69, -32.69, 8.60, 10.98, -97.60
0, 2042529, 22752, 2388, -591.31, -29.81, 12.77, 10.98, -98.23
0, 2052234, 19196, 2046, -609.00, -26.75, 12.77, 8.95, -98.96
0, 2059388, 16632, 1797, -627.06, -23.44, 14.71, 8.47, -99.37
0, 2065727, 14256, 1569, -627.06, -23.44, 18.45, 8.69, -99.65
0, 2074218, 11187, 1259, -645.69, -20.06, 18.37, 8.69, -99.90
0, 2081964, 8441, 992, -665.06, -17.00, 18.37, 10.34, -99.99
0, 2090028, 5625, 661, -685.25, -13.88, 17.65, 9.73, -99.97
0, 2098768, 2430, 307, -706.25, -10.69, 13.78, 9.57, -99.78
0, 2105597, -73, 69, -706.25, -10.69, 10.20, 8.63, -99.53
0, 2113437, -2862, -169, -728.00, -7.31, 7.37, 8.63, -99.13
0, 2121297, -5745, -408, -750.44, -3.56, 7.37, 10.22, -98.60
0, 2129156, -8626, -717, -773.06, -0.37, 3.32, 8.29, -97.94
0, 2135991, -11108, -961, -773.06, -0.37, 5.97, 9.77, -97.27
0, 2142996, -13703, -1255, -795.56, 2.56, 6.79, 9.77, -96.49
0, 2152750, -17211, -1586, -817.50, 5.75, 6.79, 9.37, -95.23
0, 2159946, -19814, -1828, -838.56, 9.06, 10.01, 9.56, -94.19
0, 2166285, -22134, -2035, -838.56, 9.06, 14.09, 10.97, -93.19
0, 2175209, -25416, -2365, -858.81, 12.50, 15.68, 10.97, -91.65
0, 2183539, -28356, -2657, -878.12, 15.44, 16.83, 9.42, -90.08
0, 2191465, -31049, -3033, -896.75, 18.56, 16.83, 8.63, -88.47
0, 2200280, -34030, -3340, -914.94, 21.81, 15.94, 10.63, -86.54
0, 2207901, -36589, -3568, -914.94, 25.12, 12.72, 11.25, -84.76
0, 2216403, -39395, -3816, -932.81, 25.12, 11.42, 9.67, -82.66
0, 2224548, -42006, -4037, -950.69, 28.94, 7.37, 9.67, -80.53
0, 2231942, -44334, -4246, -968.56, 31.87, 7.37, 8.32, -78.50
0, 2240072, -46907, -4542, -986.81, 34.56, 5.36, 10.48, -76.17
0, 2247134, -49167, -4776, -986.81, 34.56, 4.67, 11.45, -74.06
0, 2255262, -51697, -5038, -1005.50, 37.00, 5.32, 11.45, -71.54
0, 2264785, -54583, -5304, -1024.88, 39.94, 8.70, 7.69, -68.47
0, 2272770, -56781, -5524, -1045.00, 42.88, 11.75, 10.76, -65.79
0, 2282071, -59356, -5743, -1065.88, 45.31, 11.75, 10.21, -62.57
0, 2291479, -61949, -6020, -1087.25, 47.63, 12.04, 11.73, -59.20
0, 2301515, -64247, -6244, -1108.94, 50.06, 11.94, 8.61, -55.48
0, 2308785, -65688, -6410, -1108.94, 52.44, 12.94, 10.01, -52.71
0, 2316929, -67040, -6628, -1130.81, 52.44, 11.90, 9.45, -49.55
0, 2326665, -68484, -6778, -1152.25, 54.38, 11.19, 9.45, -45.68
0, 2334703, -69583, -6889, -1171.19, 56.56, 10.03, 8.81, -42.42
0, 2343105, -70682, -6993, -1186.38, 58.06, 10.23, 11.30, -38.95
0, 2353936, -71895, -7115, -1199.69, 59.31, 9.90, 10.11, -34.39
0, 2362510, -72672, -7177, -1211.88, 60.44, 9.90, 9.37, -30.72
0, 2369111, -73184, -7213, -1222.56, 61.38, 9.13, 10.72, -27.87
0, 2378166, -73718, -7251, -1231.25, 61.38, 9.25, 9.99, -23.91
0, 2384437, -73970, -7272, -1231.25, 61.94, 8.93, 9.99, -21.15
0, 2392109, -74152, -7288, -1238.06, 62.38, 8.93, 9.85, -17.75
0, 2401313, -74198, -7293, -1242.94, 62.69, 8.83, 10.00, -13.64
0, 2408443, -74193, -7294, -1242.94, 62.69, 8.92, 9.92, -10.44
0, 2416007, -74185, -7297, -1245.63, 62.81, 9.86, 9.92, -7.03
0, 2424332, -74171, -7301, -1246.38, 62.88, 10.06, 9.89, -3.27
0, 2432103, -74150, -7305, -1246.25, 62.88, 10.06, 9.62, 0.24
0, 2440155, -74104, -7310, -1246.19, 62.88, 10.04, 9.96, 3.88
0, 2447361, -74006, -7313, -1246.19, 62.94, 9.84, 9.67, 7.13
0, 2455999, -73784, -7312, -1245.94, 63.00, 9.39, 9.67, 11.02
0, 2463981, -73465, -7316, -1245.50, 63.13, 9.39, 9.83, 14.60
0, 2470635, -73401, -7318, -1244.13, 63.13, 9.63, 9.76, 17.57
0, 2479519, -73400, -7318, -1241.38, 63.13, 11.43, 8.84, 21.51
0, 2486287, -73393, -7318, -1241.38, 63.19, 11.14, 8.84, 24.49
0, 2493069, -73389, -7319, -1239.44, 63.25, 9.82, 9.61, 27.45
0, 2502963, -73382, -7320, -1239.31, 63.25, 9.82, 9.82, 31.73
0, 2509300, -73330, -7319, -1239.25, 63.25, 9.92, 9.57, 34.43
0, 2516677, -72950, -7292, -1239.25, 63.25, 10.13, 9.57, 37.54
0, 2525114, -72295, -7237, -1239.19, 63.25, 7.24, 9.81, 41.05
0, 2532507, -71587, -7174, -1238.25, 63.00, 7.24, 10.07, 44.08
0, 2540573, -70719, -7095, -1233.13, 63.00, 9.23, 10.09, 47.32
0, 2547965, -69867, -7010, -1233.13, 62.44, 9.16, 9.91, 50.24
0, 2556476, -68762, -6915, -1225.38, 61.63, 9.92, 9.91, 53.53
0, 2564657, -67549, -6803, -1215.88, 60.69, 9.92, 9.25, 56.61
0, 2571710, -66390, -6690, -1205.25, 59.63, 9.77, 10.39, 59.21
0, 2580545, -64691, -6526, -1192.63, 59.63, 10.13, 9.78, 62.39
0, 2587575, -63090, -6368, -1192.63, 58.38, 10.54, 9.78, 64.84
0, 2594158, -61451, -6209, -1177.88, 56.94, 11.09, 9.98, 67.08
0, 2604018, -59074, -5898, -1160.06, 55.06, 11.09, 10.44, 70.31
0, 2612044, -56944, -5674, -1139.00, 52.88, 12.91, 10.39, 72.85
0, 2619988, -54584, -5421, -1117.38, 50.19, 12.58, 8.71, 75.26
0, 2628581, -51741, -5153, -1095.75, 50.19, 13.49, 8.71, 77.76
0, 2634561, -49736, -4966, -1095.75, 47.63, 13.17, 10.05, 79.43
0, 2643618, -46940, -4704, -1074.13, 44.75, 7.93, 9.93, 81.86
0, 2653386, -43737, -4397, -1053.06, 42.00, 7.93, 9.58, 84.31
0, 2659503, -41750, -4187, -1032.75, 42.00, 6.54, 8.91, 85.77
0, 2667197, -39211, -3923, -1032.75, 39.44, 5.96, 8.91, 87.50
0, 2675536, -36239, -3653, -1013.12, 36.56, 4.20, 9.03, 89.27
0, 2682898, -33631, -3406, -994.25, 33.50, 4.20, 9.69, 90.72
0, 2691124, -30793, -3133, -975.87, 33.50, 6.07, 10.92, 92.22
0, 2698856, -27970, -2855, -958.12, 30.44, 11.19, 10.83, 93.51
0, 2707139, -24983, -2568, -958.12, 27.37, 13.45, 10.83, 94.78
0, 2715049, -22212, -2246, -940.37, 24.25, 13.45, 9.58, 95.86
0, 2721879, -19675, -1979, -922.62, 21.06, 17.11, 10.49, 96.69
0, 2730775, -16382, -1617, -904.62, 21.06, 17.47, 8.91, 97.64
0, 2737695, -13898, -1393, -904.62, 17.56, 15.64, 8.91, 98.27
0, 2744293, -11632, -1184, -886.19, 14.00, 12.61, 7.85, 98.78
0, 2754181, -8047, -834, -867.12, 10.69, 12.61, 10.69, 99.37
0, 2760208, -5796, -605, -847.31, 10.69, 8.89, 9.32, 99.64
0, 2767742, -3027, -312, -847.31, 7.81, 9.39, 9.32, 99.87
0, 2776107, 25, -37, -826.62, 4.69, 3.51, 7.91, 99.99
0, 2783113, 2509, 198, -805.00, 1.31, 3.51, 8.96, 99.98
0, 2791235, 5507, 491, -782.75, 1.31, 4.70, 9.41, 99.85
0, 2798846, 8306, 771, -760.12, -1.87, 6.01, 8.98, 99.59
0, 2807182, 11350, 1044, -760.12, -5.00, 10.28, 8.98, 99.19
0, 2815157, 14075, 1345, -737.62, -8.31, 10.28, 9.20, 98.66
0, 2822026, 16557, 1602, -715.50, -11.63, 14.17, 10.32, 98.11
0, 2830878, 19846, 1951, -694.19, -11.63, 18.13, 8.85, 97.25
0, 2837826, 22348, 2187, -694.19, -14.88, 15.63, 8.85, 96.48
0, 2844403, 24723, 2424, -673.62, -18.25, 16.16, 8.72, 95.65
0, 2853855, 28169, 2768, -653.94, -21.56, 16.16, 10.15, 94.32
0, 2860163, 30480, 3002, -635.06, -21.56, 13.86, 7.01, 93.33
0, 2868063, 33389, 3303, -635.06, -24.69, 11.08, 7.01, 91.99
0, 2876828, 36613, 3590, -616.75, -27.87, 7.34, 9.58, 90.36
0, 2883597, 39069, 3819, -598.87, -31.12, 2.08, 10.23, 89.01
0, 2891627, 42003, 4104, -581.25, -31.12, 2.08, 8.94, 87.29
0, 2899564, 44931, 4402, -563.62, -34.38, 3.52, 10.24, 85.49
0, 2907477, 47794, 4668, -563.62, -37.38, 3.97, 10.24, 83.58
0, 2915388, 50439, 4971, -545.69, -40.69, 3.97, 9.30, 81.56
0, 2922181, 52546, 5178, -527.31, -44.19, 13.11, 10.11, 79.74
0, 2931053, 55351, 5478, -508.25, -44.19, 14.43, 8.33, 77.26
0, 2937958, 57669, 5691, -508.25, -47.56, 14.09, 8.33, 75.24
0, 2944541, 59834, 5909, -488.31, -50.38, 15.01, 8.89, 73.25
0, 2953316, 62597, 6180, -467.62, -53.38, 15.01, 10.10, 70.49
0, 2960161, 64698, 6407, -446.19, -53.38, 15.76, 8.74, 68.26
0, 2968024, 66979, 6632, -446.19, -56.13, 13.63, 8.74, 65.62
0, 2975767, 69083, 6841, -424.25, -58.88, 10.30, 8.52, 62.94
0, 2983047, 70909, 7019, -402.12, -61.69, 10.30, 9.59, 60.34
0, 2991140, 72811, 7187, -380.25, -61.69, 8.09, 10.18, 57.39
0, 2998143, 74363, 7327, -380.25, -64.12, 6.76, 10.18, 54.76
0, 3007230, 76171, 7501, -718.81, -66.37, 6.07, 10.07, 51.28
0, 3015058, 77588, 7636, -697.87, -68.19, 6.07, 9.30, 48.21
0, 3021616, 78690, 7746, -677.87, -70.00, 7.26, 9.27, 45.59
0, 3030924, 80169, 7893, -660.44, -70.00, 8.00, 9.27, 41.81
0, 3037789, 81250, 8001, -660.44, -71.62, 8.43, 9.47, 38.97
0, 3044556, 82263, 8096, -645.19, -73.12, 8.69, 9.43, 36.13
0, 3053486, 83456, 8210, -631.37, -74.56, 8.69, 9.91, 32.34
0, 3060259, 84179, 8291, -618.06, -74.56, 9.24, 9.65, 29.42
0, 3068123, 84777, 8366, -618.06, -75.94, 10.42, 9.65, 26.01
0, 3075915, 85232, 8419, -606.00, -77.12, 11.20, 9.52, 22.59
0, 3083273, 85530, 8452, -596.31, -78.19, 11.20, 9.65, 19.34
0, 3091465, 85697, 8470, -589.87, -78.19, 10.51, 9.91, 15.69
0, 3098598, 85712, 8475, -589.87, -78.87, 11.22, 9.91, 12.50
0, 3107603, 85707, 8477, -585.44, -79.31, 11.10, 9.79, 8.45
0, 3114965, 85699, 8479, -583.06, -79.50, 11.10, 9.53, 5.12
0, 3122350, 85688, 8483, -582.62, -79.50, 9.87, 9.44, 1.79
0, 3131159, 85668, 8491, -582.69, -79.50, 10.06, 9.44, -2.20
0, 3138286, 85628, 8497, -582.69, -79.50, 9.92, 9.49, -5.42
0, 3144861, 85539, 8508, -582.81, -79.56, 10.50, 9.59, -8.38
0, 3154073, 85285, 8518, -583.00, -79.69, 10.50, 9.31, -12.52
0, 3161005, 84998, 8524, -583.50, -79.69, 10.50, 9.53, -15.63
0, 3168841, 84688, 8551, -583.50, -79.81, 10.85, 9.53, -19.12
0, 3177390, 84256, 8512, -585.06, -79.81, 10.29, 9.22, -22.90
0, 3184204, 83826, 8467, -588.06, -80.00, 10.35, 10.61, -25.88
0, 3192019, 83243, 8409, -591.50, -80.00, 10.35, 9.66, -29.28
0, 3199728, 82564, 8342, -595.94, -80.00, 10.60, 9.66, -32.60
0, 3208076, 81697, 8274, -595.94, -79.44, 10.40, 9.48, -36.14
0, 3214855, 80919, 8203, -601.69, -78.75, 9.97, 9.54, -38.98
0, 3221855, 80095, 8114, -608.87, -78.75, 9.97, 9.70, -41.88
0, 3231380, 78955, 7954, -617.62, -77.94, 9.71, 9.70, -45.75
0, 3238678, 77961, 7836, -617.62, -77.06, 9.50, 9.95, -48.66
0, 3245004, 77027, 7712, -627.44, -75.87, 8.89, 9.79, -51.14
0, 3254169, 75533, 7548, -637.69, -74.37, 8.89, 9.43, -54.65
0, 3261112, 74315, 7417, -649.25, -74.37, 8.83, 10.30, -57.25
0, 3269036, 72847, 7291, -649.25, -72.75, 6.97, 10.30, -60.15
0, 3278126, 71074, 7160, -662.69, -71.12, 7.61, 9.09, -63.39
0, 3284824, 69683, 7014, -677.94, -69.44, 7.76, 8.60, -65.70
0, 3292984, 67722, 6847, -694.75, -69.44, 7.76, 9.85, -68.44
0, 3300796, 65664, 6672, -712.94, -68.12, 7.04, 9.85, -70.97
0, 3308961, 63397, 6442, -712.94, -66.50, 7.22, 8.85, -73.52
0, 3316891, 60934, 6203, -733.31, -64.62, 10.72, 10.85, -75.90
0, 3323551, 58768, 5971, -754.87, -62.50, 10.72, 10.01, -77.83
0, 3331770, 56049, 5699, -776.75, -62.50, 12.56, 7.91, -80.11
0, 3339288, 53559, 5457, -776.75, -60.00, 14.33, 7.91, -82.10
0, 3345386, 51576, 5260, -798.69, -56.94, 15.84, 9.92, -83.64
0, 3354475, 48305, 4945, -820.12, -54.06, 15.84, 8.78, -85.82
0, 3361501, 45733, 4683, -841.06, -54.06, 14.60, 8.83, -87.41
0, 3369551, 42971, 4398, -861.25, -51.19, 16.27, 8.83, -89.12
0, 3378521, 39963, 4040, -861.25, -48.13, 12.76, 9.22, -90.89
0, 3385110, 37644, 3786, -880.44, -44.75, 6.13, 9.68, -92.09
0, 3393015, 34841, 3575, -899.12, -44.75, 6.13, 9.99, -93.42
0, 3400850, 32102, 3304, -917.31, -41.25, 5.00, 9.99, -94.63
0, 3408588, 29263, 3054, -917.31, -37.63, 3.83, 10.38, -95.70
0, 3415244, 26783, 2804, -935.12, -34.75, 8.05, 6.67, -96.53
0, 3422055, 24276, 2563, -952.87, -34.75, 8.05, 11.14, -97.29
0, 3431740, 20724, 2176, -970.62, -31.94, 11.36, 11.14, -98.21
0, 3439203, 18111, 1941, -970.62, -28.87, 13.47, 9.52, -98.79
0, 3445498, 15819, 1708, -988.75, -25.56, 14.70, 9.64, -99.19
0, 3454422, 12540, 1407, -1007.44, -25.56, 14.70, 8.38, -99.62
0, 3461872, 9849, 1133, -1026.88, -22.31, 16.78, 10.80, -99.86
0, 3469962, 6907, 832, -1047.19, -19.06, 15.58, 10.80, -99.99
0, 3478577, 3796, 460, -1047.19, -15.81, 12.83, 8.38, -99.98
0, 3485159, 1405, 213, -1068.19, -12.25, 11.75, 7.96, -99.87
0, 3493031, -1404, -10, -1090.00, -12.25, 11.75, 8.00, -99.62
0, 3500845, -4253, -296, -1112.38, -8.44, 8.53, 8.00, -99.25
0, 3508594, -7110, -556, -1112.38, -5.50, 3.42, 8.02, -98.76
0, 3515289, -9585, -809, -1135.00, -2.56, 3.42, 8.39, -98.23
0, 3522156, -12049, -1051, -1157.38, -2.56, 2.08, 10.16, -97.61
0, 3533177, -16130, -1487, -1179.25, 0.69, 5.96, 9.97, -96.40
0, 3541001, -18789, -1728, -1200.31, 3.94, 9.17, 9.97, -95.40
0, 3547778, -21295, -1967, -1200.31, 7.31, 12.08, 10.73, -94.44
0, 3556889, -24641, -2299, -1220.50, 10.25, 16.33, 9.66, -93.00
0, 3565066, -27508, -2579, -1239.81, 13.44, 17.45, 9.81, -91.58
0, 3573698, -30484, -2943, -1258.44, 16.69, 16.77, 9.99, -89.94
0, 3583821, -33933, -3329, -1276.50, 16.69, 16.77, 5.56, -87.85
0, 3593415, -37186, -3604, -1294.38, 20.19, 13.16, 11.70, -85.69
0, 3603066, -40347, -3912, -1312.25, 23.81, 12.52, 10.23, -83.36
0, 3612327, -43299, -4139, -1330.19, 26.69, 7.24, 10.23, -80.98
0, 3621985, -46407, -4496, -1348.44, 29.37, 5.87, 8.63, -78.34
0, 3631072, -49350, -4795, -1367.25, 31.81, 4.30, 8.63, -75.72
0, 3637839, -51500, -5022, -1367.25, 34.88, 5.76, 11.34, -73.69
0, 3645935, -54027, -5251, -1386.63, 37.88, 7.34, 11.23, -71.16
0, 3655135, -56703, -5516, -1406.81, 37.88, 7.34, 9.47, -68.18
0, 3662525, -58834, -5694, -1427.75, 40.69, 10.83, 9.47, -65.70
0, 3672087, -61553, -5977, -1449.25, 43.13, 13.32, 11.05, -62.38
0, 3682639, -64155, -6234, -1471.06, 45.56, 12.81, 11.05, -58.58
0, 3692034, -66115, -6470, -1493.00, 48.19, 13.23, 10.20, -55.08
0, 3700488, -67604, -6690, -1514.63, 50.44, 12.06, 10.03, -51.85
0, 3708535, -68894, -6822, -1514.63, 52.63, 11.49, 8.19, -48.71
0, 3715966, -70030, -6930, -1535.44, 54.75, 9.95, 9.13, -45.75
0, 3723008, -71052, -7031, -1552.81, 54.75, 9.95, 9.88, -42.89
0, 3732304, -72229, -7138, -1567.81, 56.19, 10.28, 9.88, -39.06
0, 3741212, -73192, -7211, -1581.50, 57.50, 9.39, 9.75, -35.32
0, 3747959, -73816, -7258, -1581.50, 58.56, 8.94, 10.50, -32.45
0, 3756556, -74444, -7315, -1593.56, 59.25, 8.49, 9.58, -28.75
0, 3763506, -74871, -7356, -1603.63, 59.25, 8.49, 9.75, -25.72
0, 3771615, -75253, -7395, -1611.88, 59.94, 9.00, 9.75, -22.16
0, 3780320, -75541, -7423, -1618.00, 60.50, 9.52, 10.26, -18.31
0, 3787834, -75676, -7434, -1618.00, 61.00, 9.45, 10.08, -14.96
0, 3796059, -75685, -7438, -1622.69, 61.25, 9.08, 9.94, -11.27
0, 3803879, -75678, -7441, -1625.88, 61.25, 9.08, 9.50, -7.75
0, 3811890, -75668, -7445, -1627.50, 61.38, 9.41, 9.50, -4.14
0, 3819614, -75650, -7451, -1627.50, 61.38, 10.10, 9.82, -0.64
0, 3826327, -75625, -7455, -1627.56, 61.44, 9.82, 9.65, 2.39
0, 3834359, -75581, -7459, -1627.50, 61.44, 9.82, 9.94, 6.02
0, 3842427, -75480, -7459, -1627.31, 61.50, 9.82, 9.94, 9.66
0, 3850125, -75269, -7459, -1627.00, 61.56, 9.83, 9.84, 13.12
0, 3857196, -74953, -7461, -1627.00, 61.63, 9.37, 9.75, 16.28
0, 3864198, -74802, -7454, -1626.38, 61.63, 9.37, 9.55, 19.39
0, 3872407, -74702, -7445, -1624.50, 61.63, 9.26, 9.55, 23.02
0, 3881860, -74499, -7426, -1621.25, 61.63, 11.25, 10.34, 27.16
0, 3889988, -74177, -7397, -1621.25, 61.50, 10.01, 9.84, 30.68
0, 3896024, -73838, -7369, -1619.56, 61.31, 9.08, 9.88, 33.26
0, 3903993, -73274, -7323, -1618.19, 61.31, 9.08, 10.11, 36.64
0, 3912303, -72617, -7270, -1615.25, 61.00, 9.17, 10.11, 40.11
0, 3919952, -71922, -7210, -1615.25, 60.50, 9.27, 9.76, 43.25
0, 3926155, -71278, -7151, -1610.38, 59.94, 9.11, 10.25, 45.76
0, 3934394, -70365, -7061, -1603.94, 59.94, 9.11, 10.25, 49.04
0, 3942592, -69369, -6969, -1596.31, 59.19, 9.45, 10.02, 52.24
0, 3949968, -68338, -6877, -1596.31, 58.31, 9.92, 9.55, 55.06
0, 3956917, -67258, -6776, -1587.19, 57.31, 9.64, 9.26, 57.65
0, 3964241, -66005, -6653, -1576.94, 57.31, 9.64, 9.87, 60.32
0, 3972449, -64345, -6490, -1564.88, 56.19, 10.22, 9.87, 63.24
0, 3982124, -62009, -6265, -1550.63, 54.81, 10.61, 10.08, 66.57
0, 3990227, -60028, -6018, -1533.56, 53.13, 11.14, 10.94, 69.26
0, 3997594, -58172, -5795, -1533.56, 51.06, 13.11, 10.17, 71.62
0, 4006109, -55705, -5540, -1513.06, 51.06, 12.48, 8.75, 74.26
0, 4013901, -53321, -5299, -1491.50, 48.56, 12.48, 8.75, 76.57
0, 4021671, -50824, -5073, -1469.81, 45.88, 13.99, 9.70, 78.78
0, 4029443, -48391, -4842, -1469.81, 43.13, 11.46, 10.17, 80.90
0, 4038470, -45490, -4570, -1448.06, 40.44, 8.45, 9.62, 83.23
0, 4045262, -43101, -4331, -1426.63, 40.44, 7.16, 9.93, 84.89
0, 4053116, -40308, -4037, -1405.81, 37.88, 7.16, 9.93, 86.72
0, 4060750, -37486, -3758, -1385.75, 35.06, 2.84, 10.55, 88.38
0, 4066936, -35244, -3558, -1385.75, 35.06, 4.66, 9.86, 89.66
0, 4074573, -32569, -3306, -1366.50, 31.81, 8.64, 10.85, 91.13
0, 4084606, -29068, -2962, -1348.00, 28.50, 8.64, 8.75, 92.91
0, 4093053, -25982, -2662, -1329.94, 25.44, 12.39, 8.75, 94.25
0, 4100797, -23246, -2354, -1312.06, 22.37, 14.02, 9.96, 95.36
0, 4106726, -21161, -2122, -1312.06, 22.37, 17.20, 10.73, 96.14
0, 4115881, -17813, -1756, -1294.31, 19.12, 17.06, 8.36, 97.19
0, 4123744, -14952, -1489, -1276.50, 15.81, 17.06, 8.36, 97.97
0, 4133273, -11550, -1174, -1258.31, 12.31, 17.96, 9.10, 98.74
0, 4141110, -8663, -892, -1239.69, 8.75, 13.88, 9.38, 99.24
0, 4147787, -6219, -653, -1239.69, 5.81, 9.41, 9.26, 99.57
0, 4155251, -3500, -369, -1220.38, 5.81, 9.41, 9.26, 99.82
0, 4163505, -484, -81, -1200.19, 2.81, 6.86, 10.79, 99.98
0, 4170976, 2188, 165, -1179.13, -0.44, 3.48, 9.07, 99.99
0, 4178852, 5090, 450, -1179.13, -3.81, 4.41, 10.89, 99.89
0, 4187296, 8205, 759, -1157.25, -3.81, 5.93, 7.34, 99.64
0, 4194954, 10991, 1007, -1134.88, -6.75, 13.15, 7.34, 99.28
0, 4203415, 13951, 1330, -1112.31, -10.06, 13.15, 9.54, 98.75
0, 4210219, 16406, 1590, -1112.31, -13.44, 14.92, 10.01, 98.22
0, 4216943, 18836, 1851, -1089.94, -13.44, 17.54, 7.45, 97.60
0, 4224830, 21729, 2125, -1068.19, -16.62, 16.62, 9.05, 96.76
0, 4234429, 25263, 2476, -1047.13, -20.12, 16.62, 9.05, 95.58
0, 4242610, 28234, 2773, -1026.94, -23.50, 17.69, 11.24, 94.42
0, 4249671, 30825, 3037, -1026.94, -26.62, 13.76, 8.47, 93.32
0, 4256797, 33447, 3308, -1007.56, -26.62, 10.77, 9.63, 92.12
0, 4264645, 36348, 3570, -988.81, -29.81, 10.77, 9.63, 90.68
0, 4272411, 39170, 3833, -970.69, -33.00, 5.85, 8.56, 89.14
0, 4280169, 42007, 4103, -970.69, -36.38, 3.14, 8.01, 87.50
0, 4288533, 45092, 4420, -952.87, -36.38, 3.40, 10.32, 85.60
0, 4295529, 47674, 4659, -935.25, -39.38, 9.47, 10.32, 83.93
0, 4303615, 50466, 4976, -917.50, -42.63, 9.47, 8.37, 81.88
0, 4310291, 52651, 5189, -917.50, -46.06, 12.68, 9.65, 80.11
0, 4317184, 54904, 5437, -899.44, -46.06, 14.79, 9.14, 78.21
0, 4325294, 57735, 5697, -880.81, -49.50, 14.86, 9.25, 75.87
0, 4335246, 61180, 6037, -861.31, -52.63, 15.93, 9.25, 72.86
0, 4343211, 63778, 6298, -841.12, -55.75, 15.93, 10.15, 70.35
0, 4350976, 66159, 6546, -820.06, -58.69, 16.01, 8.02, 67.81
0, 4357031, 67910, 6723, -820.06, -58.69, 12.81, 10.44, 65.77
0, 4364912, 70031, 6936, -798.37, -61.56, 12.81, 10.44, 63.05
0, 4372655, 71986, 7123, -776.37, -64.50, 8.63, 9.21, 60.29
0, 4380707, 73941, 7287, -754.44, -67.06, 7.68, 10.26, 57.35
0, 4388790, 75734, 7465, -754.44, -67.06, 6.34, 9.40, 54.32
0, 4395803, 77173, 7595, -732.81, -69.37, 7.31, 9.40, 51.63
0, 4403624, 78689, 7747, -711.56, -71.25, 7.31, 9.27, 48.57
0, 4410310, 79915, 7869, -711.56, -73.19, 6.91, 9.01, 45.90
0, 4417329, 81175, 7994, -691.00, -73.19, 8.54, 9.17, 43.06
0, 4425422, 82561, 8125, -672.31, -74.94, 7.89, 9.58, 39.73
0, 4435264, 84055, 8272, -655.50, -76.62, 9.38, 9.58, 35.61
0, 4443319, 85005, 8394, -639.81, -78.31, 9.38, 9.56, 32.18
0, 4451102, 85760, 8478, -625.31, -79.75, 10.81, 9.38, 28.83
0, 4457026, 86241, 8532, -625.31, -79.75, 11.44, 9.89, 26.25
0, 4465095, 86799, 8591, -613.12, -81.19, 11.44, 9.89, 22.72
0, 4472742, 87195, 8633, -603.94, -82.31, 10.75, 9.88, 19.34
0, 4481163, 87475, 8662, -596.75, -83.12, 10.95, 9.68, 15.59
0, 4489249, 87629, 8677, -596.75, -83.12, 11.17, 9.63, 11.96
0, 4496295, 87658, 8681, -591.19, -83.69, 10.88, 9.63, 8.80
0, 4504112, 87646, 8686, -587.50, -84.06, 10.88, 9.72, 5.27
0, 4510797, 87636, 8688, -587.50, -84.25, 10.75, 9.58, 2.25
0, 4517739, 87616, 8694, -585.50, -84.25, 9.85, 9.49, -0.89
0, 4525756, 87575, 8709, -585.06, -84.31, 10.01, 9.36, -4.51
0, 4535612, 87434, 8714, -585.19, -84.37, 10.98, 9.36, -8.96
0, 4543477, 87201, 8714, -585.37, -84.50, 10.98, 9.44, -12.50
0, 4551224, 86887, 8733, -585.94, -84.56, 10.65, 9.40, -15.96
0, 4557278, 86661, 8756, -585.94, -84.56, 10.54, 8.81, -18.66
0, 4565567, 86311, 8723, -587.37, -84.62, 10.54, 8.81, -22.33
0, 4573383, 85889, 8679, -590.31, -84.75, 10.66, 11.06, -25.76
0, 4582144, 85215, 8610, -593.50, -85.00, 9.93, 9.38, -29.57
0, 4590540, 84401, 8528, -593.50, -85.00, 11.33, 9.97, -33.17
0, 4597264, 83627, 8450, -597.19, -84.56, 10.95, 9.97, -36.02
0, 4605051, 82641, 8350, -602.37, -83.94, 10.95, 9.49, -39.28
0, 4611717, 81729, 8278, -609.75, -83.06, 10.53, 9.71, -42.04
0, 4618557, 80724, 8184, -609.75, -83.06, 9.96, 9.12, -44.82
0, 4626415, 79580, 8047, -619.06, -82.00, 9.41, 9.50, -47.97
0, 4636065, 78102, 7850, -630.00, -80.87, 9.03, 9.50, -51.75
0, 4643882, 76792, 7688, -642.19, -79.62, 9.03, 10.01, -54.75
0, 4651738, 75337, 7526, -655.00, -78.00, 8.40, 9.09, -57.68
0, 4657647, 74172, 7400, -655.00, -78.00, 8.60, 9.09, -59.84
0, 4665878, 72485, 7263, -668.69, -76.19, 8.60, 9.04, -62.78
0, 4673464, 70885, 7140, -684.31, -74.31, 7.25, 8.47, -65.42
0, 4682554, 68794, 6931, -702.00, -72.87, 7.84, 9.35, -68.47
0, 4691276, 66499, 6753, -721.25, -72.87, 7.74, 10.84, -71.29
0, 4697713, 64722, 6575, -721.25, -71.06, 7.09, 10.84, -73.30
0, 4705502, 62404, 6349, -741.62, -69.12, 7.09, 9.75, -75.65
0, 4712161, 60219, 6118, -763.12, -66.81, 11.53, 10.17, -77.59
0, 4719007, 57925, 5875, -763.12, -66.81, 12.03, 9.33, -79.50
0, 4726845, 55248, 5625, -784.87, -64.12, 14.84, 9.50, -81.60
0, 4736439, 52042, 5300, -806.56, -61.00, 17.14, 9.50, -84.03
0, 4744264, 49279, 5049, -827.81, -58.06, 17.14, 9.03, -85.90
0, 4752118, 46381, 4752, -848.44, -55.13, 13.99, 10.60, -87.66
0, 4758103, 44331, 4565, -848.44, -55.13, 15.96, 10.60, -88.93
0, 4766345, 41560, 4228, -868.31, -51.88, 15.96, 8.81, -90.57
0, 4774233, 38809, 3918, -887.31, -48.69, 8.44, 9.27, -92.03
0, 4783123, 35570, 3616, -905.81, -45.00, 6.80, 9.61, -93.53
0, 4791904, 32404, 3325, -923.87, -45.00, 6.02, 9.85, -94.86
0, 4798900, 29828, 3112, -923.87, -41.44, 3.11, 9.85, -95.81
0, 4805852, 27255, 2846, -941.62, -38.63, 3.11, 9.72, -96.66
0, 4812499, 24786, 2613, -959.31, -35.75, 6.64, 11.76, -97.39
0, 4819262, 22310, 2341, -959.31, -35.75, 11.19, 8.98, -98.04
0, 4827421, 19301, 2051, -977.19, -32.50, 14.73, 8.28, -98.70
0, 4836866, 15875, 1710, -995.50, -29.12, 16.92, 8.28, -99.30
0, 4844631, 13018, 1450, -1014.50, -25.94, 16.92, 8.44, -99.65
0, 4852596, 10134, 1153, -1034.25, -22.75, 17.21, 8.96, -99.89
0, 4858561, 7937, 950, -1034.25, -22.75, 17.62, 8.96, -99.98
0, 4866683, 5075, 604, -1054.88, -19.56, 14.64, 9.55, -99.99
0, 4874427, 2242, 293, -1076.25, -16.31, 14.64, 8.46, -99.87
0, 4883564, -1054, 12, -1098.25, -12.56, 12.16, 8.25, -99.57
0, 4892357, -4223, -294, -1120.56, -12.56, 7.19, 12.61, -99.13
0, 4899366, -6806, -519, -1120.56, -8.94, 2.37, 12.61, -98.66
0, 4906335, -9359, -792, -1143.13, -6.19, 2.37, 8.26, -98.10
0, 4912988, -11767, -1028, -1165.31, -3.25, 3.23, 10.20, -97.47
0, 4921166, -14753, -1365, -1187.00, -3.25, 6.33, 10.22, -96.58
0, 4931198, -18372, -1686, -1207.81, 0.13, 11.35, 8.63, -95.30
0, 4940070, -21633, -1995, -1207.81, 3.56, 14.54, 8.63, -94.01
0, 4946782, -24133, -2249, -1227.69, 6.75, 16.36, 9.63, -92.93
0, 4954877, -26970, -2537, -1246.75, 9.81, 16.36, 8.72, -91.52
0, 4960893, -29039, -2743, -1246.75, 9.81, 19.02, 10.26, -90.39
0, 4970037, -32076, -3144, -1265.13, 13.00, 16.52, 9.34, -88.54
0, 4980307, -35449, -3482, -1283.06, 16.19, 12.86, 12.80, -86.29
0, 4991241, -39028, -3779, -1318.69, 19.94, 12.69, 9.90, -83.69
0, 4998754, -41418, -3999, -1318.69, 23.12, 8.35, 9.90, -81.78
0, 5005612, -43569, -4161, -1336.88, 25.75, 8.35, 9.05, -79.95
0, 5011856, -45502, -4391, -1355.31, 25.75, 5.15, 9.36, -78.23
0, 5019236, -47835, -4609, -1355.31, 28.44, 4.10, 9.36, -76.10
0, 5027518, -50447, -4902, -1374.38, 30.87, 5.64, 10.11, -73.62
0, 5038582, -53904, -5239, -1394.06, 33.88, 9.27, 8.57, -70.15
0, 5045448, -55909, -5435, -1414.44, 36.81, 9.27, 10.90, -67.90
0, 5055001, -58656, -5682, -1435.56, 39.44, 11.15, 9.12, -64.67
0, 5062311, -60776, -5902, -1457.25, 41.94, 12.44, 12.27, -62.11
0, 5070550, -62953, -6127, -1457.25, 41.94, 11.87, 8.76, -59.15
0, 5080975, -65238, -6353, -1479.19, 44.44, 13.31, 10.37, -55.28
0, 5091285, -67108, -6639, -1522.69, 47.06, 12.15, 10.37, -51.34
0, 5098591, -68291, -6754, -1522.69, 49.13, 11.89, 9.60, -48.48
0, 5106507, -69456, -6875, -1543.63, 51.31, 11.89, 8.03, -45.31
0, 5113986, -70526, -6976, -1562.31, 53.19, 10.15, 11.80, -42.27
0, 5121575, -71504, -7078, -1577.69, 53.19, 9.95, 10.08, -39.14
0, 5130990, -72552, -7167, -1577.69, 54.56, 9.91, 9.43, -35.19
0, 5140411, -73451, -7230, -1591.13, 55.75, 9.22, 9.43, -31.17
0, 5146741, -73932, -7268, -1603.44, 56.81, 9.20, 10.85, -28.44
0, 5155434, -74427, -7313, -1614.00, 57.56, 9.20, 9.91, -24.65
0, 5161527, -74699, -7339, -1622.81, 57.56, 8.58, 9.98, -21.97
0, 5169304, -74934, -7362, -1622.81, 58.13, 9.07, 9.98, -18.52
0, 5177405, -75004, -7369, -1629.81, 58.56, 9.04, 10.00, -14.91
0, 5187540, -74996, -7373, -1634.75, 58.94, 8.86, 10.05, -10.37
0, 5195591, -74983, -7377, -1638.06, 59.06, 10.00, 9.67, -6.74
0, 5203858, -74967, -7381, -1639.38, 59.06, 10.00, 9.55, -3.01
0, 5209767, -74947, -7385, -1639.38, 59.06, 10.00, 9.55, -0.33
0, 5217972, -74900, -7391, -1639.31, 59.13, 9.89, 9.91, 3.38
0, 5224886, -74836, -7393, -1639.19, 59.19, 9.89, 9.86, 6.50
0, 5234292, -74663, -7392, -1639.00, 59.25, 9.76, 10.17, 10.74
0, 5243150, -74359, -7392, -1638.56, 59.25, 9.78, 9.38, 14.71
0, 5250085, -74199, -7394, -1638.56, 59.31, 9.04, 9.38, 17.80
0, 5256841, -74184, -7394, -1637.81, 59.31, 9.04, 9.68, 20.80
0, 5262543, -74180, -7394, -1636.06, 59.31, 11.32, 9.89, 23.31
0, 5269943, -74174, -7395, -1636.06, 59.56, 10.99, 9.89, 26.56
0, 5277657, -74166, -7396, -1633.25, 59.81, 10.10, 9.74, 29.90
0, 5286836, -74029, -7386, -1632.38, 60.00, 10.07, 9.81, 33.84
0, 5294712, -73528, -7344, -1632.31, 60.00, 10.07, 10.63, 37.16
0, 5303331, -72810, -7286, -1632.25, 60.00, 8.71, 9.94, 40.75
0, 5309033, -72281, -7242, -1632.25, 59.94, 9.61, 9.94, 43.09
0, 5317081, -71413, -7164, -1631.19, 59.44, 9.61, 10.03, 46.35
0, 5323922, -70621, -7088, -1626.00, 58.75, 9.28, 10.08, 49.07
0, 5333884, -69362, -6969, -1618.69, 57.94, 9.09, 9.62, 52.94
0, 5342821, -68051, -6850, -1609.81, 57.94, 9.87, 9.29, 56.33
0, 5349604, -66948, -6746, -1609.81, 56.94, 9.44, 9.29, 58.83
0, 5356629, -65679, -6621, -1599.69, 55.88, 9.44, 10.21, 61.37
0, 5362828, -64383, -6494, -1588.25, 55.88, 10.37, 9.99, 63.56
0, 5370398, -62559, -6315, -1588.25, 54.63, 10.60, 11.08, 66.17
0, 5380131, -60131, -6032, -1574.69, 53.13, 12.09, 10.45, 69.40
0, 5390864, -57353, -5710, -1558.81, 51.19, 13.22, 10.45, 72.81
0, 5398053, -55224, -5490, -1539.44, 49.00, 12.56, 10.25, 75.00
0, 5406304, -52634, -5235, -1518.25, 46.31, 12.56, 9.53, 77.42
0, 5412266, -50701, -5060, -1496.81, 46.31, 13.80, 10.19, 79.10
0, 5421003, -47962, -4800, -1496.81, 43.63, 11.43, 9.91, 81.45
0, 5430086, -44983, -4524, -1475.00, 40.81, 8.81, 9.70, 83.76
0, 5439704, -41600, -4165, -1453.06, 38.19, 6.72, 9.70, 86.06
0, 5446518, -39159, -3915, -1431.56, 35.56, 2.89, 10.65, 87.59
0, 5454352, -36265, -3653, -1410.56, 35.56, 2.89, 8.08, 89.24
0, 5460238, -34189, -3465, -1410.56, 32.56, 4.21, 8.08, 90.41
0, 5467955, -31519, -3204, -1390.38, 29.19, 8.40, 9.76, 91.85
0, 5474789, -29083, -2964, -1370.94, 26.06, 8.40, 8.52, 93.02
0, 5484107, -25676, -2636, -1352.06, 23.06, 11.85, 10.17, 94.49
0, 5494110, -22094, -2229, -1333.75, 23.06, 13.91, 9.75, 95.87
0, 5502151, -19122, -1923, -1315.94, 19.87, 17.27, 9.75, 96.84
0, 5507863, -17019, -1673, -1315.94, 16.62, 17.65, 8.01, 97.45
0, 5514533, -14644, -1470, -1298.19, 13.06, 17.65, 9.27, 98.09
0, 5521513, -12142, -1226, -1280.38, 13.06, 17.85, 9.99, 98.65
0, 5530476, -8894, -918, -1280.38, 9.50, 15.34, 9.33, 99.23
0, 5540036, -5407, -564, -1262.38, 6.31, 8.99, 9.33, 99.67
0, 5546756, -2924, -302, -1243.81, 3.44, 6.96, 10.83, 99.87
0, 5554578, -75, -46, -1224.56, 3.44, 6.96, 9.06, 99.99
0, 5560478, 1993, 143, -1224.56, 0.31, 2.93, 9.06, 99.99
0, 5568215, 4835, 421, -1204.44, -3.12, 5.02, 8.43, 99.89
0, 5574791, 7257, 670, -1183.50, -6.25, 5.02, 7.54, 99.71
0, 5583511, 10441, 964, -1161.88, -9.31, 6.71, 9.64, 99.33
0, 5592877, 13788, 1316, -1139.63, -9.31, 12.32, 8.48, 98.75
0, 5599908, 16319, 1586, -1139.63, -12.75, 15.45, 8.48, 98.20
0, 5606801, 18825, 1852, -1117.19, -16.00, 15.45, 10.20, 97.56
0, 5612510, 20917, 2058, -1094.88, -16.00, 18.68, 9.98, 96.96
0, 5620347, 23805, 2345, -1094.88, -19.37, 17.16, 9.98, 96.04
0, 5628068, 26662, 2628, -1072.94, -22.81, 17.78, 10.35, 95.00
0, 5636808, 29848, 2939, -1051.69, -26.00, 13.89, 10.35, 93.70
0, 5644992, 32845, 3248, -1031.25, -26.00, 13.89, 9.93, 92.34
0, 5653298, 35898, 3543, -1011.62, -29.19, 7.59, 9.93, 90.83
0, 5659012, 38003, 3725, -1011.62, -32.44, 5.39, 8.56, 89.72
0, 5665930, 40487, 3954, -992.81, -35.75, 5.39, 8.89, 88.30
0, 5672892, 43070, 4216, -974.56, -35.75, 1.72, 8.19, 86.78
0, 5682703, 46698, 4569, -956.75, -38.94, 2.76, 8.16, 84.49
0, 5692739, 50207, 4951, -939.06, -42.00, 8.85, 8.16, 81.97
0, 5699756, 52494, 5175, -939.06, -45.31, 13.83, 10.36, 80.11
0, 5706762, 54767, 5423, -921.31, -48.69, 13.83, 11.38, 78.18
0, 5712473, 56736, 5611, -903.12, -48.69, 14.96, 8.88, 76.54
0, 5720426, 59516, 5878, -903.12, -52.13, 15.59, 8.88, 74.18
0, 5727962, 62055, 6124, -884.37, -55.13, 15.59, 10.21, 71.85
0, 5736326, 64772, 6415, -865.12, -58.19, 16.04, 10.73, 69.17
0, 5744919, 67383, 6674, -845.06, -58.19, 16.04, 7.63, 66.31
0, 5753384, 69753, 6910, -824.31, -61.06, 11.80, 7.63, 63.40
0, 5759088, 71237, 7054, -824.31, -64.06, 9.20, 9.28, 61.38
0, 5765952, 72923, 7197, -803.00, -66.81, 9.20, 10.22, 58.90
0, 5772729, 74488, 7340, -781.44, -66.81, 7.32, 9.87, 56.40
0, 5782562, 76516, 7533, -759.81, -69.31, 5.87, 9.25, 52.67
0, 5791557, 78205, 7697, -738.50, -71.44, 7.27, 9.25, 49.17
0, 5797870, 79306, 7808, -738.50, -73.31, 7.20, 9.06, 46.67
0, 5805466, 80596, 7936, -719.19, -73.31, 7.20, 9.23, 43.60
0, 5811175, 81541, 8030, -719.19, -75.06, 8.49, 9.23, 41.26
0, 5819036, 82761, 8145, -702.00, -76.69, 8.91, 9.62, 38.00
0, 5825689, 83683, 8233, -686.25, -78.25, 9.34, 9.74, 35.20
0, 5834093, 84616, 8349, -671.44, -78.25, 9.34, 9.76, 31.62
0, 5843508, 85459, 8447, -658.50, -79.75, 10.74, 9.76, 27.55
0, 5850726, 85980, 8505, -658.50, -81.06, 11.04, 9.41, 24.40
0, 5857271, 86371, 8547, -648.56, -82.25, 11.04, 9.57, 21.52
0, 5863252, 86663, 8579, -640.94, -82.25, 10.78, 9.66, 18.87
0, 5871346, 86908, 8605, -640.94, -83.25, 10.56, 9.66, 15.27
0, 5880605, 87043, 8618, -635.06, -83.75, 11.06, 9.72, 11.12
0, 5890218, 87044, 8624, -630.81, -84.25, 10.89, 9.55, 6.79
0, 5896953, 87032, 8627, -628.56, -84.37, 10.66, 9.50, 3.75
0, 5904776, 87020, 8631, -627.87, -84.37, 10.66, 9.50, 0.21
0, 5910476, 87000, 8638, -627.87, -84.44, 10.00, 9.47, -2.37
0, 5917126, 86954, 8654, -627.94, -84.50, 9.98, 9.44, -5.37
0, 5923995, 86859, 8658, -628.12, -84.50, 9.98, 9.37, -8.47
0, 5933595, 86583, 8659, -628.56, -84.62, 10.62, 9.38, -12.79
0, 5943493, 86237, 8675, -629.69, -84.69, 10.79, 9.38, -17.21
0, 5951123, 85947, 8682, -629.69, -84.69, 10.42, 9.49, -20.60
0, 5959638, 85509, 8639, -632.25, -84.81, 10.36, 9.15, -24.35
0, 5966187, 85068, 8593, -635.19, -84.81, 10.36, 10.09, -27.21
0, 5973683, 84452, 8533, -638.81, -84.81, 10.59, 9.61, -30.46
0, 5983487, 83457, 8431, -644.00, -84.25, 10.69, 9.56, -34.65
0, 5993326, 82314, 8322, -651.19, -83.50, 10.70, 9.56, -38.79
0, 6000084, 81435, 8254, -651.19, -82.56, 10.20, 9.19, -41.59
0, 6007115, 80467, 8160, -660.19, -82.56, 10.20, 9.20, -44.46
0, 6013245, 79635, 8055, -670.75, -81.50, 9.76, 9.20, -46.92
0, 6021110, 78513, 7898, -670.75, -80.50, 9.24, 9.86, -50.03
0, 6028145, 77406, 7760, -682.81, -79.06, 8.90, 10.04, -52.76
0, 6036172, 76028, 7606, -695.37, -77.31, 8.42, 9.66, -55.81
0, 6045130, 74349, 7420, -709.12, -77.31, 8.42, 9.19, -59.12
0, 6052986, 72815, 7289, -724.81, -75.56, 8.57, 9.19, -61.95
0, 6058694, 71660, 7210, -724.81, -73.75, 7.72, 9.59, -63.96
0, 6064525, 70455, 7097, -742.44, -73.75, 7.72, 9.44, -65.96
0, 6072384, 68633, 6921, -761.31, -72.19, 7.82, 9.44, -68.59
0, 6081157, 66352, 6741, -761.31, -70.75, 7.77, 10.84, -71.42
0, 6089612, 64060, 6512, -781.06, -68.75, 8.11, 8.42, -74.04
0, 6096375, 62065, 6322, -802.12, -68.75, 11.48, 9.89, -76.07
0, 6104368, 59494, 6046, -823.19, -66.75, 11.48, 9.89, -78.36
0, 6110078, 57663, 5846, -823.19, -64.31, 11.77, 9.38, -79.94
0, 6115831, 55779, 5676, -843.81, -64.31, 11.77, 8.50, -81.47
0, 6123877, 53151, 5415, -863.75, -61.50, 14.34, 9.40, -83.53
0, 6132749, 50169, 5136, -883.00, -58.50, 16.39, 9.40, -85.67
0, 6141531, 46921, 4810, -901.69, -55.75, 14.29, 10.98, -87.65
0, 6147823, 44702, 4599, -901.69, -52.81, 15.56, 9.33, -88.98
0, 6155524, 42095, 4291, -919.81, -52.81, 15.56, 9.33, -90.52
0, 6161237, 40166, 4063, -919.81, -49.50, 9.61, 7.23, -91.59
0, 6168142, 37712, 3793, -937.50, -46.19, 6.21, 9.26, -92.79
0, 6175345, 35134, 3594, -955.37, -46.19, 5.92, 9.59, -93.96
0, 6184197, 31989, 3296, -973.31, -42.44, 5.92, 9.12, -95.25
0, 6193522, 28574, 2987, -991.50, -39.19, 5.64, 9.12, -96.45
0, 6200413, 26023, 2722, -991.50, -36.38, 4.71, 7.85, -97.23
0, 6207184, 23512, 2453, -1010.31, -36.38, 4.71, 9.41, -97.90
0, 6212888, 21407, 2246, -1029.81, -33.44, 9.29, 9.41, -98.39
0, 6220450, 18729, 2002, -1029.81, -30.06, 12.67, 9.90, -98.94
0, 6226670, 16450, 1771, -1050.25, -26.62, 17.34, 9.97, -99.31
0, 6235382, 13259, 1475, -1071.50, -26.62, 17.04, 10.29, -99.70
0, 6244943, 9832, 1138, -1093.44, -23.62, 17.04, 10.29, -99.94
0, 6252877, 6956, 842, -1115.81, -20.50, 19.13, 9.97, -100.00
0, 6258583, 4960, 585, -1115.81, -20.50, 16.67, 8.41, -99.96
0, 6264604, 2739, 344, -1138.31, -17.31, 16.67, 8.41, -99.85
0, 6272867, -265, 58, -1160.44, -14.06, 12.34, 7.49, -99.58
0, 6281340, -3288, -211, -1160.44, -10.25, 7.18, 11.32, -99.16
0, 6288394, -5880, -420, -1182.06, -6.94, 4.73, 9.42, -98.69
0, 6296251, -8771, -733, -1203.06, -6.94, 2.85, 8.08, -98.06
0, 6304369, -11723, -1014, -1223.19, -4.00, 2.85, 8.08, -97.27
0, 6310080, -13841, -1269, -1223.19, -0.94, 6.91, 10.34, -96.64
0, 6317097, -16441, -1514, -1242.56, -0.94, 10.56, 8.83, -95.78
0, 6325564, -19395, -1788, -1261.13, 2.44, 15.36, 9.94, -94.61
0, 6334409, -22683, -2090, -1279.13, 5.94, 15.36, 9.91, -93.24
0, 6343541, -26013, -2432, -1296.88, 8.88, 15.64, 9.91, -91.66
0, 6350330, -28412, -2664, -1296.88, 11.94, 18.66, 9.53, -90.39
0, 6358203, -31094, -3042, -1314.50, 11.94, 18.66, 9.55, -88.81
0, 6365024, -33427, -3269, -1332.31, 15.19, 15.58, 9.55, -87.35
0, 6374219, -36510, -3564, -1350.56, 18.44, 13.42, 12.66, -85.26
0, 6384291, -39862, -3867, -1369.44, 22.25, 12.79, 9.71, -82.79
0, 6394438, -43155, -4127, -1389.00, 25.31, 8.76, 9.71, -80.13
0, 6402245, -45668, -4413, -1409.38, 28.00, 4.55, 10.24, -77.97
0, 6408673, -47760, -4604, -1409.38, 28.00, 3.30, 8.99, -76.11
0, 6414623, -49654, -4824, -1430.38, 30.62, 3.30, 8.99, -74.34
0, 6422363, -52067, -5071, -1452.00, 33.50, 5.57, 8.59, -71.96
0, 6429405, -54233, -5273, -1452.00, 36.50, 9.27, 11.04, -69.71
0, 6437490, -56529, -5498, -1474.06, 39.44, 10.92, 9.78, -67.04
0, 6446378, -59045, -5714, -1496.19, 39.44, 12.78, 9.38, -64.00
0, 6454971, -61497, -5972, -1518.00, 41.88, 12.78, 9.38, -60.97
0, 6461224, -63093, -6141, -1518.00, 44.31, 14.20, 8.11, -58.71
0, 6468153, -64610, -6286, -1539.25, 46.81, 13.49, 10.05, -56.14
0, 6476036, -66141, -6477, -1560.00, 46.81, 12.37, 10.47, -53.16
0, 6485881, -67781, -6704, -1580.00, 49.25, 11.55, 7.51, -49.33
0, 6495847, -69286, -6860, -1598.56, 51.19, 11.55, 12.98, -45.37
0, 6504484, -70524, -6977, -1613.69, 53.44, 10.52, 12.98, -41.85
0, 6510352, -71288, -7057, -1613.69, 55.00, 9.86, 9.59, -39.43
0, 6516062, -71960, -7121, -1626.94, 55.00, 9.86, 10.28, -37.04
0, 6524192, -72778, -7184, -1639.13, 56.31, 10.32, 10.28, -33.60
0, 6533462, -73586, -7239, -1649.94, 57.50, 9.06, 10.93, -29.63
0, 6541296, -74107, -7283, -1649.94, 58.38, 9.32, 9.89, -26.22
0, 6548429, -74467, -7317, -1658.81, 58.38, 9.00, 10.07, -23.10
0, 6557346, -74793, -7348, -1666.19, 59.00, 9.00, 10.07, -19.16
0, 6564379, -74937, -7361, -1671.69, 59.50, 9.09, 9.72, -16.03
0, 6572089, -74942, -7367, -1675.44, 59.88, 9.36, 9.94, -12.58
0, 6579356, -74936, -7368, -1675.44, 60.19, 8.73, 10.39, -9.31
0, 6587145, -74927, -7371, -1677.69, 60.19, 9.73, 9.74, -5.80
0, 6596211, -74909, -7376, -1677.94, 60.25, 9.85, 9.65, -1.70
0, 6604428, -74877, -7381, -1677.88, 60.31, 9.85, 9.65, 2.01
0, 6610127, -74838, -7384, -1677.88, 60.38, 10.08, 9.76, 4.59
0, 6616076, -74764, -7386, -1677.69, 60.38, 9.76, 9.67, 7.28
0, 6624428, -74593, -7385, -1677.44, 60.38, 9.76, 9.67, 11.04
0, 6634007, -74236, -7385, -1676.75, 60.50, 10.10, 9.45, 15.33
0, 6643147, -74145, -7389, -1675.25, 60.50, 9.12, 9.71, 19.40
0, 6649927, -74142, -7389, -1675.25, 60.50, 11.44, 9.08, 22.40
0, 6657598, -74136, -7390, -1672.50, 60.50, 11.00, 10.12, 25.76
0, 6665688, -74128, -7391, -1671.25, 60.56, 11.00, 10.12, 29.28
0, 6674038, -74034, -7386, -1671.13, 60.56, 10.15, 9.82, 32.87
0, 6683558, -73451, -7336, -1671.06, 60.56, 9.91, 9.60, 36.90
0, 6691297, -72826, -7286, -1671.06, 60.56, 8.21, 10.72, 40.13
0, 6699471, -72063, -7222, -1670.31, 60.56, 9.68, 9.96, 43.49
0, 6706482, -71306, -7153, -1665.75, 60.25, 9.68, 9.96, 46.32
0, 6712190, -70651, -7090, -1665.75, 59.63, 9.12, 10.19, 48.59
0, 6718162, -69924, -7017, -1658.94, 59.63, 9.15, 10.07, 50.94
0, 6726176, -68840, -6923, -1650.69, 58.88, 9.88, 9.61, 54.02
0, 6735241, -67440, -6793, -1641.13, 58.00, 9.88, 9.61, 57.42
0, 6744810, -65782, -6631, -1630.44, 56.94, 9.57, 10.38, 60.91
0, 6752622, -64154, -6470, -1617.81, 55.75, 10.48, 9.80, 63.68
0, 6758557, -62722, -6331, -1617.81, 55.75, 10.53, 9.80, 65.72
0, 6764594, -61191, -6178, -1603.31, 54.38, 10.53, 10.02, 67.75
0, 6771763, -59448, -5945, -1585.63, 52.69, 12.17, 10.37, 70.10
0, 6780863, -56998, -5674, -1585.63, 50.63, 13.19, 9.64, 72.98
0, 6789669, -54363, -5394, -1565.75, 48.06, 12.57, 9.06, 75.64
0, 6797528, -51870, -5165, -1545.31, 48.06, 12.69, 9.94, 77.92
0, 6805506, -49313, -4926, -1524.19, 45.38, 12.69, 9.94, 80.13
0, 6811220, -47559, -4761, -1524.19, 42.63, 11.42, 10.29, 81.65
0, 6817411, -45520, -4572, -1502.56, 42.63, 8.63, 10.29, 83.23
0, 6825279, -42750, -4294, -1480.50, 39.94, 8.63, 9.49, 85.15
0, 6834814, -39347, -3935, -1458.50, 37.38, 7.09, 10.11, 87.33
0, 6844672, -35726, -3605, -1436.69, 34.56, 2.85, 7.77, 89.41
0, 6852500, -32981, -3341, -1415.44, 31.31, 4.56, 10.07, 90.94
0, 6858418, -30929, -3147, -1415.44, 31.31, 4.56, 10.07, 92.02
0, 6864287, -28812, -2938, -1394.88, 28.00, 8.78, 10.22, 93.03
0, 6870949, -26375, -2700, -1394.88, 24.94, 12.13, 8.87, 94.09
0, 6878011, -23849, -2429, -1375.13, 24.94, 14.44, 10.11, 95.13
0, 6887268, -20519, -2053, -1356.06, 21.87, 16.99, 10.40, 96.33
0, 6897287, -16788, -1651, -1337.75, 18.62, 16.21, 10.40, 97.45
0, 6905520, -13775, -1378, -1319.75, 15.31, 16.21, 8.26, 98.22
0, 6911230, -11844, -1204, -1319.75, 15.31, 17.68, 11.24, 98.67
0, 6917493, -9521, -981, -1302.06, 11.75, 14.23, 11.24, 99.09
0, 6925546, -6614, -696, -1284.38, 8.25, 14.23, 9.87, 99.51
0, 6934948, -3138, -324, -1266.44, 5.25, 11.35, 9.33, 99.84
0, 6944656, 389, -6, -1248.00, 2.25, 6.78, 9.71, 99.99
0, 6952492, 3222, 276, -1228.94, -1.00, 2.41, 8.57, 99.97
0, 6958210, 5319, 473, -1228.94, -1.00, 2.41, 8.57, 99.88
0, 6964152, 7480, 685, -1209.13, -4.37, 4.22, 11.80, 99.71
0, 6970470, 9808, 916, -1209.13, -4.37, 10.94, 7.85, 99.45
0, 6977652, 12427, 1175, -1188.44, -7.31, 12.72, 9.70, 99.06
0, 6987188, 15713, 1532, -1166.94, -10.69, 15.29, 10.01, 98.38
0, 6996831, 19231, 1890, -1144.81, -14.00, 16.34, 10.01, 97.51
0, 7004684, 22101, 2160, -1122.50, -17.25, 16.34, 7.24, 96.66
0, 7010389, 24185, 2378, -1122.50, -17.25, 16.94, 10.02, 95.96
0, 7016235, 26349, 2584, -1100.06, -20.62, 16.94, 10.02, 95.19
0, 7023360, 28898, 2835, -1438.00, -24.06, 17.32, 9.62, 94.15
0, 7031648, 31931, 3141, -1438.00, -27.12, 12.93, 9.32, 92.82
0, 7040277, 35107, 3469, -1416.50, -30.37, 9.03, 10.33, 91.30
0, 7049283, 38405, 3758, -1395.81, -30.37, 6.52, 9.85, 89.56
0, 7056444, 40945, 3996, -1376.00, -33.69, 6.52, 9.85, 88.07
0, 7062151, 43029, 4210, -1376.00, -37.06, 2.20, 8.22, 86.82
0, 7068180, 45268, 4438, -1357.00, -37.06, 6.26, 8.22, 85.44
0, 7076385, 48261, 4722, -1338.63, -40.00, 9.42, 9.56, 83.45
0, 7086069, 51467, 5078, -1320.63, -43.50, 13.10, 9.17, 80.96
0, 7095773, 54586, 5403, -1302.94, -46.88, 13.10, 11.55, 78.31
0, 7104111, 57439, 5671, -1285.06, -49.94, 14.92, 9.33, 75.91
0, 7110032, 59489, 5875, -1285.06, -49.94, 15.26, 9.33, 74.14
0, 7116151, 61550, 6072, -1266.88, -53.06, 15.26, 9.02, 72.25
0, 7122832, 63733, 6295, -1248.31, -56.00, 15.61, 10.77, 70.13
0, 7131511, 66432, 6575, -1248.31, -58.88, 16.41, 7.79, 67.28
0, 7139897, 68854, 6816, -1229.19, -58.88, 12.19, 10.36, 64.43
0, 7149619, 71387, 7069, -1209.38, -61.81, 9.41, 10.12, 61.00
0, 7156734, 73137, 7215, -1188.94, -64.44, 9.41, 10.12, 58.42
0, 7162449, 74483, 7339, -1167.88, -64.44, 7.06, 9.76, 56.31
0, 7168582, 75827, 7473, -1167.88, -66.81, 6.50, 9.76, 53.99
0, 7176712, 77489, 7627, -1146.56, -68.69, 7.30, 9.21, 50.86
0, 7186503, 79357, 7814, -1125.00, -70.62, 6.96, 9.33, 47.00
0, 7196619, 81232, 8000, -1104.13, -72.31, 8.48, 9.53, 42.92
0, 7204791, 82673, 8136, -1085.19, -74.06, 8.48, 9.17, 39.55
0, 7210606, 83617, 8226, -1085.19, -74.06, 8.54, 9.17, 37.12
0, 7216534, 84427, 8323, -1067.50, -75.75, 8.54, 9.54, 34.62
0, 7223218, 85185, 8415, -1050.69, -77.25, 9.53, 9.49, 31.77
0, 7232464, 86072, 8514, -1035.81, -78.69, 11.10, 10.19, 27.78
0, 7240318, 86724, 8584, -1035.81, -78.69, 10.80, 9.76, 24.35
0, 7250041, 87333, 8649, -1024.56, -79.87, 10.55, 9.76, 20.06
0, 7257116, 87661, 8683, -1015.75, -80.69, 10.55, 9.88, 16.92
0, 7262827, 87871, 8703, -1008.56, -80.69, 11.15, 9.65, 14.37
0, 7268955, 88042, 8720, -1008.56, -81.37, 10.56, 9.65, 11.62
0, 7277352, 88136, 8727, -1003.31, -81.81, 10.85, 9.48, 7.84
0, 7287054, 88129, 8730, -999.69, -82.12, 11.06, 9.71, 3.46
0, 7297173, 88110, 8736, -997.50, -82.19, 10.24, 9.67, -1.11
0, 7305042, 88082, 8742, -997.06, -82.25, 10.24, 9.50, -4.67
0, 7311003, 88035, 8750, -997.06, -82.25, 9.85, 9.50, -7.36
0, 7316924, 87929, 8754, -997.19, -82.31, 9.85, 9.30, -10.03
0, 7323586, 87736, 8754, -997.37, -82.37, 10.09, 9.50, -13.02
0, 7332824, 87366, 8779, -998.06, -82.44, 11.18, 9.46, -17.15
0, 7340662, 87047, 8794, -998.06, -82.44, 10.89, 8.51, -20.63
0, 7350482, 86578, 8751, -1000.06, -82.50, 10.86, 8.51, -24.95
0, 7357484, 86155, 8709, -1003.37, -82.87, 10.86, 11.14, -28.01
0, 7364481, 85595, 8650, -1006.94, -82.56, 9.89, 9.82, -31.03
0, 7370687, 84967, 8585, -1006.94, -82.56, 10.61, 9.83, -33.69
0, 7379125, 83967, 8486, -1011.25, -82.00, 11.33, 9.61, -37.25
0, 7388044, 82786, 8364, -1017.25, -81.12, 10.65, 9.61, -40.96
0, 7397776, 81384, 8250, -1025.88, -80.06, 10.45, 9.59, -44.94
0, 7405906, 80158, 8125, -1036.81, -78.81, 10.45, 9.22, -48.19
0, 7411616, 79311, 8011, -1036.81, -78.81, 9.03, 9.22, -50.44
0, 7417754, 78336, 7878, -1049.25, -77.69, 9.03, 9.66, -52.81
0, 7425030, 77095, 7723, -1062.94, -76.25, 9.26, 10.20, -55.58
0, 7434443, 75366, 7532, -1077.06, -74.37, 8.52, 9.79, -59.07
0, 7444221, 73460, 7332, -1092.50, -72.50, 8.21, 10.16, -62.58
0, 7453374, 71616, 7208, -1109.56, -72.50, 7.08, 9.06, -65.75
0, 7459339, 70383, 7090, -1109.56, -70.69, 7.08, 9.06, -67.76
0, 7465044, 69070, 6959, -1128.06, -69.06, 8.12, 8.50, -69.63
0, 7471184, 67492, 6832, -1128.06, -69.06, 7.88, 9.55, -71.60
0, 7480093, 65055, 6609, -1147.25, -67.62, 6.98, 9.09, -74.35
0, 7490035, 62129, 6326, -1167.13, -65.62, 9.38, 10.58, -77.28
0, 7500033, 58854, 5981, -1188.00, -63.56, 11.08, 10.58, -80.07
0, 7508196, 56150, 5709, -1208.44, -61.06, 11.08, 10.79, -82.23
0, 7515402, 53738, 5476, -1228.19, -58.13, 14.47, 8.26, -84.04
0, 7521364, 51765, 5275, -1228.19, -58.13, 15.94, 10.09, -85.47
0, 7531535, 48057, 4919, -1247.19, -55.13, 16.28, 9.75, -87.76
0, 7540955, 44651, 4592, -1265.69, -52.25, 16.13, 8.67, -89.73
0, 7551071, 41192, 4180, -1283.81, -49.25, 12.92, 8.67, -91.65
0, 7558020, 38770, 3911, -1301.50, -45.88, 12.92, 9.76, -92.86
0, 7563933, 36619, 3681, -1319.19, -45.88, 7.81, 10.53, -93.82
0, 7569996, 34425, 3535, -1319.19, -42.44, 5.60, 10.53, -94.74
0, 7578334, 31373, 3247, -1337.25, -38.75, 3.47, 8.60, -95.87
0, 7588049, 27803, 2902, -1355.63, -35.63, 5.01, 10.59, -97.03
0, 7597851, 24228, 2541, -1374.56, -32.69, 7.88, 8.46, -98.01
0, 7605941, 21267, 2221, -1394.31, -29.62, 7.88, 10.01, -98.67
0, 7611844, 19076, 2027, -1394.31, -29.62, 11.90, 10.01, -99.07
0, 7619034, 16458, 1775, -1414.94, -26.31, 15.43, 8.90, -99.46
0, 7626460, 13696, 1515, -1436.38, -22.87, 15.43, 11.91, -99.75
0, 7636653, 10021, 1135, -1458.50, -19.87, 15.91, 10.88, -99.97
0, 7647573, 6077, 721, -1481.00, -16.69, 12.81, 8.73, -99.97
0, 7655435, 3190, 387, -1503.44, -13.50, 12.81, 8.89, -99.82
0, 7661142, 1091, 183, -1503.44, -13.50, 14.25, 8.89, -99.63
0, 7666857, -930, 21, -1525.56, -10.00, 14.25, 9.47, -99.37
0, 7673219, -3253, -210, -1547.06, -10.00, 9.73, 9.88, -99.01
0, 7681842, -6437, -480, -1547.06, -6.19, 4.29, 8.19, -98.39
0, 7691435, -9969, -855, -1567.75, -3.12, 3.22, 9.99, -97.52
0, 7701082, -13470, -1232, -1587.69, -0.19, 7.19, 9.99, -96.46
0, 7707858, -15986, -1475, -1606.81, 3.00, 7.19, 9.85, -95.61
0, 7713562, -17920, -1645, -1625.19, 3.00, 11.04, 9.19, -94.82
0, 7719385, -20095, -1861, -1625.19, 6.37, 13.77, 9.19, -93.95
0, 7726921, -22884, -2114, -1643.13, 9.75, 14.35, 10.29, -92.73
0, 7737208, -26579, -2497, -1660.81, 12.75, 16.94, 10.17, -90.89
0, 7748155, -30331, -2913, -1678.56, 15.94, 15.04, 9.66, -88.71
0, 7757458, -33472, -3275, -1696.44, 19.12, 15.04, 10.17, -86.69
0, 7764501, -35817, -3517, -1714.75, 19.12, 14.11, 8.83, -85.06
0, 7771749, -38224, -3699, -1714.75, 22.50, 11.81, 11.40, -83.29
0, 7782389, -41635, -4012, -1753.56, 26.19, 6.59, 9.45, -80.54
0, 7791515, -44500, -4269, -1753.56, 29.06, 4.77, 9.21, -78.02
0, 7801204, -47574, -4589, -1774.13, 31.81, 5.67, 9.21, -75.21
0, 7807973, -49711, -4830, -1795.31, 34.19, 5.67, 9.01, -73.16
0, 7813681, -51476, -5020, -1817.06, 34.19, 6.13, 9.01, -71.37
0, 7819629, -53291, -5183, -1817.06, 37.19, 8.11, 11.80, -69.46
0, 7827654, -55602, -5403, -1839.13, 40.06, 10.29, 10.61, -66.81
0, 7838596, -58611, -5677, -1861.25, 42.94, 11.58, 8.80, -63.04
0, 7849541, -61684, -5993, -1883.00, 45.31, 11.94, 10.55, -59.13
0, 7858109, -63733, -6195, -1904.13, 47.69, 11.94, 9.79, -55.96
0, 7865150, -65174, -6346, -1924.63, 47.69, 14.17, 9.87, -53.29
0, 7872651, -66478, -6539, -1944.50, 50.19, 12.69, 10.24, -50.39
0, 7883004, -68050, -6727, -1963.75, 52.50, 10.94, 8.29, -46.29
0, 7893273, -69449, -6875, -1980.19, 54.44, 10.10, 9.31, -42.13
0, 7903964, -70814, -7007, -1993.50, 56.63, 10.55, 9.31, -37.70
0, 7911221, -71610, -7090, -1993.50, 58.00, 10.09, 9.83, -34.64
0, 7918254, -72232, -7139, -2005.31, 59.19, 10.09, 10.28, -31.64
0, 7926060, -72799, -7184, -2016.31, 60.31, 8.83, 11.06, -28.27
0, 7936702, -73431, -7228, -2025.94, 61.19, 9.12, 9.70, -23.62
0, 7945955, -73755, -7251, -2033.25, 61.69, 9.12, 10.12, -19.54
0, 7955968, -73837, -7259, -2039.06, 61.69, 8.94, 9.84, -15.08
0, 7961927, -73833, -7261, -2039.06, 62.06, 8.78, 9.84, -12.41
0, 7967826, -73828, -7263, -2043.38, 62.31, 8.78, 9.85, -9.76
0, 7974944, -73821, -7265, -2045.38, 62.44, 9.08, 9.69, -6.55
0, 7984384, -73807, -7269, -2045.50, 62.44, 9.99, 9.67, -2.29
0, 7993487, -73777, -7276, -2045.44, 62.44, 9.95, 9.88, 1.83
0, 8003108, -73688, -7283, -2045.31, 62.50, 10.01, 9.88, 6.18
0, 8008812, -73593, -7282, -2045.31, 62.50, 10.01, 9.72, 8.75
0, 8014730, -73418, -7282, -2045.13, 62.50, 9.92, 9.72, 11.41
0, 8020655, -73199, -7282, -2045.13, 62.63, 9.65, 10.02, 14.07
0, 8027227, -73063, -7290, -2044.56, 62.75, 9.24, 9.70, 17.00
0, 8035946, -73059, -7290, -2043.13, 62.81, 9.24, 9.51, 20.87
0, 8045068, -73052, -7290, -2040.38, 62.81, 11.70, 9.88, 24.89
0, 8054016, -73044, -7291, -2038.94, 62.81, 9.88, 9.88, 28.79
0, 8059725, -73035, -7293, -2038.94, 62.88, 10.15, 9.65, 31.25
0, 8065436, -72875, -7286, -2038.88, 62.88, 10.15, 9.68, 33.69
0, 8072011, -72505, -7255, -2038.88, 62.88, 9.93, 10.67, 36.48
0, 8081138, -71793, -7193, -2038.81, 62.88, 8.10, 10.67, 40.29
0, 8090637, -70893, -7112, -2038.50, 62.81, 9.12, 10.02, 44.18
0, 8099590, -69962, -7019, -2035.25, 62.31, 8.99, 10.03, 47.77
0, 8106847, -69105, -6946, -2029.00, 62.31, 8.99, 9.85, 50.63
0, 8112723, -68314, -6874, -2021.19, 61.63, 9.95, 9.85, 52.90
0, 8118487, -67463, -6795, -2021.19, 60.81, 9.95, 9.36, 55.10
0, 8124660, -66476, -6699, -2012.44, 60.81, 9.46, 10.49, 57.41
0, 8134017, -64739, -6531, -2002.06, 59.88, 10.05, 10.04, 60.82
0, 8145096, -62209, -6283, -1989.75, 57.44, 10.40, 10.67, 64.72
0, 8155977, -59628, -5966, -1975.25, 57.44, 11.63, 10.66, 68.39
0, 8163058, -57854, -5763, -1975.25, 55.75, 12.87, 10.66, 70.69
0, 8170134, -55818, -5551, -1957.44, 53.81, 13.04, 10.80, 72.92
0, 8178532, -53283, -5296, -1937.94, 51.31, 13.18, 9.20, 75.46
0, 8187152, -50556, -5044, -1917.88, 48.75, 11.57, 9.53, 77.96
0, 8196654, -47647, -4768, -1897.19, 46.00, 9.92, 9.68, 80.58
0, 8205292, -44805, -4505, -1875.81, 46.00, 9.92, 9.68, 82.83
0, 8211185, -42749, -4294, -1875.81, 43.38, 7.01, 8.65, 84.29
0, 8216890, -40733, -4080, -1854.00, 43.38, 7.01, 11.51, 85.65
0, 8222814, -38571, -3861, -1831.94, 40.81, 4.19, 11.51, 87.01
0, 8231260, -35480, -3581, -1831.94, 38.13, 2.26, 9.44, 88.82
0, 8241191, -32037, -3256, -1809.81, 34.94, 5.00, 8.77, 90.80
0, 8251291, -28466, -2905, -1788.13, 31.56, 12.46, 7.98, 92.62
0, 8258184, -25945, -2658, -1767.06, 28.56, 12.46, 10.57, 93.75
0, 8265264, -23448, -2377, -1746.81, 28.56, 13.24, 10.57, 94.81
0, 8272778, -20766, -2077, -1727.31, 25.50, 16.62, 9.49, 95.84
0, 8281564, -17543, -1725, -1727.31, 22.25, 16.89, 9.04, 96.90
0, 8291068, -14042, -1409, -1708.56, 18.69, 16.47, 8.98, 97.87
0, 8300787, -10644, -1095, -1690.31, 15.13, 13.19, 7.86, 98.68
0, 8307573, -8156, -844, -1672.50, 15.13, 13.19, 11.48, 99.13
0, 8313483, -5955, -625, -1654.88, 12.19, 11.77, 11.48, 99.44
0, 8319201, -3903, -413, -1654.88, 9.19, 11.77, 11.93, 99.68
0, 8325088, -1767, -194, -1637.00, 9.19, 6.27, 7.41, 99.86
0, 8334546, 1667, 113, -1618.94, 5.94, 4.40, 9.24, 99.99
0, 8344444, 5338, 477, -1600.31, 2.56, 3.27, 10.24, 99.94
0, 8354725, 9152, 864, -1581.00, -0.44, 7.64, 10.24, 99.67
0, 8360432, 11200, 1028, -1581.00, -3.75, 11.80, 9.91, 99.43
0, 8366322, 13244, 1264, -1560.88, -3.75, 11.80, 9.96, 99.11
0, 8372322, 15342, 1500, -1560.88, -7.12, 13.45, 9.96, 98.71
0, 8381436, 18677, 1840, -1539.94, -10.25, 16.29, 9.84, 97.97
0, 8390846, 22119, 2162, -1518.25, -13.69, 16.14, 9.95, 97.03
0, 8398857, 25051, 2457, -1496.06, -17.19, 16.69, 9.78, 96.09
0, 8406901, 27977, 2755, -1473.56, -17.19, 16.69, 10.08, 95.02
0, 8412618, 30106, 2967, -1451.25, -20.19, 15.68, 10.08, 94.18
0, 8418500, 32243, 3174, -1451.25, -23.44, 15.68, 11.32, 93.25
0, 8424507, 34463, 3400, -1429.38, -23.44, 12.45, 10.56, 92.24
0, 8434238, 38077, 3731, -1408.19, -26.62, 8.17, 10.70, 90.45
0, 8443815, 41518, 4056, -1387.81, -30.06, 4.22, 10.70, 88.52
0, 8452645, 44786, 4386, -1368.31, -33.06, 4.13, 8.68, 86.59
0, 8458831, 47054, 4598, -1368.31, -33.06, 4.13, 8.87, 85.16
0, 8464787, 49159, 4841, -1349.50, -36.19, 8.48, 8.87, 83.72
0, 8470501, 51064, 5037, -1349.50, -39.63, 11.28, 8.65, 82.28
0, 8477305, 53297, 5247, -1331.31, -43.06, 11.81, 8.79, 80.49
0, 8486404, 56399, 5579, -1313.44, -46.25, 11.81, 8.25, 77.98
0, 8495107, 59501, 5877, -1295.63, -46.25, 14.09, 9.50, 75.46
0, 8505006, 62883, 6209, -1277.63, -49.38, 15.35, 9.50, 72.44
0, 8510715, 64764, 6414, -1277.63, -52.44, 17.76, 11.10, 70.64
0, 8516668, 66622, 6596, -1259.38, -52.44, 17.76, 11.10, 68.71
0, 8522557, 68360, 6766, -1259.38, -55.38, 14.24, 7.43, 66.75
0, 8529678, 70321, 6965, -1240.69, -58.38, 10.34, 9.47, 64.32
0, 8537567, 72354, 7152, -1221.38, -61.06, 7.57, 10.02, 61.55
0, 8546381, 74531, 7343, -1201.38, -61.06, 6.63, 9.38, 58.36
0, 8555415, 76576, 7538, -1180.69, -63.44, 6.63, 9.38, 54.99
0, 8561127, 77793, 7657, -1180.69, -65.44, 7.09, 9.12, 52.82
0, 8566871, 78956, 7775, -1159.63, -65.44, 7.09, 9.12, 50.59
0, 8572903, 80141, 7891, -1138.25, -67.44, 6.46, 9.49, 48.22
0, 8581017, 81722, 8047, -1138.25, -69.25, 8.17, 9.22, 44.97
0, 8588801, 83177, 8184, -1117.06, -71.06, 8.30, 9.29, 41.80
0, 8596820, 84488, 8330, -1097.44, -72.81, 9.60, 9.48, 38.48
0, 8605549, 85662, 8467, -1078.75, -72.81, 9.60, 9.48, 34.81
0, 8611257, 86345, 8544, -1078.75, -74.44, 10.79, 9.47, 32.38
0, 8616969, 86964, 8609, -1061.13, -74.44, 10.79, 9.47, 29.93
0, 8622908, 87523, 8668, -1046.38, -76.00, 10.52, 10.32, 27.35
0, 8629600, 88084, 8723, -1046.38, -77.25, 11.23, 9.87, 24.43
0, 8637404, 88651, 8778, -1034.56, -78.19, 10.93, 9.29, 20.99
0, 8646249, 89131, 8824, -1024.81, -78.19, 11.04, 9.41, 17.07
0, 8655455, 89435, 8853, -1016.94, -78.94, 11.04, 9.41, 12.95
0, 8661163, 89497, 8859, -1016.94, -79.50, 11.11, 9.82, 10.39
0, 8667118, 89488, 8863, -1010.56, -79.50, 11.11, 9.82, 7.71
0, 8673151, 89484, 8863, -1006.19, -79.87, 11.12, 9.74, 4.98
0, 8681324, 89476, 8865, -1006.19, -80.00, 10.78, 9.65, 1.29
0, 8688969, 89457, 8868, -1004.06, -80.00, 9.84, 9.40, -2.17
0, 8697222, 89408, 8873, -1003.94, -80.06, 9.87, 9.60, -5.90
0, 8706386, 89290, 8883, -1004.00, -80.06, 9.87, 9.60, -10.03
0, 8712090, 89158, 8886, -1004.00, -80.12, 9.81, 9.68, -12.59
0, 8718022, 88927, 8892, -1004.19, -80.12, 9.81, 9.68, -15.25
0, 8723869, 88773, 8944, -1004.81, -80.19, 10.62, 9.26, -17.85
0, 8732137, 88589, 8928, -1004.81, -80.25, 10.19, 9.75, -21.52
0, 8739374, 88360, 8910, -1006.19, -80.62, 8.79, 8.70, -24.70
0, 8747059, 88019, 8881, -1009.00, -80.62, 10.35, 9.71, -28.05
0, 8756062, 87419, 8828, -1011.19, -80.62, 10.35, 9.71, -31.94
0, 8761770, 86879, 8780, -1011.19, -80.31, 11.17, 9.37, -34.37
0, 8767574, 86220, 8717, -1013.75, -80.31, 11.17, 9.37, -36.83
0, 8773599, 85432, 8635, -1017.81, -79.87, 11.78, 9.79, -39.34
0, 8781487, 84236, 8512, -1017.81, -79.19, 11.39, 10.18, -42.60
0, 8790442, 82750, 8362, -1024.44, -78.06, 10.88, 9.92, -46.23
0, 8797620, 81527, 8262, -1034.25, -76.56, 9.77, 9.14, -49.08
0, 8806655, 79918, 8095, -1047.00, -76.56, 9.77, 9.14, -52.60
0, 8812358, 78926, 7954, -1047.00, -75.06, 8.80, 9.76, -54.77
0, 8818258, 77818, 7814, -1062.06, -75.06, 8.80, 9.76, -56.98
0, 8824111, 76674, 7677, -1078.13, -73.69, 9.40, 10.05, -59.14
0, 8832154, 75005, 7491, -1078.13, -71.62, 7.46, 9.43, -62.03
0, 8839481, 73431, 7330, -1095.00, -69.50, 7.92, 10.55, -64.60
0, 8847358, 71699, 7214, -1112.56, -67.50, 6.51, 8.60, -67.27
0, 8856531, 69597, 7004, -1131.81, -67.50, 6.51, 8.60, -70.28
0, 8862238, 68125, 6880, -1131.81, -65.69, 7.92, 8.89, -72.10
0, 8868179, 66480, 6753, -1152.19, -65.69, 7.92, 8.89, -73.93
0, 8874229, 64764, 6581, -1172.94, -64.06, 6.62, 8.06, -75.75
0, 8882360, 62239, 6334, -1172.94, -62.00, 8.05, 9.86, -78.10
0, 8889595, 59736, 6067, -1193.63, -59.81, 12.43, 10.07, -80.10
0, 8897818, 56873, 5770, -1213.88, -57.13, 15.21, 9.70, -82.27
0, 8906762, 53740, 5474, -1233.44, -57.13, 15.21, 9.70, -84.50
0, 8912471, 51797, 5277, -1233.44, -53.94, 17.15, 10.05, -85.85
0, 8918687, 49519, 5073, -1252.25, -53.94, 17.15, 10.05, -87.26
0, 8925049, 47196, 4840, -1270.38, -50.81, 17.35, 9.26, -88.63
0, 8933501, 44148, 4545, -1288.31, -47.88, 15.99, 10.35, -90.33
0, 8941104, 41553, 4227, -1288.31, -44.63, 13.85, 9.23, -91.75
0, 8948263, 39050, 3940, -1306.06, -41.25, 8.16, 10.08, -92.99
0, 8957002, 35857, 3626, -1323.81, -41.25, 8.16, 10.08, -94.37
0, 8962712, 33802, 3461, -1323.81, -37.63, 5.44, 9.58, -95.20
0, 8968629, 31620, 3266, -1341.94, -37.63, 5.44, 9.58, -95.98
0, 8974899, 29306, 3062, -1360.56, -34.00, 3.20, 9.48, -96.74
0, 8984199, 25838, 2718, -1379.75, -31.12, 5.54, 6.78, -97.72
0, 8991943, 22983, 2408, -1379.75, -28.19, 7.42, 10.92, -98.40
0, 8999179, 20354, 2146, -1399.75, -25.00, 12.43, 9.30, -98.93
0, 9007378, 17458, 1875, -1420.63, -25.00, 12.43, 9.30, -99.40
0, 9013083, 15369, 1665, -1420.63, -21.62, 14.13, 11.66, -99.65
0, 9019186, 13095, 1459, -1442.25, -21.62, 14.13, 11.66, -99.84
0, 9025530, 10746, 1218, -1464.50, -18.44, 16.38, 10.67, -99.96
0, 9034881, 7389, 885, -1487.00, -15.44, 16.59, 10.25, -99.99
0, 9043773, 4213, 503, -1509.44, -12.19, 13.80, 9.23, -99.85
0, 9051428, 1415, 212, -1509.44, -8.94, 14.29, 9.05, -99.60
0, 9059031, -1308, -3, -1531.38, -8.94, 14.29, 9.05, -99.23
0, 9065197, -3561, -241, -1552.63, -5.31, 8.44, 8.52, -98.84
0, 9070910, -5643, -400, -1552.63, -5.31, 2.65, 12.04, -98.42
0, 9077194, -7947, -655, -1573.00, -1.56, 2.24, 9.58, -97.88
0, 9086830, -11481, -987, -1592.63, 1.31, 4.69, 9.77, -96.89
0, 9095904, -14795, -1354, -1611.56, 4.31, 4.69, 9.77, -95.79
0, 9105694, -18300, -1686, -1629.81, 7.62, 9.93, 8.57, -94.43
0, 9111410, -20415, -1892, -1629.81, 7.62, 11.52, 9.07, -93.55
0, 9117319, -22617, -2086, -1647.69, 11.00, 11.52, 9.07, -92.57
0, 9124014, -25031, -2327, -1665.31, 14.19, 14.43, 10.47, -91.38
0, 9132504, -28040, -2622, -1665.31, 17.25, 16.31, 9.44, -89.76
0, 9141304, -31027, -3030, -1683.13, 20.44, 17.05, 8.86, -87.93
0, 9149814, -33888, -3326, -1701.13, 23.62, 14.84, 6.24, -86.04
0, 9158663, -36838, -3586, -1719.63, 23.62, 14.84, 6.24, -83.93
0, 9165341, -39032, -3782, -1738.81, 27.31, 12.29, 10.78, -82.25
0, 9171729, -41075, -3975, -1738.81, 30.62, 7.58, 9.66, -80.57
0, 9177715, -42954, -4112, -1758.81, 30.62, 5.97, 8.18, -78.94
0, 9187305, -45953, -4445, -1779.56, 33.31, 5.75, 9.11, -76.20
0, 9197265, -49138, -4774, -1441.00, 36.06, 5.47, 11.29, -73.21
0, 9207573, -52323, -5093, -1462.94, 38.44, 5.47, 11.29, -69.96
0, 9213826, -54211, -5270, -1485.00, 41.50, 7.10, 7.86, -67.91
0, 9219625, -55841, -5428, -1485.00, 41.50, 9.96, 7.86, -65.96
0, 9225648, -57489, -5581, -1507.13, 44.50, 9.96, 9.49, -63.89
0, 9234072, -59849, -5802, -1528.75, 47.13, 13.09, 10.03, -60.91
0, 9242358, -62115, -6041, -1528.75, 49.56, 11.36, 11.38, -57.90
0, 9251168, -64100, -6229, -1549.75, 51.88, 14.14, 8.88, -54.61
0, 9259599, -65735, -6418, -1570.06, 51.88, 13.04, 8.88, -51.37
0, 9265930, -66770, -6593, -1589.75, 54.44, 13.04, 10.43, -48.90
0, 9271890, -67650, -6688, -1589.75, 54.44, 11.15, 9.12, -46.53
0, 9278085, -68489, -6782, -1608.88, 56.56, 10.28, 9.39, -44.03
0, 9287801, -69698, -6899, -1626.56, 58.50, 10.08, 10.00, -40.04
0, 9297695, -70853, -7010, -1640.56, 60.50, 10.61, 10.53, -35.91
0, 9307956, -71857, -7112, -1652.38, 61.75, 10.61, 10.53, -31.54
0, 9315038, -72407, -7156, -1662.94, 62.81, 8.93, 8.97, -28.48
0, 9320745, -72772, -7183, -1662.94, 62.81, 9.34, 10.26, -26.00
0, 9328023, -73151, -7210, -1672.69, 63.81, 9.09, 10.05, -22.81
0, 9339224, -73510, -7233, -1681.00, 64.62, 9.20, 10.18, -17.85
0, 9349429, -73562, -7239, -1687.44, 65.12, 8.88, 9.89, -13.29
0, 9358318, -73555, -7242, -1692.13, 65.44, 8.88, 9.89, -9.30
0, 9364024, -73546, -7245, -1695.13, 65.56, 8.70, 9.59, -6.73
0, 9369959, -73536, -7248, -1695.13, 65.56, 10.14, 9.59, -4.05
0, 9375821, -73521, -7251, -1696.00, 65.62, 10.14, 9.91, -1.40
0, 9385803, -73479, -7257, -1695.88, 65.69, 9.94, 9.75, 3.12
0, 9395636, -73382, -7261, -1695.75, 65.75, 9.89, 9.73, 7.56
0, 9405187, -73195, -7261, -1695.56, 65.81, 9.33, 10.00, 11.85
0, 9410899, -72996, -7261, -1695.56, 65.81, 10.04, 10.00, 14.42
0, 9416985, -72800, -7268, -1694.63, 65.81, 10.04, 9.63, 17.13
0, 9422692, -72783, -7268, -1694.63, 65.87, 9.12, 9.70, 19.67
0, 9428781, -72781, -7268, -1693.69, 65.87, 10.24, 10.17, 22.36
0, 9438211, -72776, -7268, -1691.69, 65.87, 9.84, 9.68, 26.50
0, 9447905, -72767, -7269, -1691.44, 66.00, 10.15, 9.84, 30.70
0, 9457987, -72682, -7268, -1691.13, 66.00, 10.15, 9.84, 35.00
0, 9463692, -72417, -7249, -1691.06, 66.00, 9.95, 9.66, 37.41
0, 9469405, -72010, -7213, -1691.06, 66.00, 9.95, 9.66, 39.79
0, 9475395, -71469, -7164, -1690.94, 65.87, 7.45, 10.48, 42.26
0, 9483852, -70619, -7086, -1686.63, 65.44, 8.15, 10.30, 45.69
0, 9492305, -69699, -6996, -1686.63, 64.69, 8.86, 9.75, 49.06
0, 9501116, -68594, -6900, -1679.25, 63.75, 9.70, 9.12, 52.49
0, 9509373, -67405, -6790, -1670.63, 63.75, 9.70, 9.12, 55.63
0, 9515326, -66462, -6698, -1660.88, 62.81, 9.44, 10.37, 57.85
0, 9521038, -65435, -6598, -1660.88, 62.81, 9.89, 10.37, 59.94
0, 9527169, -64153, -6470, -1649.38, 61.56, 10.35, 9.68, 62.13
0, 9536394, -61946, -6259, -1636.00, 60.13, 10.35, 10.22, 65.35
0, 9546189, -59598, -5962, -1619.31, 58.31, 11.73, 10.75, 68.63
0, 9555618, -57152, -5691, -1600.44, 56.13, 12.79, 10.76, 71.67
0, 9561520, -55433, -5513, -1600.44, 56.13, 13.32, 10.76, 73.51
0, 9567500, -53638, -5326, -1581.00, 53.50, 13.32, 8.62, 75.31
0, 9573210, -51840, -5163, -1561.06, 53.50, 13.04, 9.47, 76.99
0, 9580325, -49584, -4950, -1561.06, 50.88, 12.05, 9.93, 79.00
0, 9589382, -46808, -4692, -1540.44, 48.13, 9.92, 10.24, 81.44
0, 9598484, -43716, -4391, -1519.19, 45.56, 7.31, 8.58, 83.76
0, 9608146, -40365, -4044, -1497.38, 43.00, 7.31, 8.58, 86.07
0, 9613852, -38305, -3837, -1475.19, 43.00, 4.51, 9.57, 87.35
0, 9619665, -36149, -3643, -1475.19, 40.13, 2.33, 9.57, 88.60
0, 9625581, -34100, -3456, -1452.94, 36.81, 2.33, 8.32, 89.81
0, 9633710, -31309, -3185, -1431.13, 33.63, 4.08, 11.27, 91.37
0, 9642093, -28287, -2887, -1431.13, 30.62, 11.83, 10.43, 92.84
0, 9651172, -25007, -2570, -1409.94, 30.62, 13.40, 9.45, 94.29
0, 9659839, -21987, -2221, -1389.50, 27.50, 13.40, 9.45, 95.52
0, 9665611, -19829, -1990, -1369.88, 24.31, 16.69, 10.37, 96.26
0, 9671721, -17635, -1737, -1369.88, 24.31, 15.87, 10.37, 96.97
0, 9678091, -15314, -1520, -1350.94, 20.81, 16.52, 9.47, 97.64
0, 9687852, -11827, -1201, -1332.69, 17.31, 15.01, 7.38, 98.49
0, 9697793, -8223, -851, -1314.81, 13.94, 12.68, 11.67, 99.17
0, 9707956, -4525, -474, -1297.13, 11.06, 12.68, 10.28, 99.66
0, 9713671, -2393, -248, -1279.38, 11.06, 5.76, 7.60, 99.84
0, 9719553, -217, -56, -1279.38, 8.00, 5.76, 7.60, 99.95
0, 9725432, 1852, 134, -1261.31, 4.62, 4.47, 9.73, 100.00
0, 9733781, 4932, 432, -1242.88, 1.37, 2.81, 8.21, 99.94
0, 9741622, 7824, 719, -1242.88, 1.37, 6.94, 10.43, 99.76
0, 9751189, 11341, 1044, -1223.69, -1.75, 10.89, 9.36, 99.37
0, 9760102, 14337, 1381, -1203.75, -5.12, 13.09, 9.36, 98.83
0, 9765817, 16399, 1591, -1182.94, -8.31, 13.09, 9.49, 98.41
0, 9771710, 18540, 1829, -1182.94, -8.31, 14.58, 9.49, 97.90
0, 9777547, 20715, 2042, -1161.38, -11.56, 16.25, 9.74, 97.32
0, 9787157, 24209, 2379, -1139.31, -14.94, 17.15, 10.04, 96.23
0, 9796720, 27719, 2733, -1116.81, -18.25, 17.15, 10.86, 94.97
0, 9805579, 30961, 3043, -1094.44, -21.44, 17.45, 9.34, 93.64
0, 9812111, 33353, 3304, -1094.44, -21.44, 11.90, 9.34, 92.56
0, 9817827, 35489, 3510, -1072.44, -24.62, 11.90, 11.95, 91.55
0, 9823536, 37582, 3681, -1072.44, -24.62, 8.49, 10.17, 90.48
0, 9829262, 39609, 3878, -1051.13, -27.94, 4.71, 10.17, 89.35
0, 9838754, 43112, 4220, -1030.56, -31.19, 3.54, 9.39, 87.34
0, 9848522, 46719, 4571, -1010.87, -34.19, 7.22, 9.54, 85.11
0, 9858597, 50245, 4955, -992.00, -37.44, 7.22, 8.70, 82.63
0, 9864303, 52121, 5144, -973.69, -37.44, 10.04, 8.32, 81.15
0, 9870208, 54015, 5332, -973.69, -40.88, 15.46, 8.32, 79.56
0, 9875923, 55917, 5531, -955.69, -44.31, 15.46, 9.25, 77.96
0, 9885071, 59095, 5836, -937.75, -47.38, 14.48, 9.16, 75.31
0, 9894965, 62451, 6165, -919.75, -50.44, 15.32, 10.27, 72.29
0, 9904825, 65634, 6496, -901.62, -53.31, 16.69, 8.46, 69.14
0, 9911623, 67680, 6702, -901.62, -53.31, 14.40, 8.46, 66.88
0, 9917438, 69312, 6866, -883.06, -56.31, 14.40, 8.99, 64.91
0, 9923140, 70824, 7011, -883.06, -56.31, 10.90, 8.99, 62.92
0, 9929288, 72403, 7156, -863.87, -59.19, 7.84, 10.02, 60.74
0, 9938846, 74753, 7363, -843.94, -61.75, 5.77, 9.73, 57.25
0, 9948798, 76951, 7575, -823.44, -64.00, 7.00, 10.22, 53.50
0, 9959097, 79046, 7783, -802.50, -65.94, 7.00, 9.38, 49.51
0, 9964989, 80196, 7897, -781.31, -65.94, 6.52, 8.97, 47.18
0, 9970893, 81317, 8008, -781.31, -67.87, 7.60, 8.97, 44.81
0, 9977051, 82438, 8112, -761.19, -69.69, 7.60, 9.61, 42.30
0, 9986140, 83960, 8261, -742.25, -71.44, 8.21, 9.12, 38.54
0, 9995727, 85233, 8420, -724.44, -73.12, 8.82, 9.33, 34.51
0, 10005490, 86302, 8539, -708.56, -74.62, 10.55, 10.16, 30.33
