********************************************************************************
Obsolete PIO Core v6.1.11 is used (previous was 6.1.14)
Please remove multiple PIO Cores from a system:
https://docs.platformio.org/en/latest/core/installation/troubleshooting.html
********************************************************************************
--- Terminal on /dev/cu.usbmodem14303 | 230400 8-N-1
--- Available filters and text transformations: colorize, debug, default, direct, hexlify, log2file, nocontrol, printable, send_on_enter, time
--- More details at https://bit.ly/pio-monitor-filters
--- Quit: Ctrl+C | Menu: Ctrl+T | Help: Ctrl+T followed by Ctrl+H
start
pain
Waiting for ODrive...
pin
found ODrive
DC voltage: 24.00
Enabling closed loop control...
ODrive running!
end time:10000000
0, 33, 65536, 0, 339.25, 0.88, 12.10, 9.53, 100.00
0, 9133, 372, -20, 339.25, 0.88, 12.09, 9.53, 97.72
0, 15653, 809, -23, 339.31, 0.88, 12.11, 9.53, 93.35
0, 22078, 1159, -54, 339.31, 0.94, 13.24, 10.61, 86.93
0, 29471, 1389, -41, 340.75, 1.06, 13.24, 9.06, 77.11
0, 38614, 1675, -15, 346.50, 1.37, 11.87, 8.59, 61.82
0, 48498, 1912, 11, 351.31, 1.19, 11.02, 10.18, 42.13
0, 58636, 1973, 18, 354.37, 0.88, 10.97, 8.83, 19.62
0, 65666, 1952, 24, 354.37, 0.88, 11.86, 8.83, 3.28
0, 71621, 1927, 30, 357.12, 0.75, 11.86, 9.54, -10.65
0, 77538, 1874, 34, 358.37, 0.75, 11.61, 9.20, -24.28
0, 84423, 1756, 36, 358.37, 0.69, 11.68, 10.22, -39.54
0, 93026, 1502, 42, 358.31, 0.56, 11.86, 10.22, -57.12
0, 102320, 1094, 61, 357.75, 0.50, 11.16, 9.89, -73.50
0, 111839, 792, 65, 356.25, 0.44, 11.16, 9.53, -86.67
0, 117786, 649, 55, 353.19, 0.44, 11.72, 9.33, -92.76
0, 123489, 444, 37, 353.19, 0.31, 12.50, 9.33, -96.91
0, 129362, 232, 18, 349.00, 0.31, 12.50, 10.01, -99.38
0, 138095, -49, -7, 346.37, 0.56, 11.26, 9.85, -99.57
0, 147630, -328, -32, 343.19, 0.81, 12.19, 9.75, -95.05
0, 156533, -578, -56, 339.87, 0.81, 11.90, 9.75, -86.55
0, 164608, -646, -63, 339.87, 1.06, 12.25, 9.75, -75.59
0, 170315, -641, -64, 337.00, 1.31, 12.25, 9.84, -66.19
0, 176204, -636, -65, 334.19, 1.31, 13.18, 9.84, -55.26
0, 182290, -630, -66, 334.19, 1.44, 12.46, 9.79, -42.86
0, 191706, -621, -67, 333.12, 1.44, 12.04, 9.78, -22.06
0, 201513, -601, -72, 333.12, 1.50, 12.00, 9.74, 0.73
0, 211074, -542, -75, 333.25, 1.50, 12.00, 9.73, 22.92
0, 217258, -452, -76, 333.37, 1.50, 11.90, 9.73, 36.73
0, 223197, -308, -77, 333.37, 1.56, 12.43, 9.92, 49.27
0, 228906, -108, -80, 333.62, 1.56, 12.43, 9.69, 60.43
0, 236628, 218, -87, 334.50, 1.56, 12.84, 9.86, 73.77
0, 244752, 427, -121, 334.50, 1.56, 12.40, 10.32, 85.21
0, 254650, 674, -111, 336.81, 1.62, 10.94, 9.58, 94.96
0, 264150, 955, -86, 340.56, 1.94, 11.59, 9.58, 99.53
0, 270039, 1106, -70, 343.37, 1.94, 11.59, 9.70, 99.91
0, 275808, 1242, -57, 343.37, 1.94, 12.49, 9.70, 98.45
0, 281896, 1434, -39, 345.81, 1.75, 11.54, 9.54, 94.95
0, 291438, 1821, -3, 348.62, 1.50, 12.47, 9.97, 85.63
0, 300407, 2125, 32, 351.12, 1.25, 12.09, 9.76, 72.98
0, 309819, 2318, 50, 354.31, 0.88, 12.09, 9.72, 56.27
0, 316583, 2432, 61, 354.31, 0.88, 11.26, 9.72, 42.52
0, 322286, 2494, 67, 358.25, 0.56, 11.26, 9.89, 30.09
0, 328192, 2513, 69, 360.87, 0.56, 11.88, 9.74, 16.66
0, 334969, 2494, 76, 360.87, 0.44, 11.64, 9.78, 0.86
0, 344628, 2447, 79, 362.69, 0.31, 11.59, 9.78, -21.59
0, 354465, 2315, 81, 363.69, 0.25, 11.76, 10.19, -43.32
0, 363285, 2082, 84, 363.62, 0.19, 11.83, 9.77, -60.88
0, 368997, 1832, 90, 363.12, 0.19, 11.83, 9.83, -70.92
0, 374711, 1483, 110, 363.12, 0.13, 11.28, 9.83, -79.69
0, 380458, 1197, 105, 361.81, 0.06, 11.28, 9.72, -87.08
0, 388652, 876, 77, 359.00, -0.06, 11.52, 10.53, -94.86
0, 397749, 495, 43, 353.94, -0.06, 11.94, 9.53, -99.41
0, 407325, 60, 4, 349.37, 0.00, 12.04, 9.95, -99.34
0, 415237, -205, -20, 349.37, 0.31, 11.48, 9.95, -95.52
0, 420953, -403, -39, 345.56, 0.31, 11.48, 9.83, -90.71
0, 426783, -555, -54, 341.06, 0.69, 12.55, 9.83, -84.14
0, 432497, -614, -60, 341.06, 1.00, 12.19, 9.80, -76.17
0, 441218, -611, -61, 337.50, 1.25, 13.34, 9.91, -61.45
0, 450565, -603, -62, 334.50, 1.44, 12.34, 9.66, -42.85
0, 460245, -591, -64, 333.44, 1.44, 12.34, 9.71, -21.44
0, 467326, -572, -69, 333.50, 1.44, 12.08, 9.71, -5.02
0, 473031, -551, -71, 333.50, 1.50, 12.04, 9.75, 8.33
0, 478958, -496, -73, 333.56, 1.50, 12.04, 9.87, 22.04
0, 486722, -372, -74, 333.75, 1.50, 11.92, 9.87, 39.31
0, 495233, -152, -76, 333.75, 1.56, 12.45, 9.69, 56.74
0, 504183, 189, -81, 334.12, 1.56, 12.96, 9.88, 72.63
0, 511932, 407, -113, 335.37, 1.56, 11.76, 9.82, 83.85
0, 518919, 580, -120, 337.69, 1.56, 11.76, 9.82, 91.61
0, 524631, 733, -107, 337.69, 1.62, 11.26, 9.82, 96.14
0, 530594, 919, -90, 341.19, 1.87, 11.26, 9.21, 99.03
0, 538462, 1129, -67, 343.87, 1.87, 12.01, 9.97, 99.90
0, 548179, 1405, -42, 346.44, 1.94, 12.19, 9.63, 96.31
0, 558115, 1812, -4, 349.31, 1.62, 11.51, 9.82, 87.50
0, 566167, 2105, 29, 349.31, 1.37, 12.19, 9.82, 76.87
0, 572106, 2241, 44, 351.87, 1.12, 12.19, 9.71, 67.26
0, 577809, 2354, 54, 355.50, 1.12, 11.68, 9.71, 56.81
0, 584561, 2468, 65, 355.50, 0.75, 11.29, 9.64, 43.14
0, 592555, 2555, 74, 359.31, 0.50, 11.78, 9.89, 25.59
0, 601325, 2568, 78, 361.69, 0.31, 11.68, 9.71, 5.34
0, 611402, 2532, 85, 363.37, 0.19, 11.68, 9.76, -18.16
0, 618495, 2462, 85, 364.31, 0.19, 11.68, 9.76, -34.17
0, 624205, 2332, 87, 364.31, 0.19, 11.81, 9.60, -46.40
0, 630068, 2148, 90, 364.25, 0.19, 11.81, 9.79, -58.09
0, 638177, 1774, 104, 363.81, 0.13, 11.64, 9.57, -72.41
0, 646862, 1322, 112, 361.94, 0.06, 11.24, 9.57, -84.85
0, 655433, 1006, 89, 361.94, 0.00, 11.73, 9.57, -93.70
0, 664367, 662, 58, 358.37, -0.13, 11.72, 9.87, -98.91
0, 670511, 361, 31, 353.37, -0.13, 11.72, 9.89, -100.00
0, 676467, 90, 7, 353.37, 0.00, 11.60, 9.89, -99.08
0, 682469, -125, -13, 349.50, 0.25, 11.52, 9.69, -96.21
0, 690467, -390, -38, 345.69, 0.62, 11.52, 9.88, -89.44
0, 699082, -588, -57, 341.12, 0.62, 12.71, 9.75, -78.67
0, 708949, -613, -61, 337.56, 1.00, 12.39, 9.84, -62.44
0, 717134, -605, -62, 334.56, 1.25, 13.16, 9.84, -46.41
0, 722843, -595, -64, 334.56, 1.37, 13.16, 9.86, -34.19
0, 728867, -586, -65, 333.44, 1.37, 12.32, 9.86, -20.63
0, 735801, -572, -69, 333.44, 1.44, 12.05, 9.80, -4.54
0, 745303, -529, -72, 333.50, 1.44, 12.02, 9.79, 17.62
0, 754390, -415, -74, 333.62, 1.50, 12.14, 9.77, 38.01
0, 761379, -254, -75, 333.81, 1.50, 12.14, 9.76, 52.58
0, 769145, 41, -79, 334.19, 1.50, 12.43, 9.76, 67.10
0, 774997, 272, -86, 334.19, 1.56, 13.12, 9.58, 76.60
0, 781198, 433, -119, 335.37, 1.56, 11.16, 10.01, 85.10
0, 789953, 657, -114, 338.00, 1.56, 11.16, 10.62, 94.01
0, 799282, 930, -88, 341.69, 1.62, 12.20, 9.97, 99.16
0, 809187, 1183, -62, 344.37, 1.94, 12.38, 9.97, 99.47
0, 817591, 1437, -39, 347.00, 1.87, 11.88, 9.70, 95.55
0, 823309, 1662, -17, 347.00, 1.87, 11.88, 9.62, 90.76
0, 829446, 1923, 8, 349.75, 1.62, 11.75, 9.62, 83.81
0, 836473, 2132, 33, 349.75, 1.37, 12.07, 10.00, 73.74
0, 844784, 2296, 49, 352.37, 1.06, 11.47, 9.51, 59.28
0, 852164, 2421, 60, 356.06, 0.75, 11.47, 10.03, 44.54
0, 860963, 2517, 69, 359.62, 0.75, 11.47, 9.72, 25.28
0, 869305, 2529, 74, 361.69, 0.50, 11.96, 9.72, 6.02
0, 875002, 2506, 79, 361.69, 0.37, 11.67, 9.80, -7.32
0, 881223, 2460, 82, 363.25, 0.37, 11.67, 9.50, -21.72
0, 889504, 2335, 83, 364.00, 0.25, 11.71, 10.15, -40.13
0, 899029, 2098, 87, 363.81, 0.19, 11.75, 10.15, -59.40
0, 907730, 1711, 102, 362.87, 0.13, 11.39, 9.78, -74.45
0, 914395, 1347, 110, 362.87, 0.06, 11.30, 9.60, -83.92
0, 921352, 1074, 94, 361.06, 0.06, 11.30, 9.60, -91.63
0, 927058, 863, 76, 361.06, 0.00, 11.34, 9.70, -96.15
0, 932912, 622, 55, 357.56, -0.06, 11.88, 10.19, -99.00
0, 940714, 238, 20, 352.62, -0.06, 11.41, 9.80, -99.91
0, 949755, -112, -12, 348.75, 0.06, 11.41, 9.84, -96.81
0, 959195, -429, -41, 344.69, 0.31, 12.08, 9.84, -88.96
0, 966964, -598, -58, 344.69, 0.75, 12.77, 9.79, -79.23
0, 972876, -622, -61, 340.19, 0.75, 12.77, 9.77, -70.04
0, 978724, -616, -62, 336.81, 1.06, 13.16, 9.77, -59.64
0, 985496, -610, -63, 336.81, 1.31, 13.01, 9.79, -46.22
0, 992461, -601, -65, 334.06, 1.44, 12.01, 9.76, -31.20
0, 1001091, -589, -67, 333.37, 1.44, 12.08, 9.75, -11.49
0, 1010114, -559, -72, 333.50, 1.44, 12.08, 9.75, 9.60
0, 1018701, -479, -74, 333.62, 1.50, 12.00, 9.84, 29.29
0, 1024409, -376, -75, 333.62, 1.50, 12.06, 9.84, 41.77
0, 1030298, -211, -77, 333.75, 1.50, 12.06, 9.76, 53.87
0, 1038322, 108, -81, 334.31, 1.56, 12.45, 9.66, 68.66
0, 1046100, 364, -104, 334.31, 1.56, 12.53, 9.78, 80.69
0, 1053495, 534, -122, 335.81, 1.69, 10.81, 10.56, 89.67
0, 1061807, 754, -105, 338.87, 1.69, 10.81, 9.24, 96.54
0, 1069859, 999, -81, 342.37, 2.00, 12.89, 9.24, 99.72
0, 1075566, 1139, -66, 342.37, 1.87, 12.47, 9.83, 99.83
0, 1081534, 1291, -52, 344.75, 1.87, 12.47, 9.51, 98.04
0, 1089689, 1585, -25, 347.44, 1.62, 11.61, 9.51, 92.53
0, 1098920, 1975, 13, 350.19, 1.37, 12.16, 10.01, 82.23
0, 1107065, 2193, 40, 350.19, 1.06, 12.02, 9.72, 69.95
0, 1114494, 2340, 53, 352.87, 0.69, 11.24, 9.65, 56.53
0, 1121500, 2455, 64, 356.75, 0.69, 11.24, 9.65, 42.29
0, 1127211, 2520, 70, 356.75, 0.50, 11.74, 9.81, 29.83
0, 1133125, 2542, 73, 360.12, 0.31, 11.89, 9.71, 16.37
0, 1141259, 2522, 80, 362.19, 0.31, 11.57, 9.81, -2.61
0, 1150675, 2466, 82, 363.69, 0.25, 11.57, 10.09, -24.42
0, 1159789, 2320, 84, 364.12, 0.19, 11.85, 10.09, -44.40
0, 1167505, 2117, 87, 364.12, 0.13, 11.83, 9.85, -59.79
0, 1173565, 1852, 95, 363.81, 0.13, 11.83, 9.71, -70.52
0, 1179810, 1482, 112, 362.94, 0.13, 11.37, 9.71, -80.10
0, 1187122, 1152, 101, 362.94, 0.00, 11.48, 9.73, -89.13
0, 1193450, 914, 80, 360.87, -0.13, 11.66, 10.39, -94.85
0, 1201809, 572, 50, 356.94, -0.13, 11.94, 9.56, -99.20
0, 1211328, 117, 9, 351.81, 0.06, 11.94, 9.56, -99.54
0, 1219605, -182, -18, 348.00, 0.37, 11.44, 9.91, -95.82
0, 1225313, -382, -37, 348.00, 0.37, 12.42, 9.87, -91.15
0, 1231497, -552, -54, 343.75, 0.81, 12.42, 9.87, -84.25
0, 1239816, -623, -60, 339.44, 1.12, 12.50, 9.79, -72.23
0, 1249142, -615, -62, 336.06, 1.37, 13.31, 9.87, -55.53
0, 1256876, -606, -63, 336.06, 1.44, 12.54, 9.66, -39.64
0, 1264577, -595, -65, 333.75, 1.44, 12.03, 9.85, -22.53
0, 1272317, -578, -70, 333.44, 1.44, 12.03, 9.85, -4.59
0, 1278029, -558, -72, 333.56, 1.50, 12.03, 9.83, 8.77
0, 1284627, -493, -73, 333.56, 1.50, 11.93, 9.78, 24.00
0, 1292137, -367, -74, 333.69, 1.50, 12.38, 9.68, 40.62
0, 1301851, -95, -78, 333.87, 1.56, 12.49, 9.89, 60.18
0, 1310924, 245, -86, 334.62, 1.56, 12.49, 9.89, 75.67
0, 1318081, 425, -120, 336.37, 1.56, 11.73, 9.95, 85.52
0, 1324409, 583, -120, 336.37, 1.56, 11.33, 9.95, 92.23
0, 1330460, 750, -105, 339.44, 1.69, 11.33, 9.81, 96.77
0, 1337791, 982, -83, 342.62, 2.00, 12.39, 9.19, 99.65
0, 1346053, 1192, -61, 342.62, 1.87, 12.32, 9.97, 99.39
0, 1354266, 1447, -38, 345.06, 1.62, 11.45, 9.61, 95.46
0, 1362632, 1794, -5, 347.87, 1.62, 12.56, 9.61, 87.83
0, 1371094, 2103, 29, 350.56, 1.37, 12.56, 9.80, 76.69
0, 1376798, 2231, 44, 350.56, 1.06, 11.76, 9.69, 67.46
0, 1382739, 2344, 53, 353.56, 1.06, 11.27, 9.69, 56.57
0, 1390813, 2470, 65, 357.56, 0.69, 11.27, 9.73, 40.06
0, 1400695, 2558, 73, 360.62, 0.50, 11.90, 9.84, 17.98
0, 1410755, 2547, 81, 362.50, 0.37, 11.83, 9.70, -5.48
0, 1417690, 2505, 84, 362.50, 0.25, 11.61, 9.69, -21.56
0, 1424573, 2401, 85, 363.87, 0.25, 11.61, 9.69, -36.95
0, 1430391, 2267, 86, 364.37, 0.19, 11.75, 10.01, -49.23
0, 1437620, 2022, 92, 364.37, 0.13, 11.72, 9.76, -63.19
0, 1443978, 1706, 106, 364.06, 0.13, 11.23, 9.75, -73.99
0, 1452859, 1259, 109, 362.87, 0.06, 11.68, 9.57, -86.29
0, 1462357, 921, 81, 360.31, 0.00, 11.68, 9.57, -95.31
0, 1470106, 623, 55, 355.81, -0.06, 13.19, 9.77, -99.21
0, 1475812, 339, 29, 355.81, -0.06, 11.60, 9.77, -100.00
0, 1481875, 64, 4, 351.25, 0.13, 11.60, 9.96, -98.88
0, 1489885, -213, -21, 347.75, 0.44, 11.28, 9.58, -94.36
0, 1497637, -476, -46, 347.75, 0.81, 12.71, 9.92, -86.83
0, 1506888, -617, -60, 343.56, 1.12, 12.32, 9.79, -74.14
0, 1514778, -617, -62, 339.25, 1.12, 13.19, 9.78, -60.55
0, 1522817, -609, -63, 335.94, 1.37, 13.19, 9.78, -44.58
0, 1528530, -600, -65, 333.75, 1.44, 12.42, 9.83, -32.24
0, 1534236, -591, -66, 333.75, 1.44, 12.03, 9.81, -19.34
0, 1542054, -575, -71, 333.50, 1.50, 12.01, 9.81, -1.16
0, 1551679, -522, -73, 333.56, 1.50, 12.01, 9.74, 21.22
0, 1561128, -387, -74, 333.75, 1.56, 12.03, 9.72, 42.16
0, 1567819, -217, -76, 333.75, 1.56, 12.25, 9.78, 55.79
0, 1574818, 64, -79, 333.94, 1.56, 12.47, 9.78, 68.59
0, 1581705, 329, -93, 334.62, 1.56, 12.47, 9.56, 79.38
0, 1591142, 549, -121, 336.37, 1.62, 11.51, 10.00, 90.79
0, 1600723, 809, -100, 339.75, 1.75, 11.76, 10.98, 97.84
0, 1609291, 1062, -74, 343.06, 2.06, 11.67, 8.89, 100.00
0, 1615626, 1216, -59, 343.06, 2.06, 12.04, 9.61, 99.01
0, 1623722, 1479, -34, 345.50, 1.87, 12.04, 9.61, 94.59
0, 1629432, 1711, -12, 348.25, 1.56, 11.63, 9.65, 89.42
0, 1636410, 1999, 16, 348.25, 1.56, 12.69, 9.99, 80.95
0, 1643199, 2174, 38, 350.87, 1.37, 11.53, 9.53, 70.63
0, 1652916, 2359, 54, 354.00, 1.00, 11.39, 9.53, 52.83
0, 1662707, 2506, 68, 358.00, 0.69, 11.39, 10.05, 32.15
0, 1670082, 2555, 74, 360.81, 0.50, 12.01, 9.82, 15.40
0, 1676370, 2538, 79, 360.81, 0.50, 11.74, 9.82, 0.73
0, 1682606, 2510, 83, 362.62, 0.37, 11.69, 9.73, -13.83
0, 1690762, 2426, 84, 364.00, 0.25, 11.69, 9.55, -32.38
0, 1699460, 2250, 86, 364.25, 0.19, 11.87, 9.99, -50.85
0, 1707653, 1971, 94, 364.25, 0.13, 11.85, 9.83, -66.34
0, 1715248, 1558, 110, 363.75, 0.13, 11.17, 9.83, -78.53
0, 1723012, 1207, 106, 362.50, 0.13, 11.17, 9.51, -88.43
0, 1728725, 993, 88, 359.94, 0.13, 11.63, 8.88, -93.87
0, 1734685, 765, 67, 359.94, 0.00, 12.41, 8.88, -97.75
0, 1742478, 389, 34, 355.31, -0.06, 11.70, 10.60, -99.96
0, 1752037, -34, -5, 350.87, 0.19, 11.70, 9.79, -98.12
0, 1761652, -366, -35, 347.12, 0.50, 11.87, 9.83, -91.34
0, 1768134, -556, -54, 347.12, 0.88, 12.83, 9.79, -84.13
0, 1775545, -628, -61, 342.56, 0.88, 11.86, 9.79, -73.53
0, 1781250, -622, -63, 338.50, 1.19, 11.86, 9.77, -63.85
0, 1789207, -616, -63, 335.19, 1.19, 13.01, 9.76, -48.48
0, 1796226, -607, -65, 335.19, 1.44, 12.02, 9.72, -33.51
0, 1805981, -595, -67, 333.50, 1.50, 12.12, 9.77, -11.30
0, 1814860, -563, -73, 333.50, 1.50, 11.98, 9.77, 9.46
0, 1823472, -482, -74, 333.56, 1.50, 11.98, 9.93, 29.21
0, 1829184, -380, -75, 333.69, 1.50, 12.00, 9.73, 41.70
0, 1836079, -181, -77, 333.69, 1.56, 12.49, 9.73, 55.77
0, 1842852, 89, -80, 334.00, 1.62, 12.69, 9.70, 68.19
0, 1851804, 373, -113, 334.87, 1.62, 12.69, 9.70, 81.92
0, 1860695, 582, -120, 337.12, 1.62, 10.86, 10.77, 92.00
0, 1867154, 756, -105, 337.12, 1.62, 12.48, 8.85, 96.86
0, 1875291, 1010, -79, 340.69, 1.87, 11.64, 8.85, 99.82
0, 1881095, 1155, -64, 343.56, 2.06, 11.64, 9.91, 99.72
0, 1889119, 1386, -43, 345.94, 2.06, 11.66, 9.53, 96.56
0, 1895473, 1632, -20, 345.94, 1.87, 11.99, 10.00, 91.63
0, 1904398, 2005, 17, 348.81, 1.56, 12.53, 10.00, 81.33
0, 1914102, 2248, 45, 351.44, 1.37, 12.53, 9.74, 66.13
0, 1921495, 2396, 57, 354.75, 1.00, 12.03, 9.60, 52.22
0, 1927991, 2499, 68, 354.75, 1.00, 11.76, 9.60, 38.69
0, 1934055, 2558, 74, 358.75, 0.69, 11.88, 9.73, 25.24
0, 1941879, 2565, 78, 361.31, 0.50, 11.88, 9.74, 7.19
0, 1951081, 2535, 84, 363.19, 0.31, 11.69, 9.84, -14.31
0, 1960754, 2442, 85, 364.37, 0.25, 11.73, 10.05, -36.17
0, 1967487, 2296, 86, 364.37, 0.25, 11.92, 9.78, -50.36
0, 1975320, 2019, 92, 364.37, 0.19, 11.75, 9.78, -65.28
0, 1981205, 1718, 106, 364.00, 0.19, 11.75, 9.68, -75.07
0, 1988795, 1303, 111, 362.62, 0.19, 11.52, 9.77, -85.57
0, 1994971, 1060, 93, 362.62, 0.13, 11.86, 9.77, -92.13
0, 2004483, 689, 61, 359.62, 0.00, 12.20, 10.49, -98.45
0, 2014368, 218, 18, 354.69, -0.06, 12.20, 9.68, -99.85
0, 2021516, -67, -8, 350.25, 0.25, 12.00, 9.95, -97.54
0, 2028290, -292, -29, 350.25, 0.25, 12.29, 9.95, -92.83
0, 2034394, -495, -48, 346.37, 0.56, 12.56, 9.86, -86.58
0, 2042272, -614, -60, 341.87, 0.94, 12.56, 9.83, -75.93
0, 2051423, -618, -62, 338.12, 1.25, 11.90, 9.90, -60.35
0, 2061232, -609, -63, 334.94, 1.44, 12.71, 9.68, -40.61
0, 2068058, -596, -65, 334.94, 1.44, 12.02, 9.81, -25.54
0, 2076107, -582, -69, 333.56, 1.50, 12.06, 9.81, -6.97
0, 2082113, -562, -71, 333.56, 1.50, 12.06, 9.83, 7.08
0, 2089930, -488, -74, 333.62, 1.50, 11.95, 9.70, 25.13
0, 2096705, -377, -74, 333.62, 1.56, 12.32, 9.70, 40.10
0, 2106263, -110, -78, 333.81, 1.62, 12.41, 9.70, 59.44
0, 2115171, 226, -85, 334.19, 1.62, 12.41, 9.83, 74.81
0, 2122031, 404, -118, 335.37, 1.62, 12.89, 9.91, 84.46
0, 2128808, 573, -121, 335.37, 1.62, 11.18, 9.91, 91.86
0, 2134697, 732, -107, 337.69, 1.69, 12.53, 9.78, 96.42
0, 2142397, 974, -83, 341.12, 1.87, 12.53, 9.32, 99.61
0, 2151860, 1214, -59, 343.81, 2.06, 11.85, 9.96, 99.11
0, 2161887, 1552, -27, 346.37, 1.87, 11.52, 9.58, 93.29
0, 2168743, 1845, 0, 346.37, 1.87, 12.43, 9.81, 86.33
0, 2176830, 2118, 32, 349.25, 1.56, 12.34, 9.81, 75.28
0, 2183059, 2250, 45, 351.87, 1.25, 12.34, 9.66, 64.91
0, 2191223, 2394, 57, 355.37, 1.25, 11.83, 9.76, 49.27
0, 2198821, 2497, 67, 359.19, 0.88, 11.84, 9.77, 33.09
0, 2208009, 2538, 72, 359.19, 0.56, 11.86, 9.70, 12.18
0, 2216816, 2512, 81, 361.50, 0.44, 11.66, 9.70, -8.41
0, 2224795, 2458, 82, 363.19, 0.37, 11.66, 9.76, -26.78
0, 2230753, 2359, 83, 364.12, 0.37, 11.87, 9.90, -39.92
0, 2237526, 2183, 85, 364.12, 0.31, 11.73, 9.90, -53.90
0, 2244363, 1918, 92, 364.06, 0.25, 11.69, 9.78, -66.64
0, 2253154, 1436, 111, 363.50, 0.19, 11.69, 9.78, -80.48
0, 2262422, 1087, 95, 361.75, 0.06, 11.24, 9.49, -91.37
0, 2269278, 848, 74, 361.75, 0.06, 12.58, 10.26, -96.69
0, 2277157, 508, 45, 358.37, 0.06, 11.59, 10.26, -99.73
0, 2283200, 215, 18, 353.37, 0.31, 11.59, 9.90, -99.77
0, 2291459, -108, -12, 349.69, 0.31, 11.73, 9.71, -96.60
0, 2299016, -364, -35, 346.00, 0.62, 12.59, 9.88, -90.53
0, 2308067, -590, -57, 346.00, 1.00, 12.40, 9.84, -79.57
0, 2317015, -623, -62, 341.44, 1.31, 12.17, 9.84, -65.23
0, 2324965, -615, -63, 337.75, 1.50, 12.17, 9.79, -50.07
0, 2330914, -607, -64, 334.69, 1.50, 12.52, 9.82, -37.56
0, 2337658, -598, -66, 334.69, 1.56, 11.98, 9.82, -22.52
0, 2344474, -584, -69, 333.50, 1.62, 12.04, 9.78, -6.74
0, 2353298, -549, -73, 333.56, 1.62, 12.06, 9.81, 13.87
0, 2362767, -440, -74, 333.69, 1.69, 12.06, 9.80, 35.32
0, 2369543, -296, -75, 333.87, 1.69, 12.31, 9.80, 49.66
0, 2377323, -20, -79, 333.87, 1.69, 12.40, 9.80, 64.57
0, 2383343, 223, -84, 334.25, 1.69, 13.08, 9.59, 74.66
0, 2392151, 453, -123, 335.44, 1.69, 13.08, 9.95, 86.70
0, 2401542, 689, -110, 338.00, 2.00, 11.80, 11.05, 95.48
0, 2410439, 957, -85, 341.69, 2.00, 11.83, 8.84, 99.57
0, 2418302, 1159, -64, 341.69, 2.12, 12.18, 8.84, 99.59
0, 2426022, 1378, -44, 344.25, 1.87, 12.18, 9.65, 96.33
0, 2431745, 1595, -23, 346.81, 1.87, 11.54, 9.62, 91.88
0, 2439061, 1904, 6, 346.81, 1.62, 12.64, 9.62, 83.81
0, 2445160, 2100, 30, 349.62, 1.37, 12.14, 9.95, 75.19
0, 2454241, 2278, 47, 352.25, 1.00, 11.68, 9.49, 59.58
0, 2463320, 2425, 60, 355.81, 0.69, 11.68, 10.04, 41.28
0, 2470100, 2497, 67, 359.50, 0.69, 11.98, 9.69, 26.36
0, 2478176, 2505, 71, 359.50, 0.56, 11.83, 9.69, 7.75
0, 2483889, 2482, 76, 361.62, 0.44, 11.55, 9.66, -5.62
0, 2491935, 2425, 79, 363.19, 0.44, 11.55, 9.66, -24.22
0, 2499543, 2313, 81, 363.94, 0.37, 11.78, 10.09, -41.03
0, 2508465, 2083, 84, 363.94, 0.31, 11.86, 10.09, -59.06
0, 2517188, 1687, 99, 363.75, 0.25, 11.53, 9.75, -74.20
0, 2524077, 1316, 108, 361.94, 0.25, 11.53, 9.56, -84.01
0, 2530850, 1063, 93, 360.12, 0.25, 11.21, 9.56, -91.52
0, 2537838, 813, 71, 360.12, 0.13, 13.04, 8.79, -96.87
0, 2544681, 517, 45, 356.69, 0.13, 11.75, 10.43, -99.59
0, 2553766, 93, 7, 351.69, 0.37, 11.48, 9.85, -99.26
0, 2563316, -239, -24, 347.81, 0.75, 11.48, 9.89, -94.08
0, 2570315, -480, -46, 343.31, 0.75, 12.75, 9.79, -87.29
0, 2578593, -618, -60, 343.31, 1.06, 11.92, 9.79, -76.26
0, 2584302, -624, -62, 338.87, 1.37, 12.94, 9.79, -66.96
0, 2592373, -618, -63, 335.37, 1.37, 12.94, 9.85, -51.81
0, 2600213, -610, -65, 334.62, 1.56, 12.13, 9.78, -35.32
0, 2608811, -597, -66, 334.62, 1.62, 12.12, 9.78, -15.89
0, 2617413, -574, -72, 334.75, 1.62, 12.07, 9.70, 4.19
0, 2624114, -531, -73, 334.81, 1.62, 12.07, 9.77, 19.75
0, 2630887, -431, -74, 334.94, 1.62, 12.04, 9.77, 34.99
0, 2637655, -277, -76, 334.94, 1.69, 12.53, 9.88, 49.34
0, 2644417, -43, -79, 335.12, 1.69, 12.54, 9.69, 62.44
0, 2652269, 264, -88, 336.69, 1.69, 12.54, 9.59, 75.67
0, 2661730, 486, -123, 339.56, 1.75, 12.80, 10.81, 88.19
0, 2669568, 682, -111, 339.56, 1.75, 12.40, 10.81, 95.31
0, 2677542, 923, -89, 343.06, 2.06, 11.76, 8.70, 99.27
0, 2683681, 1091, -71, 345.37, 2.12, 11.76, 9.96, 99.97
0, 2691877, 1299, -51, 348.00, 2.12, 12.52, 9.69, 97.69
0, 2699257, 1563, -26, 348.00, 1.87, 11.81, 9.69, 92.57
0, 2708683, 1955, 12, 350.81, 1.62, 12.56, 10.01, 82.04
0, 2717408, 2186, 39, 353.50, 1.37, 12.09, 9.73, 68.73
0, 2724045, 2308, 49, 357.25, 1.00, 12.09, 9.59, 56.65
0, 2731493, 2419, 59, 360.69, 1.00, 11.42, 9.59, 41.49
0, 2738251, 2486, 66, 360.69, 0.69, 11.90, 9.77, 26.63
0, 2745067, 2494, 69, 362.69, 0.56, 11.72, 9.79, 10.97
0, 2753845, 2467, 77, 364.06, 0.44, 11.58, 9.84, -9.55
0, 2762612, 2405, 78, 364.62, 0.44, 11.58, 9.48, -29.65
0, 2770481, 2263, 80, 364.31, 0.44, 11.84, 9.48, -46.65
0, 2778202, 2030, 84, 364.31, 0.37, 11.80, 9.78, -61.80
0, 2784123, 1752, 94, 363.56, 0.31, 11.80, 9.73, -72.07
0, 2792124, 1300, 108, 361.50, 0.31, 11.40, 9.73, -83.73
0, 2799750, 1022, 90, 357.56, 0.25, 11.29, 9.69, -92.11
0, 2806865, 776, 68, 357.56, 0.13, 12.09, 11.36, -97.29
0, 2815154, 402, 35, 352.50, 0.19, 12.09, 9.53, -99.92
0, 2822124, 93, 7, 349.00, 0.19, 12.05, 9.84, -99.23
0, 2830355, -188, -19, 345.00, 0.44, 11.34, 9.84, -95.02
0, 2836068, -382, -37, 345.00, 0.81, 12.68, 9.80, -90.02
0, 2843754, -572, -56, 340.75, 0.81, 12.68, 9.76, -80.76
0, 2852067, -613, -61, 337.44, 1.12, 11.82, 9.88, -67.83
0, 2862091, -606, -62, 334.87, 1.37, 13.16, 9.70, -48.87
0, 2870217, -594, -64, 334.87, 1.56, 11.96, 9.70, -31.49
0, 2877986, -581, -66, 334.37, 1.62, 12.10, 9.90, -13.79
0, 2884295, -563, -70, 334.50, 1.62, 12.11, 9.88, 0.94
0, 2892473, -510, -72, 334.62, 1.62, 12.11, 9.88, 19.96
0, 2900435, -402, -73, 334.81, 1.62, 11.99, 9.81, 37.78
0, 2907478, -238, -75, 334.81, 1.69, 12.44, 9.74, 52.47
0, 2914726, 30, -78, 335.50, 1.69, 12.44, 9.91, 66.10
0, 2922297, 316, -91, 337.06, 1.75, 12.73, 9.91, 78.30
0, 2930287, 498, -122, 340.12, 1.75, 12.41, 9.94, 88.50
0, 2936026, 643, -115, 340.12, 1.81, 12.74, 9.92, 93.94
0, 2943698, 869, -94, 343.50, 1.81, 12.74, 9.30, 98.56
0, 2951927, 1100, -70, 345.87, 2.12, 11.78, 9.99, 99.97
0, 2961127, 1341, -47, 348.62, 2.12, 12.43, 9.99, 97.18
0, 2967782, 1588, -24, 348.62, 1.87, 11.56, 9.58, 92.34
0, 2974340, 1863, 2, 351.31, 1.87, 12.36, 9.75, 85.38
0, 2982672, 2127, 33, 354.19, 1.62, 12.36, 9.75, 73.66
0, 2990497, 2279, 47, 358.06, 1.31, 11.98, 9.66, 60.11
0, 2996533, 2378, 55, 358.06, 0.94, 11.24, 9.77, 48.24
0, 3004091, 2470, 64, 361.19, 0.94, 11.86, 9.80, 32.07
0, 3012965, 2501, 68, 363.00, 0.69, 11.86, 9.80, 11.83
0, 3021143, 2474, 77, 364.31, 0.56, 11.68, 9.77, -7.29
0, 3028735, 2425, 78, 364.31, 0.50, 11.61, 9.65, -24.81
0, 3035038, 2330, 80, 364.69, 0.50, 11.80, 9.97, -38.79
0, 3043083, 2132, 82, 364.31, 0.44, 11.80, 9.97, -55.37
0, 3051383, 1789, 93, 363.25, 0.37, 11.77, 9.76, -70.41
0, 3059119, 1361, 109, 363.25, 0.31, 11.31, 9.74, -82.06
0, 3065888, 1110, 98, 360.87, 0.31, 11.74, 9.53, -90.05
0, 3073255, 852, 74, 356.56, 0.25, 11.74, 9.53, -96.18
0, 3081629, 501, 44, 352.00, 0.13, 11.67, 10.53, -99.67
0, 3088379, 186, 15, 352.00, 0.19, 11.93, 9.94, -99.70
0, 3095262, -78, -9, 348.56, 0.19, 11.43, 9.66, -97.18
0, 3103352, -346, -34, 344.37, 0.50, 11.43, 9.86, -91.00
0, 3112527, -584, -57, 340.25, 0.81, 12.43, 9.86, -80.06
0, 3120254, -624, -62, 340.25, 1.19, 12.06, 9.85, -67.97
0, 3127127, -617, -63, 336.94, 1.44, 13.20, 9.74, -55.33
0, 3134113, -610, -64, 334.69, 1.44, 13.20, 9.74, -41.03
0, 3142058, -599, -66, 334.37, 1.56, 12.64, 9.83, -23.45
0, 3148816, -584, -69, 334.37, 1.62, 12.05, 9.81, -7.83
0, 3155671, -560, -72, 334.44, 1.62, 12.09, 9.84, 8.21
0, 3164493, -474, -74, 334.56, 1.62, 12.09, 9.84, 28.48
0, 3172212, -334, -75, 334.81, 1.69, 12.03, 9.81, 45.25
0, 3178883, -138, -78, 334.81, 1.75, 12.46, 9.79, 58.58
0, 3185537, 133, -81, 335.62, 1.75, 12.99, 9.66, 70.45
0, 3193993, 386, -117, 337.44, 1.75, 12.99, 9.86, 83.03
0, 3202668, 596, -119, 340.75, 1.75, 11.74, 9.86, 92.57
0, 3211914, 854, -96, 343.94, 1.81, 12.01, 10.75, 98.54
0, 3218861, 1056, -75, 343.94, 2.12, 12.24, 8.99, 100.00
0, 3225466, 1215, -59, 346.31, 2.12, 12.16, 9.62, 98.94
0, 3233346, 1465, -35, 349.06, 2.06, 12.16, 9.62, 94.58
0, 3240990, 1773, -7, 351.69, 1.81, 11.52, 9.76, 87.29
0, 3247085, 2012, 19, 351.69, 1.56, 12.21, 9.89, 79.46
0, 3254598, 2184, 38, 354.62, 1.56, 11.77, 9.52, 67.61
0, 3264012, 2345, 52, 358.56, 1.31, 11.77, 9.52, 49.86
0, 3271969, 2449, 62, 361.37, 0.94, 11.23, 10.10, 32.93
0, 3278619, 2484, 66, 361.37, 0.69, 11.82, 9.81, 17.89
0, 3285427, 2466, 72, 363.12, 0.69, 11.61, 9.81, 2.04
0, 3293308, 2433, 76, 364.31, 0.56, 11.61, 9.70, -16.35
0, 3301071, 2357, 77, 364.44, 0.50, 11.68, 9.91, -33.91
0, 3308022, 2222, 79, 364.44, 0.44, 11.75, 9.93, -48.71
0, 3315860, 1958, 83, 364.06, 0.44, 11.61, 9.77, -63.84
0, 3323730, 1539, 103, 362.94, 0.37, 11.61, 9.77, -76.86
0, 3330907, 1209, 104, 362.94, 0.31, 11.10, 9.52, -86.48
0, 3337324, 987, 87, 360.31, 0.25, 11.64, 9.74, -93.03
0, 3344958, 719, 63, 355.56, 0.25, 11.64, 9.56, -98.07
0, 3353377, 328, 28, 351.31, 0.13, 11.76, 9.56, -100.00
0, 3362958, -56, -7, 347.94, 0.25, 11.54, 9.94, -97.49
0, 3369887, -277, -27, 347.94, 0.62, 11.71, 9.90, -92.61
0, 3376526, -492, -47, 343.62, 0.62, 12.09, 9.83, -85.64
0, 3384410, -609, -59, 339.75, 0.94, 12.09, 9.83, -74.71
0, 3392251, -610, -62, 336.56, 1.19, 12.57, 9.80, -61.31
0, 3399003, -603, -62, 336.56, 1.31, 13.13, 9.83, -48.11
0, 3405770, -595, -64, 334.62, 1.31, 12.24, 9.83, -33.67
0, 3415335, -583, -66, 334.50, 1.37, 12.24, 9.83, -11.91
0, 3423153, -557, -71, 334.56, 1.37, 12.04, 9.76, 6.37
0, 3429816, -505, -72, 334.56, 1.37, 11.95, 9.75, 21.80
0, 3436977, -395, -74, 334.69, 1.37, 12.01, 9.81, 37.79
0, 3444614, -206, -76, 335.00, 1.44, 12.01, 9.81, 53.66
0, 3452668, 97, -79, 336.00, 1.50, 12.45, 9.73, 68.53
0, 3460045, 351, -99, 336.00, 1.50, 12.83, 9.61, 80.03
0, 3467337, 513, -122, 338.06, 1.50, 11.13, 10.84, 89.06
0, 3475232, 716, -107, 341.50, 1.56, 11.13, 10.84, 95.90
0, 3482957, 951, -86, 344.44, 1.94, 11.62, 8.64, 99.43
0, 3489862, 1130, -67, 344.44, 1.81, 12.45, 9.97, 99.85
0, 3496452, 1301, -50, 346.81, 1.81, 11.80, 9.63, 97.81
0, 3504322, 1585, -24, 349.69, 1.56, 11.80, 9.63, 92.34
0, 3513994, 1984, 15, 352.19, 1.31, 11.76, 10.00, 81.36
0, 3521209, 2172, 38, 355.44, 1.00, 12.10, 9.73, 70.42
0, 3527689, 2291, 48, 355.44, 1.00, 11.44, 9.53, 58.87
0, 3535934, 2417, 59, 359.37, 0.62, 11.45, 9.53, 42.27
0, 3543993, 2498, 67, 361.94, 0.44, 11.45, 9.72, 24.51
0, 3551868, 2502, 72, 363.56, 0.31, 11.75, 9.74, 6.32
0, 3560015, 2471, 78, 363.56, 0.19, 11.59, 9.74, -12.73
0, 3567669, 2410, 79, 364.69, 0.19, 11.68, 9.56, -30.21
0, 3575689, 2258, 81, 364.69, 0.13, 11.68, 9.56, -47.48
0, 3583446, 2016, 85, 364.25, 0.13, 11.95, 9.81, -62.60
0, 3590873, 1644, 101, 364.25, 0.06, 11.49, 9.66, -75.15
0, 3597174, 1306, 109, 362.87, 0.06, 11.27, 9.66, -84.03
0, 3604990, 1018, 89, 359.94, 0.00, 11.27, 9.67, -92.50
0, 3614366, 686, 61, 355.06, -0.13, 11.88, 10.51, -98.55
0, 3621163, 375, 32, 355.06, 0.00, 12.08, 9.74, -99.99
0, 3628060, 76, 5, 350.94, 0.00, 11.50, 9.88, -98.87
0, 3636420, -203, -21, 347.44, 0.31, 12.05, 9.88, -94.06
0, 3644289, -464, -45, 343.12, 0.69, 12.05, 9.79, -86.25
0, 3652115, -602, -59, 339.37, 1.00, 11.86, 9.76, -75.58
0, 3660311, -609, -61, 339.37, 1.25, 12.99, 9.88, -61.70
0, 3668222, -602, -62, 336.25, 1.25, 13.02, 9.76, -46.15
0, 3676443, -591, -64, 334.56, 1.37, 13.02, 9.76, -28.32
0, 3684630, -576, -67, 334.56, 1.37, 12.05, 9.85, -9.52
0, 3692494, -550, -71, 334.62, 1.44, 12.09, 9.90, 8.87
0, 3699477, -489, -72, 334.62, 1.44, 11.94, 9.74, 24.97
0, 3706821, -364, -74, 334.81, 1.44, 12.15, 9.72, 41.18
0, 3716559, -84, -78, 335.12, 1.50, 12.15, 9.72, 60.71
0, 3724522, 217, -83, 336.25, 1.50, 12.62, 9.84, 74.40
0, 3731025, 396, -114, 336.25, 1.50, 12.17, 10.01, 83.67
0, 3738920, 591, -119, 338.56, 1.50, 11.07, 10.01, 92.31
0, 3745937, 781, -102, 342.00, 1.62, 11.58, 10.11, 97.36
0, 3753959, 1024, -78, 344.75, 1.94, 11.58, 9.36, 99.91
0, 3762623, 1235, -57, 347.25, 1.81, 12.47, 9.90, 98.71
0, 3769114, 1441, -38, 347.25, 1.81, 11.60, 9.58, 95.15
0, 3776978, 1754, -8, 350.12, 1.56, 12.16, 9.58, 87.91
0, 3784998, 2057, 25, 352.62, 1.31, 12.16, 9.98, 77.47
0, 3792822, 2224, 42, 356.00, 1.00, 12.05, 9.61, 64.65
0, 3799571, 2338, 52, 356.00, 1.00, 11.23, 9.81, 51.83
0, 3806339, 2429, 61, 359.81, 0.62, 11.73, 9.81, 37.68
0, 3816047, 2485, 66, 362.12, 0.44, 11.73, 9.76, 15.83
0, 3823391, 2464, 73, 363.69, 0.31, 11.65, 9.74, -1.30
0, 3829729, 2433, 76, 363.69, 0.31, 11.62, 9.39, -16.07
0, 3837851, 2343, 77, 364.56, 0.25, 11.78, 9.39, -34.45
0, 3845491, 2195, 79, 364.44, 0.19, 11.78, 10.20, -50.61
0, 3853593, 1909, 84, 363.75, 0.13, 11.83, 9.82, -65.97
0, 3860759, 1517, 103, 363.75, 0.06, 11.28, 9.71, -77.59
0, 3868633, 1167, 102, 362.25, 0.06, 11.67, 9.68, -87.85
0, 3876910, 889, 77, 359.00, 0.00, 11.67, 9.68, -95.41
0, 3884839, 593, 52, 354.00, -0.13, 12.74, 10.75, -99.30
0, 3892797, 223, 18, 350.25, -0.13, 12.04, 9.90, -99.77
0, 3899777, -47, -6, 350.25, 0.06, 11.28, 9.90, -97.34
0, 3906801, -267, -26, 346.75, 0.37, 12.50, 9.68, -92.27
0, 3916580, -551, -53, 342.44, 0.75, 12.50, 9.87, -81.11
0, 3923503, -617, -60, 338.87, 1.00, 11.88, 9.78, -70.60
0, 3930094, -609, -62, 338.87, 1.00, 13.08, 9.77, -58.87
0, 3937922, -602, -63, 335.87, 1.25, 12.87, 9.77, -43.15
0, 3945710, -592, -64, 334.56, 1.37, 12.87, 9.80, -26.07
0, 3953894, -576, -68, 334.56, 1.44, 11.97, 9.76, -7.20
0, 3960785, -552, -71, 334.56, 1.44, 12.11, 9.74, 8.92
0, 3969036, -470, -73, 334.69, 1.44, 12.03, 9.74, 27.88
0, 3976850, -328, -74, 334.81, 1.50, 12.03, 9.86, 44.90
0, 3983500, -136, -77, 335.31, 1.50, 12.38, 9.72, 58.21
0, 3992641, 224, -84, 336.56, 1.50, 12.85, 9.89, 74.16
0, 4000190, 420, -120, 336.56, 1.50, 11.92, 9.83, 84.80
0, 4009990, 664, -113, 339.12, 1.56, 11.10, 10.64, 94.64
0, 4018906, 924, -89, 342.69, 1.69, 12.46, 10.64, 99.28
0, 4026946, 1135, -66, 345.25, 2.00, 12.46, 8.98, 99.77
0, 4033604, 1308, -50, 347.75, 1.81, 12.24, 9.62, 97.50
0, 4042082, 1618, -21, 350.56, 1.81, 11.53, 9.80, 91.20
0, 4048231, 1876, 4, 350.56, 1.50, 12.55, 9.80, 84.37
0, 4055913, 2115, 32, 353.12, 1.31, 12.55, 9.87, 73.40
0, 4065045, 2285, 47, 356.69, 1.00, 11.80, 9.72, 57.32
0, 4071542, 2385, 56, 356.69, 1.00, 11.20, 9.98, 44.23
0, 4079428, 2461, 64, 360.31, 0.62, 11.95, 9.98, 27.01
0, 4087903, 2470, 68, 362.44, 0.44, 11.67, 9.70, 7.49
0, 4095809, 2441, 75, 363.87, 0.31, 11.67, 9.77, -10.99
0, 4103946, 2378, 76, 364.50, 0.31, 11.69, 9.73, -29.62
0, 4110919, 2260, 78, 364.50, 0.25, 11.91, 10.01, -44.76
0, 4119749, 1993, 82, 364.31, 0.19, 11.79, 10.01, -62.17
0, 4127508, 1608, 98, 363.62, 0.19, 11.79, 9.80, -75.30
0, 4134146, 1265, 106, 361.81, 0.13, 11.16, 9.68, -84.58
0, 4142969, 958, 84, 358.19, 0.13, 11.65, 9.54, -93.73
0, 4149455, 746, 66, 358.19, 0.00, 13.24, 9.54, -97.92
0, 4156497, 432, 37, 353.19, -0.06, 13.24, 9.76, -99.92
0, 4165777, 27, 1, 349.69, 0.13, 11.65, 9.92, -98.42
0, 4172074, -181, -18, 349.69, 0.13, 11.46, 9.89, -94.75
0, 4180048, -445, -43, 346.06, 0.44, 12.62, 9.89, -87.16
0, 4188094, -600, -58, 341.75, 0.81, 12.32, 9.86, -76.43
0, 4196008, -612, -62, 338.31, 1.12, 12.32, 9.80, -63.24
0, 4204078, -605, -62, 335.44, 1.12, 13.17, 9.82, -47.56
0, 4211056, -595, -64, 335.44, 1.31, 12.36, 9.75, -32.61
0, 4220216, -583, -66, 334.50, 1.44, 12.00, 9.75, -11.74
0, 4228732, -555, -71, 334.62, 1.44, 11.93, 9.73, 8.17
0, 4235983, -495, -73, 334.75, 1.50, 11.93, 9.75, 24.90
0, 4244473, -346, -74, 334.87, 1.50, 11.97, 9.79, 43.54
0, 4251754, -145, -77, 334.87, 1.50, 12.47, 9.79, 58.18
0, 4258209, 113, -80, 335.37, 1.56, 12.96, 9.79, 69.77
0, 4267838, 405, -118, 336.87, 1.56, 12.96, 9.64, 84.02
0, 4274493, 565, -121, 339.69, 1.56, 11.37, 11.01, 91.42
0, 4281330, 748, -105, 339.69, 1.56, 12.06, 8.71, 96.71
0, 4290076, 1015, -79, 343.25, 1.81, 11.89, 8.71, 99.86
0, 4296986, 1183, -62, 345.62, 2.00, 11.89, 10.07, 99.40
0, 4305020, 1423, -39, 348.31, 1.81, 11.89, 9.64, 95.60
0, 4312456, 1716, -12, 348.31, 1.81, 11.68, 9.98, 89.07
0, 4320787, 2040, 22, 351.06, 1.56, 12.65, 9.98, 78.57
0, 4328837, 2218, 42, 353.81, 1.31, 12.65, 9.75, 65.58
0, 4335723, 2337, 52, 357.56, 0.94, 11.51, 9.48, 52.60
0, 4344575, 2452, 63, 360.94, 0.94, 11.44, 9.72, 33.97
0, 4351348, 2495, 68, 360.94, 0.62, 11.89, 9.72, 18.69
0, 4358069, 2479, 73, 362.87, 0.44, 11.57, 9.73, 3.06
0, 4367952, 2442, 77, 364.25, 0.37, 11.57, 9.78, -19.96
0, 4374098, 2382, 78, 364.75, 0.37, 11.78, 9.70, -33.81
0, 4381524, 2222, 80, 364.75, 0.25, 12.06, 9.70, -49.58
0, 4390001, 1926, 85, 364.44, 0.19, 11.56, 9.81, -65.74
0, 4397085, 1546, 104, 363.75, 0.19, 11.56, 9.73, -77.28
0, 4405287, 1176, 102, 361.56, 0.19, 11.32, 9.66, -87.97
0, 4412862, 919, 80, 357.56, 0.13, 11.36, 10.39, -94.98
0, 4420573, 637, 56, 357.56, 0.00, 13.00, 10.39, -99.06
0, 4428496, 262, 22, 352.69, 0.00, 13.00, 9.79, -99.88
0, 4434726, 6, -2, 349.31, 0.19, 11.44, 9.85, -98.12
0, 4443657, -285, -28, 345.37, 0.19, 11.95, 9.85, -91.98
0, 4450286, -499, -48, 345.37, 0.50, 12.70, 9.85, -84.81
0, 4457229, -603, -59, 341.12, 0.88, 12.70, 9.74, -75.11
0, 4466623, -605, -61, 337.81, 1.19, 11.86, 9.95, -58.89
0, 4473402, -597, -62, 337.81, 1.19, 13.05, 9.83, -45.37
0, 4481285, -588, -63, 335.19, 1.37, 12.02, 9.83, -28.24
0, 4489290, -573, -66, 334.62, 1.44, 12.05, 9.84, -9.86
0, 4496828, -549, -70, 334.69, 1.50, 12.05, 9.89, 7.77
0, 4505054, -475, -72, 334.81, 1.50, 11.96, 9.83, 26.71
0, 4512014, -357, -73, 334.81, 1.50, 12.12, 9.83, 42.00
0, 4520977, -95, -77, 335.06, 1.56, 12.43, 9.77, 59.99
0, 4528288, 186, -81, 335.69, 1.56, 12.43, 9.68, 72.74
0, 4534820, 383, -108, 337.37, 1.56, 12.35, 10.03, 82.35
0, 4544085, 606, -118, 340.44, 1.56, 11.00, 10.45, 92.63
0, 4551155, 799, -101, 340.44, 1.81, 12.51, 10.45, 97.58
0, 4557924, 1006, -80, 343.75, 2.00, 11.59, 9.69, 99.81
0, 4567003, 1230, -57, 346.19, 1.75, 11.59, 9.80, 98.87
0, 4573785, 1447, -37, 348.87, 1.75, 11.64, 9.58, 95.25
0, 4581385, 1750, -9, 348.87, 1.50, 12.08, 9.58, 88.36
0, 4589472, 2057, 24, 351.56, 1.25, 12.44, 10.03, 77.96
0, 4596990, 2218, 42, 354.44, 0.94, 12.44, 9.53, 65.78
0, 4605148, 2355, 54, 358.31, 0.94, 11.25, 9.95, 50.28
0, 4611907, 2444, 62, 358.31, 0.56, 11.68, 9.95, 36.03
0, 4621176, 2489, 67, 361.37, 0.44, 11.92, 9.70, 15.09
0, 4628714, 2466, 74, 363.19, 0.31, 11.92, 9.78, -2.51
0, 4635306, 2432, 77, 364.44, 0.31, 11.65, 9.36, -17.85
0, 4644833, 2317, 78, 364.69, 0.25, 11.81, 9.36, -39.18
0, 4651838, 2170, 80, 364.69, 0.19, 11.82, 10.20, -53.68
0, 4658659, 1912, 85, 364.31, 0.19, 12.00, 9.84, -66.42
0, 4666612, 1459, 107, 363.25, 0.19, 12.00, 9.70, -79.12
0, 4673776, 1163, 102, 361.06, 0.13, 11.53, 9.70, -88.22
0, 4681903, 886, 77, 361.06, 0.00, 12.54, 9.72, -95.53
0, 4689561, 602, 53, 356.62, 0.00, 11.78, 10.74, -99.27
0, 4697253, 241, 20, 352.06, 0.25, 11.78, 9.82, -99.82
0, 4705266, -70, -9, 348.69, 0.25, 11.21, 9.78, -96.96
0, 4712220, -292, -29, 348.69, 0.56, 12.44, 9.78, -91.71
0, 4721120, -550, -53, 344.62, 0.94, 12.58, 9.86, -81.47
0, 4728018, -614, -60, 340.56, 1.19, 12.58, 9.76, -71.08
0, 4734807, -607, -62, 337.31, 1.19, 11.88, 9.75, -59.05
0, 4744142, -599, -62, 334.94, 1.37, 12.84, 9.75, -40.14
0, 4750530, -587, -65, 334.94, 1.44, 11.97, 9.78, -26.04
0, 4757725, -575, -67, 334.62, 1.50, 11.97, 9.82, -9.48
0, 4766048, -547, -71, 334.69, 1.50, 12.08, 9.69, 9.98
0, 4773817, -475, -72, 334.87, 1.50, 11.99, 9.69, 27.82
0, 4781645, -331, -74, 334.87, 1.56, 12.33, 9.75, 44.87
0, 4788685, -125, -76, 335.12, 1.56, 12.47, 9.72, 58.93
0, 4797284, 216, -82, 335.87, 1.56, 12.47, 9.89, 73.90
0, 4805616, 435, -122, 337.75, 1.56, 11.94, 9.78, 85.56
0, 4815635, 685, -110, 341.06, 1.62, 11.13, 10.14, 95.25
0, 4823500, 918, -89, 341.06, 1.87, 12.40, 10.14, 99.22
0, 4831414, 1129, -67, 344.19, 2.00, 11.92, 9.24, 99.82
0, 4838258, 1307, -50, 346.56, 1.75, 11.48, 9.57, 97.58
0, 4847355, 1642, -19, 349.31, 1.75, 11.48, 9.92, 90.75
0, 4855384, 1972, 14, 351.94, 1.50, 12.52, 9.92, 81.30
0, 4862304, 2153, 36, 351.94, 1.25, 12.24, 9.78, 70.83
0, 4871418, 2313, 50, 355.00, 0.88, 11.22, 9.66, 54.27
0, 4878242, 2412, 59, 358.87, 0.62, 11.22, 9.96, 40.22
0, 4885364, 2470, 65, 361.69, 0.62, 11.91, 9.79, 24.46
0, 4895415, 2465, 71, 363.37, 0.44, 11.83, 9.79, 1.17
0, 4902201, 2433, 75, 363.37, 0.37, 11.61, 9.78, -14.68
0, 4909004, 2364, 77, 364.44, 0.31, 11.67, 9.87, -30.18
0, 4916831, 2224, 78, 364.56, 0.31, 11.67, 10.02, -47.06
0, 4924767, 1976, 83, 364.12, 0.25, 11.87, 10.02, -62.55
0, 4932487, 1585, 100, 364.12, 0.19, 11.66, 9.76, -75.56
0, 4938541, 1276, 106, 362.87, 0.13, 11.70, 9.72, -84.06
0, 4947316, 971, 85, 360.19, 0.13, 11.70, 10.18, -93.35
0, 4955154, 711, 63, 355.50, 0.00, 13.28, 10.18, -98.32
0, 4961919, 404, 35, 355.50, 0.06, 11.68, 9.52, -99.97
0, 4969669, 65, 4, 351.31, 0.31, 11.68, 9.98, -98.78
0, 4976501, -164, -17, 348.06, 0.31, 11.35, 9.89, -95.03
0, 4984380, -426, -41, 343.87, 0.62, 12.64, 9.89, -87.70
0, 4991502, -583, -57, 343.87, 1.00, 12.29, 9.84, -78.50
0, 4998389, -610, -61, 339.94, 1.25, 12.29, 9.83, -67.54
0, 5006436, -603, -62, 336.81, 1.25, 12.20, 9.80, -52.52
0, 5014194, -594, -63, 334.81, 1.44, 12.40, 9.80, -36.28
0, 5022242, -582, -65, 334.81, 1.50, 12.05, 9.88, -18.18
0, 5029010, -565, -69, 334.69, 1.50, 12.05, 9.81, -2.43
0, 5036398, -528, -71, 334.81, 1.50, 12.05, 9.77, 14.82
0, 5046192, -408, -73, 334.94, 1.56, 12.07, 9.77, 36.92
0, 5053250, -258, -74, 334.94, 1.56, 12.37, 9.81, 51.71
0, 5059710, -29, -78, 335.25, 1.62, 12.25, 9.89, 64.02
0, 5067842, 293, -88, 336.19, 1.62, 12.25, 9.61, 77.40
0, 5075889, 485, -122, 338.12, 1.62, 13.14, 9.61, 87.90
0, 5083616, 681, -111, 338.12, 1.62, 11.74, 9.94, 95.04
0, 5090628, 890, -92, 341.69, 1.94, 11.96, 8.79, 98.85
0, 5098491, 1107, -69, 344.62, 1.94, 11.96, 10.17, 99.95
0, 5106644, 1318, -49, 347.06, 2.00, 12.32, 10.17, 97.52
0, 5114373, 1600, -23, 349.94, 1.75, 11.66, 9.60, 91.94
0, 5122198, 1926, 9, 349.94, 1.50, 12.66, 9.93, 83.23
0, 5128532, 2116, 32, 352.44, 1.50, 12.66, 9.73, 74.13
0, 5136580, 2267, 46, 355.75, 1.25, 12.13, 9.55, 60.24
0, 5145658, 2406, 58, 359.62, 0.88, 11.41, 9.55, 42.04
0, 5152428, 2476, 66, 359.62, 0.62, 11.97, 10.06, 27.18
0, 5159216, 2486, 69, 362.06, 0.44, 11.84, 9.70, 11.60
0, 5167171, 2461, 76, 363.69, 0.44, 11.84, 9.68, -7.00
0, 5175387, 2408, 77, 364.69, 0.37, 11.54, 9.68, -25.94
0, 5183059, 2288, 79, 364.69, 0.31, 11.85, 9.74, -42.79
0, 5189284, 2131, 81, 364.62, 0.25, 11.76, 9.87, -55.46
0, 5198134, 1747, 91, 364.19, 0.25, 11.76, 9.71, -71.40
0, 5205985, 1322, 107, 362.75, 0.19, 11.44, 9.71, -83.00
0, 5212787, 1082, 95, 362.75, 0.13, 11.65, 9.53, -90.80
0, 5219574, 853, 74, 359.69, 0.13, 11.65, 9.36, -96.28
0, 5226986, 560, 49, 354.81, 0.00, 12.71, 9.36, -99.50
0, 5234702, 200, 16, 354.81, 0.06, 11.94, 9.92, -99.67
0, 5241181, -50, -7, 350.94, 0.31, 11.93, 9.64, -97.31
0, 5249015, -300, -30, 347.50, 0.31, 12.72, 9.89, -91.47
0, 5257142, -540, -52, 343.12, 0.69, 12.72, 9.89, -82.17
0, 5264803, -612, -60, 339.44, 1.00, 11.93, 9.74, -70.68
0, 5271821, -604, -62, 339.44, 1.25, 12.79, 9.86, -58.15
0, 5278826, -597, -62, 336.37, 1.25, 12.07, 9.83, -44.08
0, 5286997, -587, -64, 334.75, 1.44, 12.07, 9.81, -26.20
0, 5296370, -571, -67, 334.75, 1.50, 12.04, 9.81, -4.56
0, 5303131, -543, -71, 334.75, 1.50, 12.04, 9.88, 11.25
0, 5309969, -471, -72, 334.81, 1.50, 12.13, 9.76, 26.95
0, 5318071, -322, -73, 335.00, 1.50, 12.13, 9.76, 44.63
0, 5325862, -94, -76, 335.31, 1.56, 12.48, 9.76, 60.13
0, 5332542, 169, -80, 335.31, 1.56, 12.47, 9.56, 71.85
0, 5339252, 379, -107, 336.56, 1.56, 12.58, 10.07, 81.85
0, 5348444, 599, -119, 338.87, 1.56, 12.58, 10.07, 92.23
0, 5356538, 819, -99, 342.37, 1.62, 12.45, 10.99, 97.86
0, 5363488, 1026, -78, 342.37, 2.00, 11.62, 8.70, 99.90
0, 5371061, 1209, -59, 345.12, 2.00, 12.50, 9.71, 99.12
0, 5378252, 1428, -39, 347.62, 1.94, 12.50, 9.71, 95.49
0, 5386478, 1751, -9, 350.44, 1.69, 12.03, 9.59, 88.04
0, 5394713, 2059, 25, 352.94, 1.44, 12.46, 10.05, 77.32
0, 5400813, 2189, 39, 352.94, 1.19, 12.07, 9.54, 67.50
0, 5408612, 2318, 50, 356.37, 1.19, 12.07, 9.98, 52.98
0, 5416968, 2428, 60, 360.12, 0.81, 11.60, 9.98, 35.47
0, 5424486, 2472, 65, 360.12, 0.56, 11.92, 9.79, 18.55
0, 5431025, 2456, 70, 362.31, 0.56, 11.71, 9.84, 3.34
0, 5438454, 2428, 75, 363.81, 0.44, 11.71, 9.48, -14.01
0, 5447414, 2345, 76, 364.62, 0.37, 11.54, 9.48, -34.33
0, 5455004, 2201, 78, 364.44, 0.31, 11.85, 10.10, -50.40
0, 5461054, 2003, 81, 364.44, 0.31, 11.84, 9.82, -62.09
0, 5469005, 1590, 99, 363.87, 0.25, 11.84, 9.82, -75.53
0, 5476775, 1214, 104, 362.37, 0.19, 11.27, 9.61, -86.15
0, 5483540, 985, 86, 362.37, 0.13, 11.90, 9.00, -93.08
0, 5490242, 759, 67, 359.00, 0.00, 12.33, 11.12, -97.65
0, 5499324, 351, 30, 353.94, 0.00, 12.33, 11.12, -100.00
0, 5507497, 11, -1, 350.31, 0.13, 12.00, 9.79, -98.26
0, 5515155, -234, -24, 346.75, 0.37, 11.21, 9.86, -93.37
0, 5521665, -452, -44, 346.75, 0.37, 12.59, 9.81, -86.85
0, 5529260, -594, -58, 342.37, 0.75, 12.59, 9.81, -76.70
0, 5537643, -607, -61, 338.87, 1.06, 11.80, 9.73, -62.71
0, 5546791, -599, -62, 335.87, 1.31, 13.21, 9.79, -44.72
0, 5553551, -588, -64, 335.87, 1.44, 12.03, 9.85, -30.06
0, 5560568, -577, -66, 334.75, 1.44, 12.12, 9.84, -14.05
0, 5568878, -555, -70, 334.75, 1.50, 12.12, 9.84, 5.37
0, 5576852, -495, -72, 334.87, 1.50, 12.05, 9.77, 23.81
0, 5583257, -397, -73, 334.87, 1.56, 12.39, 9.81, 38.06
0, 5590037, -229, -74, 335.06, 1.56, 12.46, 9.72, 52.21
0, 5599708, 133, -79, 335.44, 1.56, 12.93, 9.82, 70.03
0, 5608191, 385, -112, 336.75, 1.62, 12.93, 9.82, 82.74
0, 5617920, 618, -117, 339.50, 1.62, 11.86, 9.96, 93.29
0, 5625080, 815, -100, 339.50, 1.69, 12.30, 9.58, 97.99
0, 5631598, 1014, -79, 343.00, 1.69, 11.85, 9.45, 99.88
0, 5639537, 1208, -59, 345.44, 2.06, 12.35, 9.56, 99.05
0, 5648731, 1503, -32, 347.94, 1.94, 12.35, 9.56, 93.83
0, 5656592, 1823, -2, 350.81, 1.69, 12.44, 9.97, 85.91
0, 5663343, 2062, 25, 350.81, 1.44, 12.28, 9.76, 76.78
0, 5670354, 2205, 40, 353.37, 1.44, 11.91, 9.76, 65.28
0, 5678526, 2334, 51, 357.00, 1.19, 11.91, 9.66, 49.67
0, 5685922, 2423, 59, 360.56, 0.81, 11.84, 9.88, 33.97
0, 5693907, 2454, 63, 360.56, 0.56, 11.88, 9.79, 15.89
0, 5702962, 2430, 72, 362.50, 0.56, 11.59, 9.72, -5.25
0, 5709918, 2393, 73, 363.94, 0.50, 11.67, 9.72, -21.38
0, 5718401, 2278, 75, 364.50, 0.44, 11.67, 10.20, -40.24
0, 5725801, 2103, 77, 364.50, 0.37, 11.74, 9.82, -55.42
0, 5732141, 1849, 83, 364.25, 0.37, 11.77, 9.74, -67.13
0, 5740142, 1390, 106, 363.50, 0.37, 11.13, 9.71, -79.76
0, 5749474, 1049, 91, 361.69, 0.31, 11.13, 9.71, -90.94
0, 5757493, 799, 70, 357.94, 0.13, 13.26, 10.88, -97.11
0, 5764512, 512, 45, 357.94, 0.25, 11.54, 9.51, -99.71
0, 5771278, 198, 16, 352.94, 0.25, 11.77, 9.88, -99.67
0, 5779332, -103, -12, 349.69, 0.56, 11.77, 9.88, -96.37
0, 5786925, -353, -34, 346.12, 0.88, 11.35, 9.88, -90.12
0, 5794930, -565, -55, 346.12, 1.19, 12.29, 9.76, -80.46
0, 5803552, -611, -61, 341.75, 1.19, 12.20, 9.87, -66.92
0, 5810587, -604, -62, 338.37, 1.50, 13.21, 9.87, -53.83
0, 5818437, -596, -63, 335.50, 1.62, 13.21, 9.78, -37.51
0, 5825091, -585, -65, 335.50, 1.62, 12.02, 9.84, -22.67
0, 5832098, -571, -68, 334.69, 1.62, 12.06, 9.90, -6.45
0, 5840172, -540, -71, 334.81, 1.69, 12.07, 9.83, 12.42
0, 5850238, -427, -73, 334.87, 1.69, 12.41, 9.83, 35.25
0, 5858265, -258, -74, 335.12, 1.75, 12.41, 9.82, 52.12
0, 5865873, 16, -78, 335.62, 1.75, 12.28, 9.88, 66.42
0, 5871978, 256, -85, 335.62, 1.75, 13.04, 9.88, 76.40
0, 5879511, 452, -123, 337.00, 1.75, 13.04, 9.58, 86.54
0, 5886538, 630, -116, 339.75, 1.87, 11.53, 9.87, 93.58
0, 5895015, 874, -94, 339.75, 2.19, 11.83, 8.92, 98.69
0, 5903496, 1107, -69, 343.37, 2.19, 12.24, 10.21, 99.93
0, 5910273, 1274, -53, 345.87, 2.06, 11.96, 10.21, 98.09
0, 5918531, 1562, -27, 348.56, 1.81, 11.96, 9.61, 92.53
0, 5924928, 1824, -2, 348.56, 1.56, 12.68, 9.89, 85.83
0, 5931996, 2068, 26, 351.25, 1.56, 12.12, 9.89, 76.20
0, 5940220, 2229, 41, 353.94, 1.25, 11.58, 9.73, 62.40
0, 5950003, 2381, 55, 357.62, 0.94, 11.58, 9.59, 43.02
0, 5958130, 2464, 64, 360.94, 0.69, 11.33, 9.96, 25.16
0, 5965732, 2469, 68, 362.81, 0.62, 11.84, 9.65, 7.62
0, 5972207, 2444, 74, 362.81, 0.62, 11.58, 9.65, -7.53
0, 5980429, 2386, 76, 364.19, 0.50, 11.58, 9.61, -26.47
0, 5987846, 2274, 77, 364.69, 0.44, 11.73, 9.76, -42.74
0, 5996774, 2025, 81, 364.37, 0.37, 11.85, 9.82, -60.58
0, 6005175, 1623, 98, 364.37, 0.37, 11.44, 9.64, -74.96
0, 6011767, 1279, 106, 363.50, 0.37, 11.22, 9.64, -84.25
0, 6019747, 998, 87, 361.44, 0.25, 11.22, 9.47, -92.79
0, 6025456, 811, 71, 361.44, 0.13, 12.43, 9.74, -96.93
0, 6032667, 509, 44, 357.37, 0.13, 11.93, 10.00, -99.69
0, 6040874, 132, 10, 352.62, 0.31, 11.42, 10.00, -99.36
0, 6050757, -210, -22, 349.25, 0.56, 11.90, 9.61, -94.13
0, 6058605, -472, -46, 345.31, 0.94, 11.90, 9.89, -86.38
0, 6066633, -609, -59, 341.12, 0.94, 11.93, 9.77, -75.43
0, 6072592, -615, -62, 341.12, 1.25, 12.80, 9.77, -65.57
0, 6080408, -609, -62, 337.81, 1.50, 12.80, 9.84, -50.73
0, 6087322, -600, -64, 335.19, 1.62, 13.09, 9.84, -36.17
0, 6096996, -589, -66, 334.69, 1.62, 12.09, 9.77, -14.30
0, 6105431, -562, -72, 334.69, 1.62, 12.07, 9.73, 5.40
0, 6111693, -520, -72, 334.75, 1.69, 12.05, 9.73, 19.94
0, 6120115, -391, -74, 334.87, 1.69, 12.05, 9.88, 38.75
0, 6126100, -255, -75, 335.06, 1.75, 12.49, 9.80, 51.25
0, 6133234, 5, -78, 335.06, 1.75, 12.44, 9.80, 64.82
0, 6140910, 299, -90, 335.75, 1.75, 12.89, 9.54, 77.39
0, 6151127, 534, -122, 337.44, 1.75, 10.89, 9.96, 90.20
0, 6159000, 735, -106, 340.62, 1.94, 10.89, 10.88, 96.58
0, 6167063, 982, -82, 343.87, 1.94, 11.75, 8.72, 99.73
0, 6173165, 1136, -66, 343.87, 2.19, 12.54, 8.72, 99.76
0, 6181632, 1370, -44, 346.25, 2.06, 12.54, 9.60, 96.43
0, 6189381, 1665, -16, 348.94, 1.75, 11.69, 9.60, 90.07
0, 6198370, 2022, 20, 351.62, 1.56, 12.52, 10.00, 79.00
0, 6207148, 2218, 41, 354.44, 1.56, 12.10, 9.51, 64.82
0, 6214186, 2339, 51, 354.44, 1.25, 11.34, 9.51, 51.45
0, 6221209, 2433, 61, 358.31, 0.88, 11.34, 9.96, 36.71
0, 6227891, 2479, 65, 361.37, 0.69, 11.60, 9.74, 21.76
0, 6234711, 2470, 70, 361.37, 0.69, 11.71, 9.74, 5.96
0, 6242565, 2443, 75, 363.25, 0.56, 11.57, 9.74, -12.40
0, 6252062, 2360, 77, 364.50, 0.50, 11.78, 9.64, -33.98
0, 6259831, 2213, 78, 364.75, 0.44, 11.78, 10.04, -50.44
0, 6267784, 1935, 83, 364.37, 0.44, 11.83, 9.82, -65.56
0, 6273742, 1622, 98, 364.37, 0.37, 11.29, 9.82, -75.42
0, 6281724, 1208, 104, 363.44, 0.37, 11.29, 9.58, -86.31
0, 6288561, 967, 85, 361.19, 0.25, 11.33, 9.36, -93.26
0, 6298346, 608, 53, 356.75, 0.13, 12.13, 10.61, -99.02
0, 6307467, 193, 15, 352.00, 0.13, 12.12, 9.75, -99.73
0, 6314459, -71, -9, 352.00, 0.37, 11.35, 9.75, -97.20
0, 6321241, -289, -29, 348.62, 0.62, 11.35, 9.88, -92.25
0, 6327892, -502, -48, 344.50, 1.00, 12.30, 9.81, -85.15
0, 6334655, -604, -59, 344.50, 1.00, 11.82, 9.73, -75.81
0, 6342799, -609, -62, 340.50, 1.31, 13.19, 9.73, -62.08
0, 6352436, -601, -62, 337.31, 1.56, 12.86, 9.77, -42.96
0, 6360069, -589, -64, 335.06, 1.62, 12.86, 9.77, -26.21
0, 6368383, -574, -68, 334.75, 1.62, 12.06, 9.76, -7.04
0, 6374479, -553, -71, 334.75, 1.69, 12.07, 9.76, 7.22
0, 6382421, -478, -73, 334.87, 1.69, 12.07, 9.74, 25.54
0, 6389508, -362, -74, 335.00, 1.75, 11.94, 9.81, 41.17
0, 6399136, -88, -77, 335.19, 1.75, 12.33, 9.70, 60.50
0, 6408131, 245, -85, 336.06, 1.75, 12.82, 9.72, 75.81
0, 6415989, 442, -122, 336.06, 1.75, 11.97, 9.94, 86.47
0, 6424305, 655, -114, 337.94, 1.81, 11.08, 9.94, 94.55
0, 6432536, 900, -91, 341.12, 1.94, 11.08, 9.60, 99.04
0, 6439681, 1100, -70, 344.19, 2.19, 11.73, 9.42, 99.96
0, 6449187, 1357, -45, 346.56, 2.06, 12.40, 9.85, 96.86
0, 6458300, 1709, -13, 349.44, 2.06, 11.59, 9.98, 89.40
0, 6465283, 1996, 17, 349.44, 1.75, 12.30, 9.98, 80.91
0, 6472201, 2168, 37, 352.06, 1.50, 12.30, 9.75, 70.37
0, 6479029, 2291, 47, 355.12, 1.19, 11.93, 9.53, 58.15
0, 6485841, 2395, 57, 355.12, 1.19, 11.18, 9.85, 44.49
0, 6495109, 2486, 66, 359.06, 0.88, 11.82, 9.81, 24.16
0, 6505058, 2489, 72, 361.87, 0.69, 11.68, 9.81, 1.10
0, 6511781, 2456, 77, 363.56, 0.56, 11.60, 9.80, -14.59
0, 6519602, 2374, 78, 364.69, 0.50, 11.60, 9.56, -32.37
0, 6525363, 2272, 80, 364.69, 0.50, 11.73, 9.56, -44.80
0, 6533474, 2028, 84, 364.94, 0.44, 11.71, 9.99, -60.88
0, 6541088, 1662, 99, 364.50, 0.37, 11.18, 9.71, -73.99
0, 6549866, 1229, 105, 363.25, 0.31, 11.18, 9.72, -86.16
0, 6558622, 935, 82, 360.56, 0.31, 11.87, 10.69, -94.69
0, 6565863, 678, 59, 360.56, 0.25, 11.78, 10.69, -98.76
0, 6572387, 369, 32, 355.94, 0.13, 11.78, 9.58, -100.00
0, 6579221, 66, 4, 351.75, 0.37, 11.85, 9.92, -98.80
0, 6586014, -168, -17, 351.75, 0.37, 11.19, 9.68, -95.10
0, 6595304, -480, -46, 348.44, 0.69, 12.54, 9.80, -86.19
0, 6605235, -627, -61, 344.19, 1.06, 12.00, 9.80, -72.18
0, 6611930, -623, -63, 340.12, 1.31, 13.28, 9.89, -60.48
0, 6619764, -616, -64, 336.87, 1.31, 13.28, 9.77, -44.94
0, 6625674, -607, -65, 336.87, 1.56, 12.66, 9.77, -32.18
0, 6633797, -597, -67, 334.81, 1.69, 12.06, 9.80, -13.69
0, 6641497, -574, -72, 334.62, 1.69, 11.97, 9.84, 4.30
0, 6650809, -500, -74, 334.75, 1.69, 11.96, 9.70, 25.81
0, 6659126, -360, -75, 334.87, 1.69, 11.96, 9.78, 44.02
0, 6666963, -135, -78, 335.19, 1.75, 12.41, 9.78, 59.67
0, 6672835, 102, -81, 335.19, 1.81, 12.41, 9.93, 70.11
0, 6678728, 321, -95, 336.06, 1.81, 12.97, 9.68, 79.25
0, 6686096, 491, -122, 336.06, 1.81, 11.76, 9.80, 88.55
0, 6695330, 735, -106, 338.06, 1.81, 11.55, 9.09, 96.46
0, 6705285, 1035, -77, 341.50, 2.00, 12.13, 9.09, 99.94
0, 6712009, 1199, -60, 344.56, 2.25, 12.18, 10.10, 99.24
0, 6719839, 1442, -38, 347.06, 2.25, 12.18, 9.63, 95.32
0, 6725760, 1675, -15, 347.06, 2.00, 11.53, 9.63, 90.23
0, 6733475, 1990, 16, 349.87, 1.75, 11.53, 9.73, 81.01
0, 6740131, 2160, 36, 352.50, 1.50, 12.14, 9.74, 70.93
0, 6749608, 2330, 51, 355.69, 1.19, 11.71, 9.60, 53.67
0, 6758504, 2459, 63, 359.62, 1.19, 11.27, 9.95, 35.06
0, 6765257, 2510, 69, 359.62, 0.88, 11.95, 9.95, 19.87
0, 6772266, 2498, 74, 362.12, 0.69, 11.95, 9.77, 3.58
0, 6779056, 2471, 78, 363.81, 0.69, 11.56, 9.62, -12.29
0, 6786467, 2407, 79, 363.81, 0.56, 11.70, 9.92, -29.24
0, 6795384, 2242, 81, 365.00, 0.50, 11.90, 9.92, -48.43
0, 6805214, 1916, 88, 365.00, 0.44, 11.63, 9.89, -67.12
0, 6812028, 1554, 106, 364.50, 0.37, 11.11, 9.72, -78.05
0, 6819855, 1189, 104, 363.12, 0.37, 11.11, 9.72, -88.14
0, 6825564, 984, 86, 363.12, 0.31, 11.69, 9.55, -93.65
0, 6832215, 738, 65, 360.37, 0.25, 11.69, 9.74, -97.96
0, 6838719, 435, 38, 355.62, 0.25, 12.96, 10.04, -99.87
0, 6848136, 13, -1, 351.37, 0.19, 11.56, 9.63, -98.55
0, 6857990, -323, -31, 347.75, 0.37, 11.65, 9.63, -92.06
0, 6865002, -545, -53, 347.75, 0.75, 12.75, 9.89, -84.44
0, 6871801, -629, -61, 343.25, 0.75, 12.75, 9.81, -74.88
0, 6877516, -627, -63, 339.44, 1.12, 12.84, 9.81, -65.36
0, 6885306, -622, -63, 339.44, 1.44, 13.14, 9.84, -50.55
0, 6892922, -613, -65, 336.19, 1.50, 12.12, 9.82, -34.43
0, 6901548, -601, -67, 334.69, 1.50, 12.06, 9.85, -14.90
0, 6910235, -576, -73, 334.62, 1.50, 12.06, 9.71, 5.39
0, 6918328, -513, -74, 334.75, 1.50, 11.99, 9.71, 24.11
0, 6924034, -424, -75, 334.75, 1.56, 12.00, 9.82, 36.83
0, 6929740, -288, -77, 334.87, 1.56, 12.00, 9.85, 48.89
0, 6937302, -19, -79, 335.19, 1.62, 12.45, 9.85, 63.49
0, 6945756, 298, -92, 335.19, 1.62, 12.85, 9.56, 77.45
0, 6954024, 479, -122, 336.31, 1.62, 11.00, 9.93, 88.17
0, 6961094, 658, -113, 338.75, 1.87, 11.00, 10.87, 94.74
0, 6969367, 907, -90, 342.37, 1.87, 12.59, 10.87, 99.13
0, 6975554, 1081, -72, 342.37, 2.00, 12.49, 8.87, 99.99
0, 6982362, 1249, -55, 344.94, 1.81, 11.81, 9.66, 98.52
0, 6989378, 1483, -34, 347.37, 1.81, 11.81, 9.58, 94.38
0, 6998797, 1871, 3, 350.31, 1.56, 11.77, 10.00, 84.86
0, 7008773, 2173, 37, 352.87, 1.31, 12.59, 10.00, 70.31
0, 7015769, 2308, 49, 352.87, 0.94, 11.40, 9.48, 57.77
0, 7022582, 2416, 59, 356.25, 0.62, 11.40, 10.09, 44.07
0, 7028291, 2481, 66, 360.12, 0.62, 11.53, 9.76, 31.71
0, 7036457, 2505, 69, 360.12, 0.50, 11.90, 9.76, 13.10
0, 7044762, 2480, 77, 362.56, 0.37, 11.59, 9.76, -6.31
0, 7052490, 2432, 78, 364.19, 0.31, 11.76, 9.46, -24.17
0, 7060783, 2302, 80, 365.06, 0.31, 11.76, 10.13, -42.45
0, 7069171, 2082, 83, 364.94, 0.25, 11.79, 10.13, -59.30
0, 7074877, 1839, 89, 364.94, 0.19, 11.38, 9.83, -69.50
0, 7080840, 1484, 109, 364.37, 0.19, 11.38, 9.61, -78.84
0, 7088266, 1153, 101, 362.81, 0.13, 11.20, 9.59, -88.29
0, 7096834, 851, 74, 362.81, 0.06, 12.02, 9.59, -95.88
0, 7106076, 469, 41, 359.69, 0.00, 12.37, 10.24, -99.74
0, 7112584, 173, 14, 354.56, 0.25, 11.33, 9.88, -99.67
0, 7120449, -120, -13, 350.56, 0.25, 11.33, 9.88, -96.51
0, 7126384, -319, -31, 350.56, 0.62, 12.12, 9.83, -91.95
0, 7133222, -530, -51, 346.94, 0.94, 12.66, 9.78, -84.50
0, 7139930, -616, -60, 342.56, 0.94, 12.66, 9.74, -75.10
0, 7149187, -615, -62, 339.00, 1.25, 13.21, 9.79, -59.13
0, 7159115, -607, -63, 335.94, 1.44, 12.90, 9.79, -38.96
0, 7166117, -594, -66, 335.94, 1.50, 12.03, 9.77, -23.40
0, 7172807, -580, -69, 334.75, 1.50, 12.03, 9.70, -7.94
0, 7179080, -559, -72, 334.75, 1.50, 12.01, 9.70, 6.74
0, 7186980, -486, -73, 334.75, 1.56, 11.95, 9.78, 24.98
0, 7194161, -370, -75, 334.87, 1.62, 12.22, 9.80, 40.84
0, 7201274, -182, -77, 335.06, 1.62, 12.38, 9.69, 55.41
0, 7209828, 149, -81, 335.50, 1.62, 12.38, 9.70, 70.87
0, 7217586, 378, -111, 336.75, 1.62, 12.41, 9.70, 82.45
0, 7225442, 566, -121, 336.75, 1.69, 10.89, 10.25, 91.41
0, 7232031, 742, -106, 339.25, 1.69, 10.89, 9.33, 96.56
0, 7239443, 973, -83, 342.81, 1.94, 12.86, 9.69, 99.60
0, 7249161, 1219, -58, 345.31, 2.06, 12.47, 9.83, 99.05
0, 7258925, 1547, -28, 347.94, 1.81, 11.58, 9.83, 93.35
0, 7265682, 1833, -1, 347.94, 1.56, 12.24, 10.02, 86.53
0, 7272707, 2085, 28, 350.75, 1.56, 12.24, 9.75, 77.16
0, 7278904, 2218, 41, 353.37, 1.31, 12.44, 9.75, 67.14
0, 7286639, 2354, 53, 353.37, 0.94, 11.22, 9.55, 52.69
0, 7293647, 2455, 63, 357.00, 0.62, 11.73, 9.75, 38.10
0, 7301870, 2515, 69, 360.75, 0.50, 11.90, 9.72, 19.70
0, 7310846, 2501, 76, 362.87, 0.50, 11.90, 9.77, -1.20
0, 7318698, 2458, 79, 364.44, 0.37, 11.60, 9.77, -19.46
0, 7324402, 2390, 80, 364.44, 0.31, 11.81, 9.41, -32.35
0, 7330109, 2278, 81, 365.19, 0.31, 11.81, 9.41, -44.67
0, 7338184, 2034, 86, 365.00, 0.25, 11.82, 9.89, -60.70
0, 7345497, 1690, 100, 365.00, 0.19, 11.33, 9.65, -73.35
0, 7352282, 1326, 109, 364.25, 0.13, 11.73, 9.73, -83.19
0, 7361011, 1011, 89, 362.37, 0.13, 11.73, 10.38, -92.72
0, 7369207, 725, 64, 358.81, 0.00, 12.66, 10.38, -98.16
0, 7374907, 468, 41, 358.81, 0.06, 11.58, 9.57, -99.83
0, 7380785, 192, 16, 353.87, 0.06, 11.58, 9.93, -99.69
0, 7388627, -109, -12, 350.25, 0.31, 11.23, 9.93, -96.56
0, 7396364, -372, -36, 350.25, 0.62, 12.46, 9.67, -90.30
0, 7403865, -574, -56, 346.56, 1.00, 12.55, 9.78, -81.40
0, 7411698, -624, -61, 342.12, 1.00, 12.55, 9.88, -69.44
0, 7419876, -616, -63, 338.56, 1.25, 13.33, 9.88, -54.47
0, 7425583, -608, -64, 338.56, 1.50, 12.68, 9.76, -42.81
0, 7431623, -600, -65, 335.62, 1.50, 12.68, 9.85, -29.64
0, 7439671, -589, -67, 334.69, 1.50, 12.01, 9.82, -11.22
0, 7448744, -559, -72, 334.75, 1.56, 12.03, 9.82, 9.99
0, 7457465, -475, -74, 334.87, 1.56, 12.08, 9.70, 29.97
0, 7463749, -358, -75, 334.87, 1.62, 12.33, 9.74, 43.64
0, 7471479, -124, -78, 335.06, 1.62, 12.33, 9.74, 59.12
0, 7477183, 105, -81, 335.06, 1.62, 12.43, 9.91, 69.34
0, 7483116, 325, -93, 335.50, 1.62, 11.77, 9.80, 78.65
0, 7490552, 494, -122, 336.87, 1.62, 11.77, 9.79, 88.16
0, 7499672, 732, -106, 339.69, 1.69, 11.11, 9.79, 96.16
0, 7509010, 1013, -79, 343.31, 2.00, 12.38, 9.20, 99.82
0, 7515763, 1178, -62, 343.31, 2.06, 12.26, 10.09, 99.51
0, 7522747, 1381, -43, 345.81, 2.06, 12.26, 10.09, 96.57
0, 7528696, 1608, -22, 348.44, 1.81, 11.54, 9.62, 92.03
0, 7535643, 1905, 6, 348.44, 1.56, 12.60, 9.77, 84.48
0, 7542365, 2120, 32, 351.19, 1.25, 12.20, 9.73, 75.05
0, 7551310, 2300, 49, 353.87, 1.25, 11.21, 9.62, 59.66
0, 7560780, 2461, 65, 357.69, 0.94, 11.21, 9.62, 40.54
0, 7568839, 2545, 73, 361.19, 0.62, 11.96, 9.94, 22.67
0, 7574549, 2551, 75, 361.19, 0.62, 11.84, 9.75, 9.48
0, 7580567, 2530, 81, 362.75, 0.50, 11.84, 9.75, -4.59
0, 7588327, 2483, 83, 364.37, 0.37, 11.59, 9.68, -22.58
0, 7595712, 2373, 85, 364.37, 0.31, 11.85, 9.89, -39.00
0, 7603525, 2183, 87, 365.12, 0.25, 11.77, 9.88, -55.11
0, 7611830, 1849, 97, 364.87, 0.25, 11.77, 9.88, -70.20
0, 7620086, 1400, 113, 362.81, 0.19, 11.61, 9.74, -82.58
0, 7625794, 1178, 104, 362.81, 0.19, 11.76, 9.51, -89.36
0, 7631668, 953, 84, 359.06, 0.13, 11.76, 9.51, -94.67
0, 7638809, 671, 59, 355.31, 0.00, 13.02, 9.40, -98.71
0, 7645959, 321, 27, 355.31, 0.06, 11.39, 9.99, -100.00
0, 7653287, -2, -2, 350.44, 0.31, 11.52, 9.63, -98.41
0, 7662138, -312, -31, 346.69, 0.31, 12.70, 9.63, -92.66
0, 7670393, -570, -55, 342.56, 0.69, 12.70, 9.90, -83.70
0, 7676103, -638, -62, 342.56, 0.69, 12.10, 9.83, -75.66
0, 7681961, -637, -64, 339.00, 1.06, 12.10, 9.83, -66.00
0, 7689803, -631, -64, 335.44, 1.37, 13.22, 9.78, -51.17
0, 7698584, -622, -66, 334.87, 1.50, 12.18, 9.82, -32.55
0, 7706200, -608, -69, 334.87, 1.56, 12.09, 9.84, -15.26
0, 7714360, -587, -74, 335.00, 1.56, 12.01, 9.73, 3.80
0, 7722092, -533, -75, 335.12, 1.56, 12.01, 9.73, 21.73
0, 7727799, -449, -76, 335.31, 1.62, 11.97, 9.78, 34.55
0, 7734031, -306, -77, 335.31, 1.62, 12.45, 9.81, 47.83
0, 7741726, -44, -81, 335.87, 1.62, 12.57, 9.81, 62.79
0, 7750576, 293, -93, 337.56, 1.69, 12.57, 9.78, 77.47
0, 7760482, 507, -123, 340.62, 1.69, 11.15, 9.93, 89.93
0, 7768375, 711, -108, 344.00, 1.75, 12.41, 10.92, 96.44
0, 7774237, 893, -92, 344.00, 1.75, 12.41, 10.92, 99.15
0, 7780580, 1078, -72, 346.25, 2.06, 11.65, 8.90, 99.98
0, 7788298, 1274, -53, 348.94, 2.06, 12.44, 9.64, 98.03
0, 7796171, 1552, -27, 348.94, 1.81, 11.54, 9.58, 92.74
0, 7804168, 1892, 5, 351.75, 1.81, 12.64, 9.99, 84.16
0, 7812770, 2158, 36, 354.56, 1.56, 12.13, 9.99, 71.65
0, 7820821, 2318, 50, 358.44, 1.25, 12.13, 9.74, 57.30
0, 7826530, 2416, 60, 358.44, 1.25, 11.33, 10.05, 45.86
0, 7832436, 2486, 67, 361.81, 0.88, 11.33, 10.05, 33.17
0, 7840219, 2518, 70, 363.81, 0.62, 11.98, 9.77, 15.52
0, 7847946, 2497, 78, 365.19, 0.50, 11.68, 9.77, -2.51
0, 7855321, 2457, 80, 365.19, 0.37, 11.77, 9.51, -19.66
0, 7863317, 2351, 81, 365.56, 0.37, 11.76, 10.00, -37.57
0, 7871328, 2173, 84, 365.25, 0.31, 11.76, 10.00, -54.19
0, 7877032, 1969, 88, 365.25, 0.31, 11.81, 9.85, -64.91
0, 7882937, 1657, 102, 364.25, 0.25, 11.81, 9.85, -74.77
0, 7889588, 1293, 109, 362.12, 0.25, 11.43, 9.66, -84.17
0, 7897303, 1003, 88, 362.12, 0.19, 11.62, 9.21, -92.50
0, 7906387, 669, 59, 357.87, 0.06, 12.63, 10.39, -98.44
0, 7915656, 233, 19, 353.00, 0.06, 12.07, 9.87, -99.92
0, 7922699, -55, -7, 349.37, 0.13, 12.07, 9.87, -97.90
0, 7928405, -247, -25, 345.25, 0.44, 11.96, 9.87, -94.32
0, 7934117, -452, -44, 345.25, 0.44, 12.72, 9.87, -89.04
0, 7941664, -610, -59, 341.06, 0.81, 12.72, 9.80, -79.65
0, 7951165, -633, -63, 337.62, 1.12, 11.83, 9.74, -64.34
0, 7960998, -625, -64, 335.31, 1.37, 12.92, 9.91, -45.17
0, 7968808, -614, -66, 335.00, 1.56, 12.08, 9.84, -28.19
0, 7974770, -602, -68, 335.00, 1.56, 12.08, 9.84, -14.56
0, 7980811, -585, -73, 335.06, 1.56, 12.05, 9.85, -0.46
0, 7986898, -552, -74, 335.06, 1.62, 12.01, 9.85, 13.75
0, 7994107, -463, -75, 335.19, 1.62, 12.25, 9.80, 30.20
0, 8003245, -276, -78, 335.44, 1.62, 12.45, 9.77, 49.76
0, 8012563, 38, -81, 336.25, 1.69, 12.53, 9.77, 67.36
0, 8020776, 324, -98, 338.06, 1.69, 12.53, 9.62, 80.25
0, 8026488, 444, -123, 338.06, 1.69, 11.04, 10.01, 87.49
0, 8032369, 597, -119, 341.06, 1.75, 11.04, 10.01, 93.31
0, 8039064, 789, -102, 344.25, 1.75, 12.59, 9.34, 97.78
0, 8047542, 1051, -75, 344.25, 1.75, 11.66, 9.73, 99.99
0, 8056377, 1277, -53, 346.62, 1.50, 12.53, 9.78, 98.12
0, 8065397, 1609, -22, 349.50, 1.50, 11.99, 10.03, 91.88
0, 8072631, 1925, 8, 352.25, 1.25, 11.99, 10.03, 83.91
0, 8078335, 2113, 31, 355.25, 0.94, 12.53, 9.76, 75.92
0, 8084395, 2244, 44, 355.25, 0.94, 12.05, 9.76, 65.95
0, 8092578, 2396, 58, 359.31, 0.56, 11.67, 9.56, 50.42
0, 8102151, 2532, 71, 362.37, 0.31, 11.96, 9.95, 29.96
0, 8111637, 2568, 76, 364.25, 0.19, 11.96, 9.67, 8.20
0, 8119459, 2539, 84, 365.69, 0.06, 11.69, 9.75, -10.09
0, 8125166, 2506, 85, 365.69, 0.06, 11.70, 9.75, -23.26
0, 8130871, 2417, 85, 366.12, 0.00, 11.70, 9.65, -36.01
0, 8137025, 2268, 87, 366.12, 0.00, 11.81, 9.83, -49.04
0, 8144426, 2018, 93, 365.75, -0.06, 11.72, 9.66, -63.33
0, 8153663, 1538, 113, 364.50, -0.13, 11.40, 9.66, -78.47
0, 8163154, 1162, 102, 361.81, -0.19, 12.32, 9.66, -90.20
0, 8171124, 873, 76, 357.37, -0.31, 12.32, 10.62, -96.65
0, 8176836, 643, 57, 357.37, -0.31, 11.90, 10.62, -99.21
0, 8183127, 325, 27, 353.12, -0.19, 11.90, 9.62, -99.98
0, 8190700, -13, -3, 349.56, 0.13, 11.92, 9.83, -98.03
0, 8199736, -333, -32, 345.19, 0.50, 12.22, 9.66, -91.69
0, 8208841, -593, -58, 340.81, 0.88, 12.62, 9.81, -81.17
0, 8216708, -640, -63, 340.81, 0.88, 11.89, 9.90, -69.10
0, 8223463, -633, -64, 337.37, 1.12, 11.89, 9.90, -56.84
0, 8229166, -627, -65, 335.19, 1.12, 12.78, 9.69, -45.38
0, 8235066, -619, -66, 335.19, 1.25, 11.94, 9.69, -32.67
0, 8243370, -608, -68, 335.00, 1.31, 12.04, 9.84, -13.79
0, 8253405, -579, -74, 335.06, 1.31, 12.05, 9.86, 9.65
0, 8263392, -481, -76, 335.19, 1.37, 12.27, 9.71, 32.46
0, 8271266, -320, -77, 335.44, 1.37, 12.27, 9.69, 49.25
0, 8277165, -130, -80, 335.44, 1.37, 12.37, 9.69, 60.77
0, 8283119, 126, -82, 336.19, 1.44, 12.37, 9.94, 71.22
0, 8289125, 336, -102, 338.06, 1.44, 12.75, 9.68, 80.36
0, 8296959, 519, -123, 338.06, 1.44, 10.93, 9.88, 89.87
0, 8306470, 776, -103, 341.56, 1.50, 12.42, 9.41, 97.34
0, 8316475, 1074, -73, 344.81, 1.81, 11.86, 9.41, 100.00
0, 8323442, 1247, -56, 347.25, 1.75, 11.86, 10.00, 98.62
0, 8329156, 1434, -39, 350.06, 1.75, 12.39, 9.62, 95.53
0, 8335081, 1671, -16, 350.06, 1.50, 12.44, 9.62, 90.53
0, 8342463, 1985, 15, 352.75, 1.25, 12.44, 9.81, 81.87
0, 8351296, 2221, 41, 355.94, 0.94, 12.28, 9.69, 68.32
0, 8360691, 2414, 59, 359.94, 0.56, 11.86, 9.67, 50.74
0, 8369603, 2556, 74, 362.75, 0.56, 11.86, 9.88, 31.78
0, 8375492, 2601, 79, 362.75, 0.31, 11.86, 9.88, 18.44
0, 8381206, 2593, 82, 364.75, 0.19, 11.85, 9.83, 5.16
0, 8387340, 2572, 86, 364.75, 0.19, 11.60, 9.61, -9.19
0, 8396244, 2509, 88, 366.19, 0.06, 11.87, 9.99, -29.60
0, 8406170, 2304, 90, 366.44, 0.00, 11.78, 9.87, -50.81
0, 8415777, 1975, 98, 366.00, -0.06, 11.53, 9.87, -68.75
0, 8423008, 1585, 115, 364.69, -0.13, 11.53, 9.76, -80.01
0, 8428715, 1305, 113, 362.06, -0.13, 11.44, 9.76, -87.29
0, 8434677, 1056, 93, 362.06, -0.19, 11.44, 9.47, -93.23
0, 8441611, 770, 68, 357.62, -0.31, 12.32, 9.58, -97.85
0, 8451060, 308, 26, 352.87, -0.13, 11.56, 10.01, -99.99
0, 8460853, -106, -12, 348.81, 0.19, 11.91, 9.76, -97.06
0, 8469991, -437, -42, 344.12, 0.19, 12.61, 9.88, -89.74
0, 8475901, -592, -58, 344.12, 0.56, 12.21, 9.88, -82.79
0, 8481617, -642, -62, 340.06, 0.88, 12.21, 9.74, -74.57
0, 8487324, -637, -64, 340.06, 0.88, 12.45, 9.83, -65.02
0, 8495962, -631, -65, 336.62, 1.19, 13.39, 9.78, -48.43
0, 8506102, -621, -66, 335.06, 1.31, 12.03, 9.77, -26.48
0, 8515639, -602, -71, 335.06, 1.31, 12.02, 9.77, -4.47
0, 8523178, -569, -74, 335.12, 1.31, 12.02, 9.89, 13.15
0, 8528892, -509, -76, 335.25, 1.31, 12.10, 9.89, 26.26
0, 8535201, -391, -77, 335.25, 1.37, 12.10, 9.81, 40.18
0, 8542053, -207, -79, 335.56, 1.44, 12.37, 9.78, 54.30
0, 8551573, 161, -84, 336.62, 1.44, 12.56, 9.84, 71.52
0, 8561362, 414, -122, 338.94, 1.44, 12.90, 9.91, 85.53
0, 8570794, 644, -114, 342.50, 1.44, 11.97, 10.68, 94.81
0, 8576746, 814, -100, 342.50, 1.56, 11.84, 10.68, 98.31
0, 8582706, 1004, -80, 345.12, 1.87, 11.84, 9.05, 99.90
0, 8588902, 1163, -63, 347.50, 1.87, 12.26, 9.72, 99.50
0, 8597918, 1439, -38, 347.50, 1.75, 12.23, 9.60, 95.18
0, 8607714, 1852, 1, 350.37, 1.50, 12.67, 10.00, 85.72
0, 8617637, 2180, 38, 353.06, 1.25, 12.15, 10.00, 71.55
0, 8624536, 2332, 52, 356.44, 0.94, 12.15, 9.77, 59.38
0, 8630243, 2441, 63, 360.44, 0.94, 11.63, 10.03, 48.13
0, 8635953, 2523, 72, 360.44, 0.56, 11.90, 10.03, 36.01
0, 8643478, 2576, 77, 363.19, 0.31, 11.69, 9.75, 19.09
0, 8652297, 2563, 82, 365.06, 0.13, 11.69, 9.77, -1.44
0, 8661912, 2509, 86, 366.19, 0.06, 11.60, 9.76, -23.73
0, 8671111, 2361, 87, 366.19, 0.06, 11.70, 9.87, -43.95
0, 8677044, 2212, 89, 366.19, 0.00, 11.79, 9.87, -55.97
0, 8682921, 1980, 94, 365.69, -0.06, 11.79, 9.86, -66.81
0, 8689340, 1624, 111, 364.19, -0.06, 11.57, 9.72, -77.20
0, 8698275, 1196, 105, 364.19, -0.06, 11.08, 8.84, -88.72
0, 8707831, 840, 73, 361.19, -0.13, 12.29, 10.63, -96.75
0, 8717714, 400, 34, 356.12, -0.25, 11.75, 10.63, -99.97
0, 8724622, 84, 6, 351.87, -0.06, 11.75, 9.87, -99.06
0, 8730325, -127, -14, 348.12, -0.06, 11.59, 9.87, -96.35
0, 8736218, -331, -32, 348.12, 0.25, 12.72, 9.84, -91.75
0, 8742897, -538, -52, 343.62, 0.62, 12.72, 9.78, -84.43
0, 8752117, -627, -61, 339.75, 0.94, 12.00, 9.75, -70.98
0, 8761980, -619, -63, 336.56, 1.19, 12.93, 9.89, -52.97
0, 8771144, -609, -64, 335.19, 1.19, 13.04, 9.75, -33.69
0, 8776849, -596, -67, 335.19, 1.31, 12.13, 9.75, -20.85
0, 8782784, -583, -70, 335.25, 1.31, 12.13, 9.73, -7.09
0, 8788593, -563, -73, 335.25, 1.31, 12.08, 9.83, 6.50
0, 8797862, -474, -74, 335.31, 1.37, 11.90, 9.79, 27.84
0, 8806976, -312, -75, 335.50, 1.37, 12.33, 9.79, 47.56
0, 8815807, -32, -79, 335.94, 1.44, 12.50, 9.73, 64.61
0, 8823404, 261, -87, 337.06, 1.44, 12.50, 9.63, 77.10
0, 8830011, 424, -121, 339.25, 1.44, 12.92, 10.07, 85.99
0, 8837892, 627, -116, 339.25, 1.44, 11.16, 10.07, 93.90
0, 8845629, 854, -96, 342.75, 1.56, 11.40, 9.40, 98.56
0, 8855181, 1126, -67, 345.56, 1.87, 12.54, 9.75, 99.86
0, 8865054, 1410, -41, 348.12, 1.75, 11.87, 9.79, 95.96
0, 8873056, 1735, -10, 351.00, 1.75, 11.87, 10.05, 89.04
0, 8878937, 1985, 15, 351.00, 1.44, 12.60, 10.05, 81.95
0, 8884859, 2152, 36, 353.62, 1.25, 12.60, 9.74, 73.24
0, 8891756, 2295, 49, 357.19, 0.88, 12.06, 9.55, 61.34
0, 8900679, 2456, 64, 361.06, 0.88, 11.34, 10.07, 43.62
0, 8909892, 2566, 76, 363.44, 0.56, 11.88, 9.80, 23.34
0, 8918801, 2575, 81, 363.44, 0.31, 11.69, 9.80, 2.69
0, 8925202, 2548, 85, 365.19, 0.19, 11.69, 9.85, -12.27
0, 8931337, 2495, 86, 366.25, 0.19, 11.59, 9.85, -26.35
0, 8937227, 2392, 87, 366.25, 0.06, 11.72, 9.55, -39.37
0, 8944595, 2197, 90, 366.25, 0.00, 11.76, 9.92, -54.57
0, 8953428, 1837, 100, 365.56, 0.00, 11.49, 9.65, -70.62
0, 8962367, 1374, 114, 363.62, -0.06, 11.49, 9.69, -83.79
0, 8971434, 1040, 91, 360.19, -0.06, 11.58, 9.69, -93.41
0, 8977384, 817, 72, 360.19, -0.19, 12.33, 9.56, -97.47
0, 8983350, 553, 49, 355.37, -0.19, 12.33, 9.67, -99.63
0, 8989491, 241, 20, 351.56, -0.25, 11.87, 9.90, -99.83
0, 8998484, -130, -14, 351.56, -0.06, 11.46, 9.90, -96.42
0, 9007965, -471, -45, 347.69, 0.31, 12.69, 9.70, -88.20
0, 9017779, -643, -62, 343.00, 0.69, 11.87, 9.82, -75.15
0, 9024550, -645, -65, 339.19, 1.00, 11.87, 9.93, -63.79
0, 9030261, -639, -65, 336.00, 1.00, 13.44, 9.93, -52.95
0, 9035968, -633, -66, 336.00, 1.25, 13.44, 9.71, -41.17
0, 9042197, -625, -68, 335.00, 1.37, 12.79, 9.79, -27.48
0, 9051328, -612, -71, 335.06, 1.37, 12.05, 9.83, -6.45
0, 9060836, -571, -76, 335.19, 1.37, 12.07, 9.70, 15.75
0, 9070737, -445, -77, 335.31, 1.37, 11.97, 9.70, 38.02
0, 9076442, -322, -78, 335.31, 1.44, 12.57, 9.86, 50.00
0, 9082156, -125, -81, 335.69, 1.44, 12.57, 9.86, 61.11
0, 9088066, 134, -84, 335.69, 1.50, 12.66, 9.92, 71.45
0, 9093850, 332, -104, 336.94, 1.50, 12.55, 9.76, 80.24
0, 9103570, 559, -122, 339.56, 1.50, 10.89, 10.03, 91.64
0, 9112488, 804, -100, 343.44, 1.69, 10.89, 9.77, 97.95
0, 9121795, 1080, -72, 346.00, 1.69, 11.71, 9.77, 99.99
0, 9127499, 1219, -58, 346.00, 1.94, 12.49, 9.97, 98.90
0, 9133405, 1401, -42, 348.56, 1.94, 12.49, 9.97, 95.91
0, 9139118, 1624, -21, 348.56, 1.75, 11.53, 9.57, 91.28
0, 9146025, 1918, 8, 351.44, 1.44, 12.38, 9.85, 83.51
0, 9154508, 2168, 37, 354.06, 1.19, 11.94, 9.71, 71.00
0, 9164172, 2363, 55, 357.75, 0.88, 11.22, 9.66, 53.39
0, 9173508, 2514, 70, 361.44, 0.88, 11.22, 9.85, 33.78
0, 9179212, 2566, 76, 361.44, 0.50, 11.88, 9.85, 20.94
0, 9185152, 2564, 79, 363.62, 0.31, 11.88, 9.75, 7.18
0, 9191047, 2543, 83, 365.37, 0.31, 11.70, 9.55, -6.62
0, 9200801, 2473, 85, 366.25, 0.19, 11.51, 9.55, -29.04
0, 9209238, 2317, 86, 366.25, 0.13, 11.80, 9.97, -47.26
0, 9217770, 2055, 90, 366.06, 0.06, 11.62, 9.88, -63.82
0, 9224534, 1725, 102, 365.31, 0.06, 11.62, 9.69, -75.16
0, 9230500, 1387, 114, 365.31, 0.00, 11.36, 9.69, -83.62
0, 9236206, 1143, 101, 363.44, -0.06, 11.36, 9.56, -90.18
0, 9242111, 906, 80, 359.87, -0.06, 11.73, 9.39, -95.28
0, 9249532, 593, 52, 359.87, -0.13, 11.55, 9.39, -99.09
0, 9258933, 136, 10, 354.81, 0.13, 11.84, 9.82, -99.64
0, 9268520, -223, -22, 350.62, 0.44, 11.54, 9.58, -95.24
0, 9275412, -477, -46, 346.44, 0.44, 11.54, 9.94, -89.10
0, 9281308, -607, -59, 341.94, 0.81, 12.60, 9.94, -82.00
0, 9287016, -643, -62, 341.94, 1.12, 12.44, 9.82, -73.64
0, 9292919, -637, -64, 338.31, 1.12, 12.44, 9.71, -63.61
0, 9302044, -631, -65, 335.56, 1.37, 13.32, 9.75, -45.79
0, 9311908, -619, -67, 335.06, 1.44, 12.26, 9.86, -24.22
0, 9322023, -599, -72, 335.19, 1.44, 12.08, 9.86, -0.78
0, 9327734, -575, -74, 335.19, 1.44, 12.09, 9.83, 12.57
0, 9333812, -502, -76, 335.25, 1.44, 12.09, 9.83, 26.51
0, 9339955, -387, -77, 335.44, 1.50, 11.97, 9.77, 40.07
0, 9348956, -133, -80, 335.44, 1.56, 12.55, 9.68, 58.35
0, 9357054, 176, -85, 336.00, 1.56, 12.87, 9.91, 72.62
0, 9365103, 389, -119, 337.69, 1.56, 11.70, 9.83, 84.21
0, 9373997, 604, -118, 340.62, 1.56, 11.70, 9.83, 93.55
0, 9379923, 767, -104, 340.62, 1.75, 11.90, 10.59, 97.54
0, 9385835, 957, -85, 344.00, 1.75, 11.90, 9.15, 99.65
0, 9392217, 1128, -67, 346.31, 2.00, 12.20, 9.93, 99.79
0, 9402045, 1411, -41, 348.94, 1.81, 12.27, 9.63, 95.66
0, 9411852, 1817, -3, 351.81, 1.50, 11.42, 9.93, 86.51
0, 9420859, 2135, 34, 354.56, 1.25, 12.22, 9.93, 74.10
0, 9426578, 2263, 46, 354.56, 0.94, 12.22, 9.74, 64.46
0, 9432589, 2377, 57, 358.44, 0.94, 11.74, 9.74, 53.10
0, 9438293, 2467, 66, 358.44, 0.56, 11.23, 10.02, 41.34
0, 9444495, 2530, 72, 362.00, 0.37, 11.75, 9.77, 27.72
0, 9452711, 2542, 76, 364.12, 0.37, 11.75, 9.69, 8.84
0, 9462226, 2512, 82, 365.56, 0.25, 11.62, 9.54, -13.40
0, 9472033, 2424, 83, 366.06, 0.19, 11.73, 9.54, -35.61
0, 9477736, 2311, 84, 366.06, 0.13, 11.95, 10.11, -47.74
0, 9483872, 2117, 87, 365.81, 0.13, 11.95, 10.11, -59.83
0, 9489590, 1856, 94, 365.81, 0.13, 11.61, 9.76, -69.99
0, 9495631, 1498, 113, 365.06, 0.06, 11.15, 9.61, -79.36
0, 9504134, 1124, 99, 362.94, 0.06, 11.65, 8.66, -89.83
0, 9512749, 810, 70, 358.75, -0.06, 11.65, 10.56, -96.81
0, 9522430, 375, 32, 353.69, -0.06, 11.82, 10.56, -99.97
0, 9528136, 117, 9, 353.69, 0.19, 11.57, 9.92, -99.43
0, 9534310, -115, -13, 350.00, 0.19, 11.57, 9.92, -96.84
0, 9540011, -310, -30, 350.00, 0.50, 11.72, 9.72, -92.66
0, 9546936, -533, -51, 345.87, 0.88, 12.69, 9.76, -85.38
0, 9554576, -627, -61, 341.56, 1.19, 12.85, 9.77, -74.75
0, 9563295, -624, -63, 338.12, 1.19, 12.85, 9.90, -59.72
0, 9572811, -616, -64, 335.62, 1.37, 13.09, 9.90, -40.52
0, 9578515, -605, -66, 335.62, 1.44, 12.09, 9.83, -27.98
0, 9584476, -594, -68, 335.25, 1.44, 12.09, 9.83, -14.35
0, 9590183, -579, -72, 335.25, 1.50, 12.10, 9.76, -1.03
0, 9597286, -539, -74, 335.31, 1.50, 11.91, 9.76, 15.54
0, 9604678, -448, -75, 335.50, 1.56, 12.14, 9.84, 32.33
0, 9613494, -260, -77, 335.69, 1.56, 12.14, 9.70, 51.04
0, 9622446, 55, -81, 336.44, 1.56, 12.50, 9.70, 67.82
0, 9628148, 267, -89, 336.44, 1.56, 12.70, 9.61, 77.00
0, 9634769, 429, -122, 338.06, 1.56, 11.24, 10.06, 85.93
0, 9642773, 631, -116, 341.06, 1.62, 11.24, 10.06, 93.96
0, 9651663, 891, -92, 344.37, 1.81, 12.66, 9.28, 99.01
0, 9660108, 1122, -68, 344.37, 2.00, 12.53, 9.82, 99.84
0, 9667177, 1305, -50, 346.81, 1.81, 11.90, 9.73, 97.54
0, 9675154, 1597, -23, 349.56, 1.81, 11.90, 9.73, 91.75
0, 9680869, 1841, 0, 349.56, 1.50, 11.68, 10.05, 85.62
0, 9686580, 2052, 23, 352.25, 1.50, 11.68, 9.75, 77.97
0, 9692534, 2189, 40, 355.12, 1.25, 12.12, 9.75, 68.51
0, 9701661, 2353, 54, 359.00, 0.94, 11.47, 9.60, 51.50
0, 9709805, 2470, 66, 359.00, 0.62, 11.41, 10.02, 34.31
0, 9716877, 2515, 70, 362.19, 0.44, 12.00, 9.71, 18.35
0, 9724939, 2497, 77, 364.06, 0.44, 12.00, 9.71, -0.42
0, 9730637, 2473, 79, 364.06, 0.31, 11.54, 9.80, -13.73
0, 9736411, 2416, 80, 365.44, 0.31, 11.54, 9.80, -26.96
0, 9742369, 2316, 81, 365.75, 0.25, 11.84, 9.39, -40.09
0, 9750975, 2094, 85, 365.37, 0.19, 11.74, 9.89, -57.62
0, 9757980, 1800, 93, 365.37, 0.13, 11.40, 9.65, -70.19
0, 9765520, 1378, 110, 364.25, 0.06, 11.27, 9.68, -81.61
0, 9774600, 1038, 91, 361.81, 0.06, 11.27, 9.68, -91.97
0, 9780315, 842, 73, 361.81, 0.00, 12.18, 9.22, -96.39
0, 9786262, 599, 53, 357.50, 0.00, 12.18, 9.22, -99.15
0, 9792573, 285, 24, 352.94, -0.06, 12.04, 9.57, -99.98
0, 9801676, -94, -11, 349.50, 0.19, 11.28, 9.76, -97.35
0, 9809396, -366, -35, 349.50, 0.56, 12.13, 9.80, -91.65
0, 9816401, -570, -55, 345.19, 0.94, 12.71, 9.74, -83.89
0, 9824885, -635, -62, 340.94, 0.94, 12.71, 9.74, -71.49
0, 9830596, -628, -63, 337.50, 1.25, 13.37, 9.92, -61.53
0, 9836531, -623, -64, 337.50, 1.25, 13.37, 9.92, -50.01
0, 9842617, -616, -65, 335.37, 1.44, 12.79, 9.73, -37.20
0, 9850330, -606, -67, 335.37, 1.44, 11.98, 9.78, -19.92
0, 9858111, -588, -72, 335.25, 1.50, 12.03, 9.84, -1.83
0, 9865895, -548, -74, 335.31, 1.50, 11.92, 9.80, 16.33
0, 9875098, -425, -76, 335.44, 1.50, 11.92, 9.80, 37.05
0, 9880806, -306, -77, 335.69, 1.56, 12.27, 9.80, 49.10
0, 9886700, -108, -80, 335.69, 1.56, 12.27, 9.80, 60.62
0, 9892822, 152, -83, 336.50, 1.56, 12.50, 9.90, 71.36
0, 9900784, 387, -115, 338.25, 1.56, 12.65, 9.88, 83.11
0, 9908493, 570, -121, 338.25, 1.62, 10.78, 10.10, 91.75
0, 9916260, 778, -103, 341.69, 1.87, 12.81, 9.67, 97.43
0, 9925375, 1050, -75, 344.94, 1.87, 12.81, 9.67, 99.99
0, 9931094, 1186, -61, 347.25, 2.00, 12.45, 9.90, 99.28
0, 9936990, 1353, -46, 347.25, 2.00, 12.45, 9.90, 96.68
0, 9943204, 1586, -24, 350.00, 1.75, 11.59, 9.59, 91.95
0, 9951039, 1918, 8, 352.62, 1.50, 12.15, 9.88, 83.24
0, 9958821, 2151, 35, 352.62, 1.25, 12.01, 9.71, 71.82
0, 9966799, 2308, 50, 355.62, 0.88, 11.25, 9.65, 57.64
0, 9975578, 2449, 64, 359.62, 0.88, 11.25, 9.65, 39.74
0, 9981288, 2510, 70, 362.56, 0.56, 11.69, 9.90, 27.15
0, 9987193, 2522, 72, 362.56, 0.56, 11.69, 9.90, 13.62
0, 9993701, 2502, 78, 364.37, 0.44, 11.88, 9.84, -1.58
0, 10003406, 2446, 81, 365.69, 0.31, 11.54, 9.46, -24.07
