********************************************************************************
Obsolete PIO Core v6.1.11 is used (previous was 6.1.14)
Please remove multiple PIO Cores from a system:
https://docs.platformio.org/en/latest/core/installation/troubleshooting.html
********************************************************************************
--- Terminal on /dev/cu.usbmodem14303 | 230400 8-N-1
--- Available filters and text transformations: colorize, debug, default, direct, hexlify, log2file, nocontrol, printable, send_on_enter, time
--- More details at https://bit.ly/pio-monitor-filters
--- Quit: Ctrl+C | Menu: Ctrl+T | Help: Ctrl+T followed by Ctrl+H
start
pain
Waiting for ODrive...
pin
found ODrive
DC voltage: 24.00
Enabling closed loop control...
ODrive running!
end time:10000000
0, 33, 65536, -65536, 338.06, 0.94, 12.11, 9.53, 100.00
0, 7251, 265, -20, 338.12, 0.94, 12.12, 9.53, 98.56
0, 16167, 856, -26, 338.12, 0.94, 13.48, 10.69, 92.92
0, 22710, 1195, -56, 338.12, 1.06, 14.11, 10.69, 86.18
0, 29657, 1420, -39, 339.37, 1.19, 14.11, 8.88, 76.83
0, 38677, 1724, -12, 345.00, 1.44, 10.73, 8.74, 61.70
0, 48484, 1974, 19, 350.06, 1.25, 11.92, 10.23, 42.16
0, 55264, 2024, 27, 353.31, 1.25, 11.96, 8.83, 27.29
0, 63347, 2010, 30, 353.31, 0.94, 11.36, 8.83, 8.70
0, 69534, 1984, 35, 356.31, 0.75, 11.36, 9.28, -5.77
0, 77693, 1916, 40, 357.69, 0.75, 11.43, 9.52, -24.63
0, 85391, 1791, 41, 357.56, 0.69, 11.95, 10.33, -41.61
0, 93644, 1533, 48, 357.56, 0.62, 11.98, 9.72, -58.30
0, 102830, 1096, 64, 357.00, 0.56, 11.38, 9.72, -74.30
0, 110553, 854, 68, 355.69, 0.50, 11.38, 9.33, -85.13
0, 116678, 712, 59, 352.75, 0.50, 11.95, 9.68, -91.76
0, 123386, 469, 38, 352.75, 0.37, 13.10, 9.68, -96.85
0, 130150, 217, 16, 348.37, 0.44, 11.25, 9.70, -99.56
0, 138960, -68, -10, 345.62, 0.62, 11.25, 9.79, -99.36
0, 148701, -372, -37, 342.44, 0.94, 12.04, 9.80, -94.24
0, 155496, -569, -56, 338.94, 0.94, 12.37, 9.73, -87.74
0, 163578, -651, -64, 338.94, 1.19, 11.61, 9.73, -77.15
0, 169488, -650, -66, 336.00, 1.44, 11.61, 9.77, -67.63
0, 177889, -644, -66, 333.00, 1.44, 13.30, 9.76, -51.93
0, 185479, -635, -68, 331.81, 1.56, 12.09, 9.75, -36.00
0, 193651, -624, -70, 331.81, 1.56, 12.12, 9.75, -17.59
0, 202505, -603, -75, 331.81, 1.62, 12.11, 9.77, 3.05
0, 209179, -564, -77, 331.94, 1.62, 12.11, 9.83, 18.57
0, 215968, -461, -78, 332.06, 1.62, 11.98, 9.83, 33.90
0, 221899, -326, -80, 332.06, 1.69, 12.50, 9.85, 46.60
0, 229446, -70, -84, 332.31, 1.69, 12.50, 9.59, 61.43
0, 237443, 254, -91, 333.31, 1.69, 12.59, 9.90, 75.05
0, 246535, 467, -123, 335.56, 1.69, 11.20, 10.49, 87.32
0, 254397, 663, -113, 335.56, 1.75, 12.48, 10.49, 94.77
0, 262144, 901, -92, 339.12, 2.06, 11.57, 9.66, 98.97
0, 268060, 1082, -73, 342.00, 2.06, 11.57, 9.66, 100.00
0, 275905, 1290, -53, 344.37, 2.06, 12.59, 9.66, 98.41
0, 281988, 1512, -32, 344.37, 1.81, 11.73, 9.44, 94.88
0, 291028, 1917, 6, 347.31, 1.56, 12.67, 9.98, 86.13
0, 299869, 2215, 42, 350.06, 1.25, 12.67, 9.73, 73.84
0, 306634, 2384, 57, 353.56, 1.25, 12.12, 9.53, 62.27
0, 314515, 2563, 73, 353.56, 0.88, 11.68, 9.53, 46.86
0, 320218, 2667, 83, 357.75, 0.56, 11.94, 9.75, 34.67
0, 328274, 2720, 90, 360.62, 0.56, 11.94, 9.76, 16.47
0, 336008, 2704, 96, 362.87, 0.37, 11.66, 9.68, -1.57
0, 344971, 2663, 100, 362.87, 0.25, 11.56, 9.68, -22.37
0, 354019, 2542, 101, 364.37, 0.19, 11.80, 9.88, -42.37
0, 361653, 2307, 103, 364.50, 0.13, 11.63, 10.05, -57.81
0, 368209, 2023, 111, 364.06, 0.13, 11.63, 9.57, -69.61
0, 375706, 1612, 125, 362.81, 0.06, 11.49, 9.57, -81.08
0, 381848, 1313, 116, 362.81, 0.00, 11.37, 9.78, -88.63
0, 390461, 944, 82, 359.62, -0.06, 12.51, 10.64, -96.11
0, 399761, 520, 45, 354.81, 0.00, 12.51, 9.51, -99.81
0, 406525, 178, 14, 350.06, 0.00, 11.95, 9.78, -99.53
0, 414847, -148, -16, 350.06, 0.31, 11.79, 9.78, -95.78
0, 420560, -350, -35, 345.94, 0.69, 12.86, 9.90, -91.09
0, 428585, -561, -55, 341.19, 0.69, 12.86, 9.79, -81.78
0, 436449, -602, -60, 337.06, 1.06, 12.04, 9.79, -69.86
0, 444703, -595, -62, 337.06, 1.37, 13.20, 9.83, -54.81
0, 453512, -586, -63, 333.75, 1.50, 11.94, 9.76, -36.51
0, 460344, -573, -65, 332.31, 1.56, 11.94, 9.88, -21.21
0, 467319, -558, -69, 332.31, 1.56, 12.13, 9.88, -5.04
0, 474282, -530, -72, 332.31, 1.56, 12.09, 9.77, 11.24
0, 481124, -460, -74, 332.44, 1.62, 12.19, 9.77, 26.95
0, 490413, -286, -75, 332.62, 1.69, 12.48, 9.70, 47.11
0, 499575, 6, -79, 332.94, 1.69, 12.48, 9.92, 64.81
0, 506738, 282, -86, 334.06, 1.69, 12.42, 9.92, 76.62
0, 514719, 491, -121, 334.06, 1.69, 12.74, 9.67, 87.22
0, 520436, 640, -116, 336.19, 1.75, 12.74, 9.80, 92.97
0, 528321, 875, -94, 339.62, 1.75, 12.73, 8.90, 98.15
0, 535711, 1097, -71, 339.62, 2.00, 11.48, 8.90, 99.98
0, 544880, 1353, -47, 342.56, 2.06, 12.56, 10.03, 98.10
0, 553660, 1716, -14, 345.12, 1.75, 12.26, 9.58, 92.07
0, 560553, 2028, 18, 348.12, 1.50, 12.26, 9.88, 84.60
0, 567837, 2247, 46, 350.87, 1.50, 12.46, 9.88, 74.31
0, 574992, 2432, 61, 350.87, 1.19, 11.83, 9.51, 62.11
0, 581447, 2592, 76, 354.75, 0.81, 11.92, 9.94, 49.60
0, 590473, 2758, 93, 358.75, 0.56, 11.87, 9.66, 30.28
0, 600669, 2795, 99, 361.44, 0.37, 11.87, 9.68, 6.87
0, 607772, 2768, 104, 363.75, 0.37, 11.61, 9.74, -9.74
0, 616001, 2725, 106, 363.75, 0.19, 11.53, 9.74, -28.63
0, 621876, 2647, 107, 365.19, 0.13, 11.80, 9.30, -41.50
0, 629662, 2398, 110, 365.19, 0.13, 11.80, 9.75, -57.31
0, 637948, 2013, 120, 364.75, 0.06, 11.58, 9.70, -72.04
0, 648108, 1501, 128, 363.37, 0.00, 11.14, 9.70, -86.36
0, 655875, 1156, 101, 363.37, -0.06, 11.50, 9.62, -94.05
0, 663798, 796, 70, 359.75, -0.13, 12.42, 9.21, -98.71
0, 670226, 465, 40, 354.87, 0.00, 12.42, 9.87, -99.99
0, 678399, 51, 2, 350.37, 0.00, 11.66, 9.93, -98.37
0, 685996, -229, -24, 346.00, 0.31, 12.03, 9.93, -93.63
0, 693092, -479, -47, 346.00, 0.75, 12.78, 9.75, -86.53
0, 701468, -603, -60, 341.00, 1.12, 12.08, 9.88, -75.10
0, 708466, -603, -62, 336.75, 1.12, 12.08, 9.87, -63.32
0, 716556, -597, -63, 333.50, 1.37, 13.47, 9.87, -47.61
0, 722262, -588, -64, 333.50, 1.56, 11.93, 9.82, -35.46
0, 730000, -578, -66, 332.25, 1.56, 11.93, 9.73, -18.03
0, 738480, -556, -72, 332.31, 1.56, 12.16, 9.69, 1.73
0, 748409, -490, -74, 332.44, 1.62, 11.97, 9.72, 24.73
0, 756505, -364, -75, 332.56, 1.62, 12.38, 9.72, 42.55
0, 763158, -184, -77, 332.56, 1.69, 12.44, 9.78, 56.08
0, 770163, 101, -81, 332.94, 1.69, 12.44, 9.65, 68.85
0, 778530, 390, -103, 334.00, 1.69, 12.77, 9.65, 81.65
0, 786122, 571, -120, 336.44, 1.69, 12.30, 10.14, 90.58
0, 793074, 757, -105, 336.44, 1.75, 12.36, 10.54, 96.25
0, 801480, 1023, -79, 340.19, 2.06, 12.36, 9.14, 99.70
0, 808680, 1208, -60, 342.94, 2.06, 11.96, 9.70, 99.59
0, 817020, 1485, -35, 345.50, 2.06, 12.46, 9.70, 95.94
0, 823368, 1762, -9, 345.50, 1.75, 12.58, 9.59, 90.70
0, 830594, 2071, 23, 348.44, 1.75, 12.27, 9.94, 82.31
0, 838745, 2293, 51, 351.19, 1.50, 12.27, 9.68, 70.04
0, 848539, 2542, 72, 355.19, 1.19, 11.61, 9.68, 51.97
0, 856728, 2726, 90, 355.19, 0.81, 11.97, 9.85, 34.74
0, 864008, 2793, 98, 358.94, 0.56, 11.85, 9.75, 18.32
0, 870628, 2783, 103, 361.50, 0.56, 11.48, 9.79, 2.92
0, 878696, 2758, 105, 363.94, 0.37, 11.48, 9.79, -15.91
0, 886222, 2712, 106, 365.19, 0.19, 11.64, 9.57, -32.97
0, 893295, 2574, 108, 365.19, 0.13, 11.77, 10.07, -48.09
0, 901145, 2268, 112, 365.12, 0.13, 11.59, 9.80, -63.31
0, 908834, 1876, 127, 364.69, 0.06, 11.59, 9.80, -76.15
0, 916595, 1482, 128, 363.06, 0.06, 11.02, 9.55, -86.61
0, 922353, 1211, 105, 363.06, 0.00, 11.89, 9.68, -92.55
0, 930036, 856, 74, 359.12, 0.00, 11.89, 10.11, -97.83
0, 938241, 438, 37, 354.12, -0.13, 12.01, 10.11, -99.99
0, 947063, 6, -2, 349.50, 0.00, 11.66, 9.82, -98.20
0, 953735, -235, -24, 349.50, 0.37, 11.66, 9.68, -94.06
0, 960655, -479, -47, 344.94, 0.37, 11.66, 9.72, -87.35
0, 968822, -609, -60, 339.87, 0.81, 12.33, 9.72, -76.50
0, 976172, -614, -63, 339.87, 1.19, 12.50, 9.88, -64.33
0, 982278, -608, -63, 336.00, 1.44, 13.31, 9.70, -52.76
0, 990061, -601, -64, 333.00, 1.44, 11.98, 9.68, -36.49
0, 999262, -588, -67, 332.12, 1.56, 11.98, 9.68, -15.74
0, 1007528, -563, -73, 332.25, 1.62, 12.09, 9.78, 3.56
0, 1014204, -520, -74, 332.25, 1.62, 11.98, 9.89, 19.08
0, 1021104, -420, -76, 332.31, 1.62, 12.46, 9.77, 34.62
0, 1029181, -234, -78, 332.50, 1.62, 12.46, 9.77, 51.65
0, 1036955, 47, -81, 333.00, 1.69, 12.48, 9.69, 66.30
0, 1042893, 279, -88, 333.00, 1.75, 12.80, 9.84, 76.04
0, 1051090, 482, -123, 334.44, 1.75, 12.80, 10.20, 87.03
0, 1059055, 681, -112, 337.12, 1.75, 11.52, 10.20, 94.66
0, 1066833, 915, -91, 340.69, 1.81, 11.68, 9.47, 98.93
0, 1073165, 1099, -71, 340.69, 2.12, 12.37, 9.57, 100.00
0, 1080545, 1291, -52, 343.19, 2.12, 12.37, 9.90, 98.47
0, 1088608, 1594, -25, 345.81, 2.06, 12.11, 9.90, 93.46
0, 1097550, 1992, 14, 348.69, 1.75, 12.71, 9.98, 84.02
0, 1104206, 2199, 41, 348.69, 1.44, 12.14, 9.74, 74.58
0, 1110981, 2364, 57, 351.50, 1.44, 11.48, 9.55, 63.11
0, 1119027, 2547, 74, 355.50, 1.06, 11.48, 9.55, 47.47
0, 1126016, 2676, 87, 355.50, 0.81, 11.54, 9.77, 32.49
0, 1132355, 2725, 94, 359.12, 0.62, 11.77, 9.72, 18.14
0, 1140506, 2715, 97, 361.56, 0.62, 11.53, 9.68, -0.85
0, 1149776, 2676, 101, 363.62, 0.50, 11.53, 9.68, -22.37
0, 1157520, 2583, 101, 364.56, 0.44, 11.76, 9.60, -39.58
0, 1164202, 2391, 103, 364.56, 0.37, 11.70, 10.12, -53.41
0, 1171165, 2104, 110, 364.44, 0.37, 11.70, 9.63, -66.43
0, 1179225, 1677, 125, 363.81, 0.37, 11.62, 9.63, -79.28
0, 1186613, 1330, 118, 363.81, 0.25, 11.31, 9.71, -88.59
0, 1193352, 1043, 92, 361.69, 0.19, 12.07, 10.18, -94.78
0, 1201328, 693, 60, 357.56, 0.19, 12.07, 9.60, -99.05
0, 1209299, 276, 22, 352.62, 0.37, 11.87, 9.60, -99.88
0, 1217022, -62, -9, 352.62, 0.75, 11.47, 9.73, -97.37
0, 1222921, -268, -27, 348.37, 0.75, 11.73, 9.88, -93.31
0, 1230829, -527, -52, 343.94, 1.12, 11.73, 9.88, -85.09
0, 1239020, -619, -61, 339.12, 1.50, 12.04, 9.76, -73.51
0, 1247441, -614, -63, 335.44, 1.75, 12.99, 9.82, -58.80
0, 1253915, -606, -64, 335.44, 1.87, 13.05, 9.70, -45.91
0, 1261126, -598, -66, 332.69, 1.87, 13.05, 9.82, -30.32
0, 1269611, -584, -69, 332.12, 1.87, 12.09, 9.82, -10.91
0, 1277421, -557, -74, 332.19, 1.94, 12.05, 9.78, 7.35
0, 1283644, -507, -75, 332.19, 1.94, 11.94, 9.66, 21.76
0, 1291280, -385, -76, 332.31, 1.94, 12.53, 9.70, 38.78
0, 1300908, -130, -79, 332.50, 2.00, 12.53, 9.70, 58.40
0, 1308622, 168, -83, 333.12, 2.00, 12.46, 9.90, 72.04
0, 1315274, 377, -104, 333.12, 2.00, 12.54, 9.78, 81.93
0, 1322073, 538, -122, 334.75, 2.00, 11.33, 9.82, 89.98
0, 1329902, 746, -106, 337.56, 2.12, 11.33, 9.82, 96.43
0, 1337764, 993, -82, 341.00, 2.44, 11.54, 9.09, 99.65
0, 1345117, 1184, -62, 341.00, 2.31, 12.51, 9.99, 99.61
0, 1352813, 1419, -41, 343.50, 2.31, 11.79, 9.56, 96.42
0, 1360649, 1748, -11, 346.19, 2.06, 11.79, 9.56, 89.95
0, 1368413, 2073, 24, 349.00, 1.81, 12.62, 9.85, 80.57
0, 1375193, 2251, 48, 349.00, 1.81, 12.05, 9.60, 70.19
0, 1382004, 2406, 60, 351.94, 1.44, 11.24, 9.79, 57.98
0, 1390073, 2572, 76, 356.06, 1.06, 11.24, 9.79, 41.65
0, 1399752, 2691, 90, 359.44, 0.88, 11.76, 9.78, 20.15
0, 1406923, 2698, 94, 359.44, 0.69, 11.67, 9.66, 3.49
0, 1413675, 2671, 97, 361.69, 0.69, 11.65, 9.73, -12.29
0, 1421773, 2613, 98, 363.56, 0.56, 11.72, 9.73, -30.78
0, 1429982, 2437, 100, 364.31, 0.50, 11.72, 9.43, -48.40
0, 1437794, 2161, 105, 364.12, 0.44, 11.63, 9.69, -63.51
0, 1445731, 1762, 120, 364.12, 0.37, 11.31, 9.82, -76.69
0, 1453539, 1372, 119, 363.31, 0.37, 11.76, 9.64, -87.08
0, 1461376, 1041, 91, 360.87, 0.31, 11.76, 9.64, -94.59
0, 1468833, 725, 63, 356.69, 0.25, 12.13, 9.18, -98.79
0, 1475601, 376, 31, 356.69, 0.25, 11.88, 9.86, -100.00
0, 1482426, 50, 2, 351.81, 0.44, 11.56, 9.86, -98.68
0, 1490446, -238, -25, 347.62, 0.81, 11.56, 9.87, -93.92
0, 1499259, -530, -52, 343.12, 1.19, 12.01, 9.80, -84.89
0, 1505940, -617, -61, 343.12, 1.50, 11.98, 9.81, -75.61
0, 1512712, -617, -63, 338.50, 1.50, 13.37, 9.87, -64.33
0, 1521038, -611, -64, 334.94, 1.81, 13.37, 9.87, -48.27
0, 1528906, -601, -66, 332.44, 1.87, 12.79, 9.81, -31.41
0, 1535667, -588, -68, 332.44, 1.87, 12.15, 9.78, -16.05
0, 1542717, -570, -73, 332.12, 1.87, 12.08, 9.77, 0.40
0, 1552258, -507, -75, 332.19, 1.94, 12.08, 9.77, 22.55
0, 1560484, -388, -76, 332.31, 2.00, 11.96, 9.77, 40.78
0, 1567153, -218, -78, 332.31, 2.00, 12.34, 9.70, 54.49
0, 1575360, 110, -82, 332.56, 2.00, 12.71, 9.52, 69.51
0, 1582721, 364, -102, 333.19, 2.00, 12.48, 10.06, 80.81
0, 1592330, 588, -120, 334.81, 2.00, 11.22, 10.83, 91.92
0, 1602364, 868, -95, 338.06, 2.12, 11.22, 10.83, 98.56
0, 1610315, 1100, -71, 341.44, 2.44, 11.69, 9.02, 99.99
0, 1616969, 1268, -54, 341.44, 2.31, 12.55, 9.68, 98.52
0, 1624576, 1539, -30, 343.81, 2.31, 11.52, 9.60, 93.92
0, 1631550, 1845, -1, 346.56, 2.00, 11.52, 9.60, 87.09
0, 1639615, 2140, 33, 349.31, 1.75, 12.41, 9.97, 76.31
0, 1647743, 2333, 55, 352.31, 1.44, 11.92, 9.60, 62.71
0, 1654591, 2479, 68, 352.31, 1.44, 11.24, 9.85, 49.46
0, 1662720, 2614, 82, 356.44, 1.06, 11.24, 9.85, 32.12
0, 1670676, 2665, 88, 359.62, 0.88, 11.91, 9.70, 14.02
0, 1678512, 2645, 92, 361.81, 0.69, 11.65, 9.68, -4.28
0, 1685511, 2609, 95, 361.81, 0.69, 11.55, 9.29, -20.53
0, 1692279, 2519, 96, 363.50, 0.56, 11.80, 10.04, -35.72
0, 1702214, 2251, 100, 364.00, 0.50, 11.80, 10.04, -56.30
0, 1710154, 1939, 109, 363.62, 0.44, 11.75, 9.84, -70.61
0, 1715863, 1625, 119, 363.62, 0.44, 11.48, 9.54, -79.42
0, 1723590, 1252, 110, 362.44, 0.37, 11.59, 9.54, -89.06
0, 1731403, 931, 81, 359.81, 0.31, 11.59, 9.15, -95.85
0, 1739479, 577, 50, 355.62, 0.25, 11.96, 10.12, -99.50
0, 1748167, 144, 10, 350.75, 0.50, 11.86, 9.96, -99.47
0, 1755026, -118, -14, 350.75, 0.50, 11.57, 9.66, -96.53
0, 1762887, -394, -39, 346.69, 0.88, 12.48, 9.66, -90.12
0, 1771030, -588, -58, 342.12, 1.25, 12.48, 9.79, -80.27
0, 1778855, -615, -62, 337.81, 1.56, 12.22, 9.81, -68.06
0, 1785633, -609, -63, 337.81, 1.56, 13.39, 9.69, -55.62
0, 1792425, -602, -64, 334.37, 1.81, 12.40, 9.69, -41.76
0, 1802018, -591, -66, 332.31, 1.87, 12.40, 9.72, -20.46
0, 1809693, -570, -72, 332.12, 1.94, 12.10, 9.76, -2.63
0, 1815793, -544, -74, 332.12, 1.94, 12.08, 9.71, 11.63
0, 1824377, -443, -76, 332.25, 1.94, 11.90, 9.71, 31.23
0, 1832002, -292, -78, 332.37, 2.00, 12.40, 9.76, 47.61
0, 1840094, -24, -81, 332.62, 2.00, 12.40, 9.70, 63.32
0, 1848262, 294, -89, 333.50, 2.00, 12.86, 9.73, 76.88
0, 1855065, 451, -122, 333.50, 2.00, 11.68, 10.25, 86.05
0, 1863001, 650, -115, 335.37, 2.06, 11.68, 10.25, 93.99
0, 1871066, 887, -93, 338.75, 2.19, 11.79, 9.44, 98.73
0, 1878947, 1114, -69, 341.81, 2.44, 12.14, 9.68, 99.97
0, 1885701, 1289, -52, 341.81, 2.44, 12.30, 9.68, 98.33
0, 1892708, 1544, -29, 344.19, 2.31, 11.49, 9.83, 94.03
0, 1902526, 1975, 12, 347.06, 2.00, 11.49, 9.98, 83.80
0, 1909449, 2189, 40, 349.75, 1.75, 12.20, 9.73, 73.90
0, 1916053, 2340, 55, 349.75, 1.75, 11.67, 9.53, 62.63
0, 1924226, 2506, 70, 353.00, 1.44, 11.35, 9.53, 46.66
0, 1931626, 2621, 82, 357.12, 1.06, 11.35, 9.78, 30.71
0, 1939682, 2658, 87, 360.00, 0.88, 11.96, 9.67, 12.31
0, 1946883, 2637, 91, 360.00, 0.69, 11.56, 9.73, -4.52
0, 1954882, 2592, 94, 362.12, 0.69, 11.71, 9.73, -23.05
0, 1963073, 2464, 96, 363.62, 0.62, 11.71, 9.46, -41.18
0, 1970830, 2240, 99, 363.87, 0.50, 11.75, 9.88, -56.97
0, 1979187, 1878, 111, 363.44, 0.50, 11.65, 9.57, -71.86
0, 1986193, 1499, 120, 363.44, 0.50, 11.38, 9.57, -82.26
0, 1993226, 1188, 103, 362.12, 0.44, 11.52, 9.68, -90.47
0, 2002899, 796, 69, 359.25, 0.31, 11.52, 10.35, -97.73
0, 2010114, 458, 39, 354.69, 0.31, 12.76, 9.60, -99.90
0, 2016596, 145, 10, 354.69, 0.31, 11.66, 9.83, -99.43
0, 2025460, -185, -20, 350.00, 0.56, 11.63, 9.83, -95.09
0, 2032253, -429, -43, 346.06, 0.94, 12.82, 9.67, -88.98
0, 2040309, -598, -59, 341.50, 1.31, 12.82, 9.81, -78.84
0, 2048634, -618, -63, 337.37, 1.62, 12.73, 9.82, -65.43
0, 2055605, -611, -64, 337.37, 1.62, 13.15, 9.64, -52.27
0, 2063804, -603, -65, 334.00, 1.81, 12.20, 9.64, -35.03
0, 2071411, -590, -67, 332.19, 1.94, 12.20, 9.80, -17.88
0, 2079746, -570, -73, 332.12, 1.94, 12.09, 9.80, 1.55
0, 2086746, -530, -74, 332.12, 1.94, 12.01, 9.80, 17.84
0, 2093784, -432, -76, 332.19, 1.94, 12.05, 9.77, 33.75
0, 2103605, -202, -79, 332.37, 2.00, 12.05, 9.70, 54.32
0, 2110251, 34, -82, 333.37, 2.06, 12.48, 9.94, 66.68
0, 2116969, 301, -90, 333.37, 2.06, 12.54, 9.75, 77.53
0, 2125922, 511, -122, 334.31, 2.06, 11.53, 9.75, 88.98
0, 2132706, 682, -111, 336.44, 2.06, 12.49, 9.75, 95.08
0, 2140534, 921, -90, 339.81, 2.25, 12.49, 9.14, 99.14
0, 2149597, 1170, -63, 342.81, 2.50, 12.53, 10.08, 99.67
0, 2156363, 1361, -46, 342.81, 2.50, 11.92, 9.53, 97.15
0, 2164423, 1683, -16, 345.75, 2.25, 11.68, 9.53, 90.98
0, 2172093, 2016, 17, 348.62, 2.00, 11.68, 9.77, 82.11
0, 2180155, 2234, 46, 352.06, 2.00, 12.08, 9.60, 69.93
0, 2187280, 2388, 59, 352.06, 1.75, 11.35, 9.60, 57.09
0, 2193791, 2507, 70, 356.12, 1.37, 11.62, 9.78, 43.95
0, 2203772, 2622, 82, 360.19, 1.06, 11.62, 9.82, 21.95
0, 2210641, 2632, 86, 362.19, 0.88, 11.93, 9.76, 6.04
0, 2217460, 2604, 91, 362.19, 0.88, 11.74, 9.72, -9.91
0, 2226647, 2536, 93, 364.12, 0.69, 11.65, 9.72, -30.93
0, 2233373, 2404, 94, 365.37, 0.62, 11.81, 9.46, -45.47
0, 2241203, 2148, 98, 364.87, 0.56, 11.81, 10.15, -60.95
0, 2250013, 1720, 114, 363.50, 0.50, 11.36, 9.81, -75.90
0, 2256806, 1377, 115, 363.50, 0.50, 11.63, 9.81, -85.25
0, 2264496, 1063, 92, 360.31, 0.44, 11.68, 9.68, -93.24
0, 2271439, 785, 68, 355.50, 0.44, 11.68, 9.38, -97.86
0, 2280149, 359, 30, 351.12, 0.44, 12.50, 9.87, -100.00
0, 2287243, 38, 1, 351.12, 0.69, 11.48, 9.87, -98.68
0, 2293724, -187, -20, 347.12, 0.94, 12.02, 9.77, -95.09
0, 2303941, -528, -52, 342.44, 1.31, 12.02, 9.86, -85.04
0, 2310817, -623, -62, 338.56, 1.62, 12.76, 9.73, -75.51
0, 2317591, -623, -64, 338.56, 1.62, 13.14, 9.81, -64.20
0, 2326658, -617, -64, 335.31, 1.87, 13.01, 9.81, -46.60
0, 2333493, -606, -66, 333.81, 1.94, 11.97, 9.77, -31.90
0, 2341322, -594, -69, 333.75, 1.94, 11.97, 9.73, -14.08
0, 2350145, -570, -74, 333.87, 2.00, 12.09, 9.67, 6.53
0, 2357204, -515, -75, 333.87, 2.00, 11.99, 9.67, 22.86
0, 2365432, -378, -77, 334.00, 2.00, 12.18, 9.81, 41.08
0, 2372098, -206, -79, 334.37, 2.06, 12.18, 9.82, 54.76
0, 2380642, 133, -83, 335.50, 2.06, 12.51, 9.79, 70.30
0, 2388343, 373, -107, 337.81, 2.06, 12.62, 9.90, 81.92
0, 2397471, 588, -120, 337.81, 2.12, 10.96, 10.88, 92.22
0, 2406291, 833, -98, 341.44, 2.31, 12.75, 10.88, 98.19
0, 2414246, 1074, -74, 344.12, 2.50, 12.75, 9.02, 100.00
0, 2421070, 1245, -56, 346.62, 2.25, 12.58, 9.64, 98.79
0, 2429952, 1557, -28, 349.50, 2.25, 11.60, 9.63, 93.46
0, 2436725, 1852, 0, 349.50, 2.00, 12.14, 9.63, 86.67
0, 2443567, 2105, 29, 352.12, 1.75, 12.51, 9.99, 77.59
0, 2453171, 2325, 55, 355.75, 1.37, 12.51, 9.67, 61.57
0, 2459469, 2453, 66, 359.69, 1.37, 11.17, 9.85, 49.32
0, 2467290, 2567, 78, 359.69, 1.06, 11.88, 9.85, 32.65
0, 2475722, 2613, 82, 362.12, 0.88, 11.81, 9.80, 13.47
0, 2482763, 2591, 87, 364.06, 0.69, 11.56, 9.73, -2.98
0, 2490844, 2543, 90, 365.12, 0.69, 11.56, 9.25, -21.73
0, 2498784, 2423, 92, 365.06, 0.69, 11.78, 9.25, -39.41
0, 2506198, 2232, 94, 365.06, 0.56, 11.85, 10.14, -54.69
0, 2513429, 1948, 101, 364.44, 0.56, 11.85, 9.75, -68.02
0, 2519721, 1599, 114, 362.62, 0.56, 11.27, 9.74, -78.05
0, 2528929, 1180, 102, 359.37, 0.50, 11.66, 9.74, -89.62
0, 2535023, 952, 82, 359.37, 0.37, 12.55, 8.72, -95.02
0, 2542418, 649, 56, 354.37, 0.44, 12.55, 10.43, -98.97
0, 2551614, 194, 15, 350.25, 0.69, 11.88, 9.90, -99.74
0, 2558452, -78, -10, 346.31, 0.69, 11.50, 9.90, -97.33
0, 2566299, -352, -35, 346.31, 1.06, 12.45, 9.74, -91.49
0, 2574352, -576, -57, 341.69, 1.44, 12.49, 9.73, -82.30
0, 2582125, -626, -62, 337.94, 1.44, 12.49, 9.76, -70.65
0, 2589942, -618, -64, 334.81, 1.69, 13.43, 9.76, -56.59
0, 2596817, -611, -65, 334.81, 1.94, 12.60, 9.90, -42.64
0, 2605629, -601, -66, 333.75, 1.94, 11.97, 9.69, -23.20
0, 2612285, -584, -70, 333.81, 2.00, 11.97, 9.75, -7.81
0, 2619049, -559, -74, 333.94, 2.00, 12.07, 9.74, 8.01
0, 2627921, -471, -75, 333.94, 2.00, 11.97, 9.74, 28.40
0, 2634257, -361, -77, 334.12, 2.06, 12.37, 9.72, 42.27
0, 2642140, -130, -80, 334.56, 2.06, 12.37, 9.70, 58.19
0, 2649956, 183, -84, 335.81, 2.06, 12.43, 9.70, 72.02
0, 2657122, 389, -111, 335.81, 2.06, 11.92, 9.65, 82.60
0, 2663849, 548, -122, 338.44, 2.12, 11.92, 10.04, 90.42
0, 2670792, 731, -107, 342.06, 2.37, 11.15, 9.18, 96.14
0, 2680178, 1024, -79, 344.56, 2.37, 12.51, 9.18, 99.83
0, 2687221, 1202, -60, 344.56, 2.50, 12.40, 9.76, 99.44
0, 2694053, 1411, -41, 347.12, 2.25, 11.44, 9.82, 96.48
0, 2703022, 1788, -7, 350.06, 2.00, 11.44, 10.00, 88.88
0, 2709780, 2066, 23, 352.75, 2.00, 12.58, 9.74, 80.54
0, 2717609, 2260, 49, 352.75, 1.69, 12.23, 9.74, 68.38
0, 2725451, 2425, 63, 356.62, 1.31, 11.30, 9.57, 53.91
0, 2732836, 2553, 75, 360.37, 1.00, 11.30, 9.80, 38.61
0, 2740840, 2632, 84, 362.62, 1.00, 11.95, 9.69, 20.74
0, 2748006, 2632, 88, 362.62, 0.88, 11.80, 9.69, 4.10
0, 2756825, 2598, 93, 364.50, 0.69, 11.67, 9.77, -16.47
0, 2763842, 2535, 93, 365.44, 0.62, 11.67, 9.51, -32.39
0, 2771221, 2359, 95, 365.31, 0.62, 11.81, 9.85, -48.18
0, 2780652, 2026, 102, 364.69, 0.56, 11.69, 9.85, -66.20
0, 2787643, 1668, 114, 364.69, 0.50, 11.35, 9.63, -77.54
0, 2794219, 1338, 114, 362.62, 0.44, 11.72, 9.61, -86.31
0, 2802524, 999, 87, 359.06, 0.44, 11.72, 9.81, -94.44
0, 2809647, 715, 62, 354.12, 0.37, 12.61, 9.81, -98.59
0, 2817935, 301, 24, 354.12, 0.37, 11.71, 9.68, -99.97
0, 2825349, -19, -5, 349.94, 0.69, 11.62, 9.82, -98.01
0, 2832760, -274, -28, 345.81, 0.69, 11.62, 9.65, -93.12
0, 2840791, -534, -53, 341.19, 1.06, 12.71, 9.65, -84.66
0, 2848099, -622, -62, 341.19, 1.44, 12.18, 9.82, -74.35
0, 2856661, -619, -63, 337.56, 1.75, 13.29, 9.83, -59.54
0, 2863539, -611, -64, 334.56, 1.94, 13.29, 9.64, -45.89
0, 2870748, -602, -66, 333.75, 1.94, 12.27, 9.87, -30.30
0, 2880775, -589, -69, 333.87, 1.94, 12.06, 9.87, -7.30
0, 2887945, -559, -74, 333.87, 2.00, 11.97, 9.80, 9.47
0, 2894420, -496, -75, 334.00, 2.00, 12.16, 9.67, 24.40
0, 2903720, -330, -77, 334.12, 2.06, 12.16, 9.81, 44.78
0, 2910675, -138, -80, 334.69, 2.06, 12.47, 9.92, 58.69
0, 2918501, 182, -84, 334.69, 2.06, 12.45, 9.92, 72.47
0, 2925441, 387, -109, 336.12, 2.06, 11.74, 9.74, 82.66
0, 2932984, 569, -121, 338.75, 2.06, 11.74, 9.75, 91.27
0, 2941162, 792, -102, 342.37, 2.12, 11.67, 10.16, 97.38
0, 2948642, 1026, -78, 342.37, 2.37, 11.79, 10.16, 99.85
0, 2956986, 1238, -57, 344.87, 2.50, 12.10, 9.99, 99.01
0, 2962952, 1429, -39, 347.50, 2.50, 12.10, 9.55, 96.08
0, 2970401, 1737, -11, 350.37, 2.25, 11.62, 9.55, 89.81
0, 2978841, 2080, 25, 353.19, 1.94, 12.70, 9.80, 79.43
0, 2984933, 2232, 46, 353.19, 1.69, 12.14, 9.62, 69.98
0, 2992721, 2391, 60, 357.06, 1.69, 12.14, 9.74, 55.86
0, 3000940, 2533, 73, 360.62, 1.31, 11.47, 9.74, 38.96
0, 3008517, 2612, 81, 360.62, 1.00, 11.99, 9.77, 22.09
0, 3016142, 2613, 86, 362.81, 0.81, 11.78, 9.66, 4.42
0, 3023075, 2583, 90, 364.50, 0.69, 11.72, 9.59, -11.79
0, 3031473, 2513, 91, 365.25, 0.69, 11.72, 9.47, -30.97
0, 3039155, 2351, 93, 365.06, 0.62, 11.84, 9.47, -47.49
0, 3045377, 2158, 96, 365.06, 0.56, 11.77, 10.21, -59.76
0, 3054273, 1728, 111, 364.25, 0.50, 11.37, 9.77, -75.05
0, 3061390, 1367, 114, 362.06, 0.50, 11.37, 9.65, -84.98
0, 3069425, 1050, 91, 358.12, 0.50, 11.47, 9.65, -93.34
0, 3078190, 707, 61, 358.12, 0.37, 12.54, 9.66, -98.69
0, 3084646, 390, 33, 353.25, 0.44, 11.93, 9.88, -99.99
0, 3092516, 31, 0, 349.37, 0.44, 11.93, 9.67, -98.49
0, 3100324, -243, -26, 345.25, 0.75, 11.70, 9.67, -93.71
0, 3108097, -510, -50, 345.25, 1.06, 12.74, 9.85, -85.84
0, 3114664, -613, -61, 340.69, 1.44, 12.74, 9.77, -76.96
0, 3121526, -621, -63, 337.12, 1.44, 11.99, 9.81, -65.75
0, 3131245, -614, -64, 334.31, 1.75, 13.06, 9.81, -47.06
0, 3138408, -603, -66, 334.31, 1.94, 12.08, 9.82, -31.66
0, 3144739, -592, -68, 333.75, 1.94, 12.14, 9.75, -17.30
0, 3152848, -573, -73, 333.81, 1.94, 12.14, 9.69, 1.60
0, 3160895, -523, -75, 334.00, 2.00, 12.04, 9.69, 20.31
0, 3168988, -404, -76, 334.19, 2.00, 12.23, 9.72, 38.39
0, 3176269, -226, -78, 334.19, 2.06, 12.41, 9.71, 53.51
0, 3183504, 50, -82, 334.75, 2.06, 12.52, 9.80, 66.99
0, 3191704, 349, -98, 336.31, 2.06, 12.52, 9.80, 79.93
0, 3199488, 522, -122, 339.31, 2.06, 11.07, 9.90, 89.50
0, 3205980, 689, -111, 339.31, 2.12, 12.47, 10.78, 95.22
0, 3213046, 906, -91, 342.81, 2.12, 12.47, 8.98, 98.95
0, 3221122, 1134, -67, 345.19, 2.44, 11.60, 8.98, 99.90
0, 3230023, 1385, -43, 347.94, 2.44, 11.74, 9.62, 96.82
0, 3236748, 1653, -19, 347.94, 2.19, 11.93, 9.64, 91.70
0, 3243737, 1961, 11, 350.75, 2.19, 12.63, 9.98, 83.97
0, 3251997, 2201, 42, 353.62, 1.94, 12.63, 9.98, 71.97
0, 3260128, 2372, 57, 357.69, 1.69, 12.03, 9.66, 57.53
0, 3267551, 2506, 70, 357.69, 1.31, 11.70, 9.77, 42.51
0, 3273846, 2584, 78, 360.94, 1.00, 11.93, 9.76, 28.75
0, 3282797, 2605, 83, 363.00, 1.00, 11.93, 9.66, 8.19
0, 3290613, 2573, 88, 364.62, 0.88, 11.73, 9.66, -10.09
0, 3297390, 2530, 89, 364.62, 0.75, 11.79, 9.19, -25.69
0, 3304182, 2409, 91, 365.19, 0.75, 11.79, 10.39, -40.67
0, 3311720, 2198, 94, 364.81, 0.69, 11.81, 10.39, -56.09
0, 3319438, 1875, 102, 364.81, 0.62, 11.69, 9.72, -70.06
0, 3326180, 1505, 116, 363.87, 0.56, 11.29, 9.73, -80.41
0, 3333899, 1175, 102, 361.37, 0.56, 11.77, 8.77, -89.79
0, 3341922, 872, 75, 357.19, 0.50, 11.77, 8.77, -96.43
0, 3350143, 513, 44, 352.44, 0.37, 12.48, 10.27, -99.72
0, 3356936, 184, 14, 352.44, 0.50, 11.89, 9.90, -99.65
0, 3363782, -86, -11, 348.69, 0.50, 12.12, 9.69, -97.04
0, 3371885, -371, -37, 344.44, 0.81, 12.12, 9.72, -90.74
0, 3381188, -601, -59, 340.06, 1.19, 12.65, 9.72, -79.51
0, 3388094, -631, -63, 340.06, 1.50, 11.88, 9.83, -68.70
0, 3394792, -624, -64, 336.56, 1.50, 12.81, 9.91, -56.51
0, 3402855, -617, -65, 334.06, 1.81, 12.81, 9.91, -40.01
0, 3411102, -606, -67, 333.69, 1.94, 11.97, 9.66, -21.68
0, 3418728, -588, -72, 333.69, 2.00, 12.08, 9.73, -3.99
0, 3424826, -564, -74, 333.81, 2.00, 12.02, 9.74, 10.27
0, 3433318, -468, -76, 333.94, 2.00, 12.02, 9.78, 29.72
0, 3441440, -309, -78, 334.12, 2.06, 12.30, 9.78, 47.24
0, 3448349, -92, -81, 334.12, 2.12, 12.41, 9.67, 60.82
0, 3455122, 189, -85, 334.87, 2.12, 12.59, 9.65, 72.60
0, 3462736, 401, -117, 336.62, 2.12, 12.59, 9.65, 83.65
0, 3470463, 588, -121, 339.81, 2.19, 11.28, 10.02, 92.14
0, 3478172, 801, -102, 339.81, 2.50, 12.39, 9.08, 97.62
0, 3485272, 1023, -79, 343.19, 2.50, 11.78, 9.78, 99.86
0, 3493263, 1224, -58, 345.50, 2.44, 11.78, 9.84, 99.09
0, 3501647, 1502, -33, 348.31, 2.19, 11.51, 9.84, 94.56
0, 3509271, 1830, -3, 348.31, 1.94, 12.37, 10.01, 87.28
0, 3515802, 2081, 25, 351.06, 1.94, 12.40, 9.72, 78.82
0, 3523196, 2255, 49, 354.06, 1.69, 12.40, 9.59, 67.04
0, 3532100, 2430, 64, 358.12, 1.31, 11.94, 9.59, 50.22
0, 3539718, 2548, 75, 361.19, 1.00, 11.88, 9.77, 34.08
0, 3545842, 2599, 81, 361.19, 0.88, 11.91, 9.65, 20.29
0, 3553784, 2589, 86, 363.19, 0.88, 11.91, 9.75, 1.83
0, 3562073, 2550, 89, 364.69, 0.75, 11.65, 9.75, -17.49
0, 3569778, 2460, 90, 365.06, 0.69, 11.76, 9.42, -34.88
0, 3576953, 2292, 92, 365.06, 0.62, 11.79, 9.84, -50.06
0, 3585045, 2006, 98, 364.69, 0.62, 11.73, 9.61, -65.47
0, 3593113, 1577, 114, 363.50, 0.56, 11.73, 9.61, -78.51
0, 3600952, 1231, 107, 360.87, 0.50, 11.25, 9.51, -88.50
0, 3606664, 1015, 88, 360.87, 0.37, 12.56, 9.34, -93.92
0, 3613997, 726, 63, 356.50, 0.37, 12.56, 9.34, -98.40
0, 3622270, 318, 26, 351.94, 0.50, 12.00, 9.74, -99.99
0, 3631953, -86, -11, 348.19, 0.81, 11.66, 9.82, -97.09
0, 3639530, -356, -35, 343.69, 1.19, 12.58, 9.64, -91.34
0, 3646261, -557, -55, 343.69, 1.56, 12.30, 9.82, -83.82
0, 3654119, -630, -62, 339.44, 1.56, 12.30, 9.82, -72.43
0, 3662311, -622, -64, 336.00, 1.81, 12.25, 9.86, -57.95
0, 3669880, -614, -65, 333.87, 1.94, 12.48, 9.61, -42.67
0, 3677697, -604, -67, 333.87, 2.00, 12.05, 9.68, -25.49
0, 3686073, -588, -71, 333.75, 2.00, 12.07, 9.76, -6.15
0, 3693770, -557, -74, 333.81, 2.00, 12.07, 9.76, 11.84
0, 3702553, -457, -76, 333.94, 2.06, 12.06, 9.75, 31.88
0, 3709201, -326, -77, 333.94, 2.06, 12.35, 9.82, 46.19
0, 3715845, -116, -81, 334.19, 2.06, 12.44, 9.95, 59.38
0, 3723684, 209, -86, 335.06, 2.12, 12.93, 9.95, 73.07
0, 3732890, 448, -123, 336.94, 2.12, 12.93, 9.86, 85.98
0, 3740756, 640, -115, 340.44, 2.19, 11.74, 9.91, 93.88
0, 3747499, 833, -98, 340.44, 2.19, 11.78, 9.89, 98.13
0, 3754664, 1054, -75, 343.50, 2.50, 11.78, 9.89, 99.97
0, 3762796, 1257, -55, 345.87, 2.44, 12.23, 9.95, 98.65
0, 3769996, 1503, -33, 348.69, 2.19, 12.23, 9.50, 94.50
0, 3778431, 1865, 1, 348.69, 1.94, 12.63, 9.90, 86.24
0, 3787437, 2169, 38, 351.37, 1.94, 12.22, 9.65, 73.73
0, 3794400, 2322, 54, 354.56, 1.62, 11.70, 9.65, 61.78
0, 3802764, 2475, 68, 358.62, 1.25, 11.70, 9.82, 45.30
0, 3809557, 2566, 77, 358.62, 1.00, 11.93, 9.81, 30.60
0, 3816335, 2599, 80, 361.50, 1.00, 11.81, 9.73, 15.17
0, 3824471, 2576, 86, 363.44, 0.81, 11.63, 9.59, -3.83
0, 3834173, 2512, 89, 364.75, 0.75, 11.75, 9.59, -26.24
0, 3842308, 2370, 90, 364.94, 0.69, 11.75, 10.06, -44.04
0, 3849809, 2156, 94, 364.50, 0.62, 11.83, 9.90, -59.06
0, 3855987, 1886, 101, 364.50, 0.62, 11.62, 9.90, -70.07
0, 3863523, 1461, 115, 363.19, 0.56, 11.62, 9.83, -81.51
0, 3870942, 1154, 100, 360.44, 0.50, 11.30, 9.67, -90.30
0, 3879071, 843, 72, 360.44, 0.37, 13.07, 9.81, -96.80
0, 3887901, 441, 37, 355.69, 0.37, 11.80, 9.46, -99.89
0, 3894860, 115, 8, 351.25, 0.56, 11.54, 9.46, -99.33
0, 3902710, -177, -19, 347.44, 0.88, 11.54, 9.66, -95.54
0, 3909363, -422, -42, 347.44, 1.25, 12.70, 9.87, -89.79
0, 3916403, -592, -59, 342.94, 1.25, 12.02, 9.78, -81.35
0, 3924149, -631, -63, 338.87, 1.56, 12.87, 9.78, -69.52
0, 3933600, -624, -64, 335.44, 1.87, 12.87, 9.75, -52.04
0, 3941691, -614, -66, 333.75, 2.00, 12.14, 9.78, -35.03
0, 3948999, -602, -68, 333.75, 2.00, 12.16, 9.82, -18.56
0, 3955895, -585, -73, 333.69, 2.00, 12.05, 9.75, -2.52
0, 3964049, -543, -75, 333.75, 2.00, 12.05, 9.75, 16.50
0, 3971854, -445, -76, 333.94, 2.06, 12.00, 9.77, 34.16
0, 3980182, -255, -79, 334.25, 2.12, 12.39, 9.77, 51.73
0, 3988397, 44, -83, 334.25, 2.12, 12.54, 9.86, 67.14
0, 3997232, 351, -103, 335.19, 2.12, 12.70, 9.91, 80.93
0, 4005787, 545, -122, 337.31, 2.12, 12.41, 9.91, 91.00
0, 4013984, 765, -104, 340.81, 2.19, 12.41, 10.68, 97.24
0, 4021042, 991, -82, 343.69, 2.56, 11.49, 9.04, 99.75
0, 4029562, 1214, -59, 343.69, 2.44, 12.47, 9.88, 99.16
0, 4037997, 1492, -33, 346.12, 2.44, 12.00, 9.61, 94.70
0, 4044787, 1781, -7, 349.06, 2.19, 12.68, 9.61, 88.42
0, 4052849, 2094, 27, 351.75, 1.94, 12.68, 9.98, 78.08
0, 4059315, 2248, 48, 351.75, 1.62, 12.08, 9.67, 67.76
0, 4066418, 2388, 60, 355.12, 1.62, 11.37, 9.67, 54.65
0, 4074613, 2517, 72, 359.19, 1.25, 11.94, 9.81, 37.67
0, 4084532, 2595, 79, 361.75, 1.00, 11.80, 9.83, 15.33
0, 4092622, 2575, 86, 363.62, 0.88, 11.80, 9.69, -3.55
0, 4100334, 2526, 89, 364.75, 0.75, 11.64, 9.82, -21.45
0, 4106737, 2434, 90, 364.75, 0.75, 11.81, 9.82, -35.80
0, 4114944, 2232, 93, 364.94, 0.69, 11.81, 10.11, -52.98
0, 4122381, 1957, 98, 364.31, 0.62, 11.81, 9.78, -66.87
0, 4131009, 1494, 115, 362.69, 0.56, 11.30, 9.79, -80.44
0, 4139484, 1153, 100, 362.69, 0.56, 11.46, 9.34, -90.57
0, 4145834, 915, 79, 359.62, 0.50, 12.12, 9.34, -95.85
0, 4154014, 561, 48, 354.81, 0.44, 12.12, 9.89, -99.53
0, 4160166, 254, 20, 354.81, 0.62, 11.87, 9.96, -99.89
0, 4167142, -41, -7, 350.75, 0.62, 11.42, 9.96, -97.80
0, 4174786, -311, -31, 346.94, 0.88, 12.75, 9.84, -92.52
0, 4184952, -599, -59, 342.31, 1.25, 11.86, 9.78, -80.97
0, 4192826, -645, -64, 338.37, 1.56, 11.86, 9.80, -68.83
0, 4200824, -637, -66, 335.06, 1.56, 13.22, 9.91, -54.12
0, 4206725, -629, -67, 335.06, 1.87, 12.94, 9.91, -42.02
0, 4214624, -620, -68, 333.56, 2.00, 12.94, 9.70, -24.61
0, 4221280, -606, -72, 333.56, 2.00, 12.10, 9.77, -9.26
0, 4230800, -572, -76, 333.69, 2.00, 12.00, 9.78, 12.99
0, 4238734, -488, -77, 333.69, 2.00, 11.93, 9.79, 31.08
0, 4245663, -346, -78, 333.81, 2.06, 12.59, 9.79, 46.03
0, 4253515, -90, -83, 334.12, 2.12, 12.59, 9.75, 61.49
0, 4259237, 150, -86, 334.12, 2.12, 12.62, 9.71, 71.47
0, 4267014, 381, -115, 335.25, 2.12, 12.54, 9.71, 82.96
0, 4274778, 565, -122, 337.62, 2.12, 12.76, 10.03, 91.69
0, 4284704, 844, -97, 341.37, 2.25, 11.67, 9.06, 98.42
0, 4292851, 1088, -72, 344.06, 2.56, 11.67, 9.83, 99.99
0, 4300961, 1298, -51, 346.56, 2.56, 12.52, 9.84, 97.95
0, 4306683, 1503, -33, 346.56, 2.44, 11.65, 9.84, 94.38
0, 4314541, 1840, -2, 349.44, 2.12, 11.65, 9.44, 86.74
0, 4321200, 2093, 27, 352.12, 1.87, 12.50, 9.74, 77.96
0, 4329056, 2276, 51, 352.12, 1.87, 12.07, 9.58, 65.19
0, 4338724, 2465, 67, 355.69, 1.56, 11.19, 9.58, 46.50
0, 4345686, 2569, 77, 359.62, 1.19, 11.96, 9.77, 31.51
0, 4353554, 2607, 82, 362.06, 0.94, 11.96, 9.71, 13.59
0, 4359807, 2587, 86, 362.06, 0.94, 11.63, 9.80, -1.01
0, 4367597, 2543, 90, 363.94, 0.81, 11.57, 9.80, -19.14
0, 4375876, 2430, 91, 365.06, 0.69, 11.71, 9.28, -37.69
0, 4386005, 2173, 95, 364.94, 0.62, 11.93, 10.30, -58.41
0, 4393918, 1840, 105, 364.25, 0.56, 11.93, 9.60, -72.36
0, 4402022, 1398, 114, 362.56, 0.56, 11.33, 9.63, -84.09
0, 4407937, 1160, 101, 362.56, 0.50, 11.53, 9.63, -90.75
0, 4415860, 846, 73, 359.44, 0.44, 11.53, 9.70, -96.94
0, 4422655, 545, 47, 354.56, 0.37, 12.34, 9.61, -99.61
0, 4432535, 71, 3, 350.37, 0.56, 11.85, 9.89, -98.98
0, 4441686, -258, -27, 346.37, 0.56, 11.45, 9.65, -93.69
0, 4448467, -499, -49, 346.37, 0.88, 12.51, 9.65, -86.99
0, 4455247, -616, -61, 341.69, 1.31, 12.51, 9.82, -78.09
0, 4461920, -628, -64, 337.94, 1.62, 12.01, 9.87, -67.42
0, 4468699, -623, -64, 337.94, 1.62, 13.43, 9.67, -54.89
0, 4476987, -615, -66, 334.75, 1.87, 12.60, 9.67, -37.74
0, 4486603, -603, -68, 333.69, 1.94, 12.05, 9.77, -16.10
0, 4494244, -579, -74, 333.75, 2.00, 12.05, 9.89, 1.72
0, 4502581, -524, -75, 333.81, 2.00, 11.95, 9.80, 21.09
0, 4508673, -438, -77, 333.81, 2.00, 11.91, 9.80, 34.77
0, 4516573, -250, -79, 334.00, 2.06, 11.91, 9.65, 51.43
0, 4523417, -5, -82, 334.44, 2.06, 12.51, 9.67, 64.46
0, 4533165, 347, -102, 335.69, 2.12, 12.67, 9.86, 80.09
0, 4542355, 547, -122, 338.31, 2.12, 12.11, 9.89, 91.03
0, 4549338, 730, -107, 338.31, 2.12, 12.59, 9.89, 96.56
0, 4556760, 966, -85, 341.94, 2.25, 12.59, 9.63, 99.60
0, 4563962, 1159, -64, 344.37, 2.56, 11.99, 9.95, 99.69
0, 4570420, 1337, -47, 344.37, 2.56, 12.52, 9.47, 97.35
0, 4579645, 1703, -14, 346.87, 2.37, 11.45, 9.88, 90.19
0, 4589338, 2097, 27, 349.81, 2.12, 12.34, 9.88, 78.16
0, 4596036, 2262, 49, 352.50, 1.87, 11.83, 9.83, 67.45
0, 4603860, 2421, 63, 356.31, 1.56, 11.83, 9.71, 52.87
0, 4609565, 2520, 72, 356.31, 1.56, 11.24, 9.76, 41.09
0, 4617683, 2601, 81, 360.12, 1.19, 11.82, 9.76, 23.12
0, 4625491, 2605, 86, 362.50, 0.94, 11.61, 9.75, 5.04
0, 4635074, 2569, 90, 364.25, 0.81, 11.67, 9.61, -17.32
0, 4643125, 2485, 91, 365.12, 0.81, 11.67, 9.49, -35.47
0, 4650631, 2298, 93, 365.00, 0.69, 11.84, 9.49, -51.28
0, 4657147, 2069, 98, 365.00, 0.62, 11.71, 10.15, -63.73
0, 4664457, 1690, 112, 364.44, 0.62, 11.71, 9.63, -75.93
0, 4670914, 1354, 113, 362.44, 0.62, 11.27, 9.70, -84.87
0, 4679811, 1002, 87, 362.44, 0.50, 11.64, 9.81, -93.97
0, 4689266, 628, 54, 358.75, 0.50, 11.71, 9.81, -99.19
0, 4695972, 298, 24, 353.69, 0.69, 11.63, 9.46, -99.96
0, 4703841, -36, -7, 349.69, 1.00, 11.63, 9.75, -97.72
0, 4709784, -241, -25, 349.69, 1.00, 11.56, 9.75, -93.83
0, 4717988, -519, -51, 345.75, 1.44, 12.22, 9.84, -85.50
0, 4725371, -626, -62, 341.19, 1.75, 12.41, 9.78, -75.31
0, 4734318, -628, -64, 337.56, 2.00, 12.41, 9.79, -59.97
0, 4742840, -620, -65, 334.56, 2.00, 13.28, 9.84, -42.91
0, 4749974, -609, -67, 334.56, 2.06, 12.34, 9.84, -27.30
0, 4756493, -596, -70, 333.62, 2.06, 12.34, 9.88, -12.35
0, 4763400, -576, -74, 333.75, 2.12, 12.09, 9.81, 3.80
0, 4770192, -527, -75, 333.75, 2.12, 12.01, 9.78, 19.58
0, 4779435, -385, -77, 333.81, 2.12, 11.99, 9.73, 40.19
0, 4789377, -121, -81, 334.06, 2.19, 12.30, 9.73, 60.23
0, 4796107, 144, -84, 334.56, 2.19, 12.90, 9.84, 72.02
0, 4804897, 406, -117, 336.00, 2.25, 12.90, 9.97, 84.68
0, 4811466, 565, -122, 338.56, 2.25, 11.82, 10.88, 91.83
0, 4819246, 780, -103, 338.56, 2.37, 11.81, 10.88, 97.48
0, 4826967, 1025, -78, 342.12, 2.62, 12.33, 8.86, 99.90
0, 4836493, 1273, -53, 344.62, 2.44, 12.21, 9.95, 98.40
0, 4844274, 1553, -28, 347.31, 2.19, 12.21, 9.59, 93.54
0, 4852092, 1897, 4, 350.19, 2.19, 11.51, 9.59, 85.54
0, 4858131, 2114, 30, 350.19, 1.94, 12.15, 9.97, 77.38
0, 4864916, 2272, 51, 353.00, 1.62, 12.15, 9.68, 66.39
0, 4871732, 2409, 62, 356.87, 1.62, 11.53, 9.78, 53.65
0, 4880994, 2556, 76, 360.50, 1.25, 11.44, 9.75, 34.23
0, 4890005, 2617, 82, 360.50, 1.00, 11.78, 9.75, 13.79
0, 4896338, 2598, 87, 362.69, 0.88, 11.58, 9.70, -1.00
0, 4904453, 2551, 91, 364.37, 0.88, 11.58, 9.82, -19.87
0, 4910392, 2478, 91, 364.37, 0.81, 11.74, 9.82, -33.27
0, 4918858, 2275, 94, 365.19, 0.69, 11.74, 10.21, -51.19
0, 4926703, 2001, 100, 364.94, 0.69, 11.48, 9.80, -66.02
0, 4935922, 1517, 117, 364.06, 0.62, 11.45, 9.80, -80.58
0, 4944089, 1186, 103, 361.81, 0.56, 11.45, 8.93, -90.37
0, 4952051, 881, 76, 358.06, 0.56, 11.40, 8.93, -96.74
0, 4957758, 646, 56, 358.06, 0.50, 11.71, 10.18, -99.25
0, 4964430, 306, 25, 353.25, 0.75, 11.71, 9.95, -99.94
0, 4971230, 5, -3, 349.50, 0.75, 11.49, 9.83, -98.14
0, 4979391, -284, -29, 349.50, 1.00, 11.62, 9.83, -92.70
0, 4989265, -582, -58, 345.44, 1.44, 11.97, 9.74, -81.64
0, 4996087, -642, -63, 340.81, 1.75, 12.92, 9.82, -71.41
0, 5004061, -634, -65, 337.12, 1.75, 12.92, 9.90, -57.17
0, 5009761, -627, -66, 337.12, 2.00, 13.12, 9.90, -45.75
0, 5017426, -619, -67, 334.25, 2.06, 12.09, 9.75, -29.13
0, 5024289, -606, -70, 333.56, 2.06, 12.09, 9.81, -13.45
0, 5033463, -581, -75, 333.69, 2.12, 12.03, 9.89, 7.99
0, 5042678, -497, -77, 333.81, 2.12, 11.93, 9.89, 29.15
0, 5049658, -367, -78, 333.81, 2.12, 12.01, 9.84, 44.33
0, 5056543, -159, -82, 334.00, 2.19, 12.01, 9.66, 58.15
0, 5062244, 77, -84, 334.50, 2.19, 12.57, 9.66, 68.46
0, 5069822, 345, -103, 334.50, 2.19, 12.78, 9.78, 80.26
0, 5076498, 495, -123, 336.06, 2.19, 11.05, 10.07, 88.57
0, 5085492, 730, -107, 339.12, 2.37, 12.41, 9.06, 96.32
0, 5094275, 1003, -81, 342.69, 2.37, 12.41, 9.78, 99.78
0, 5102359, 1209, -59, 345.12, 2.62, 12.50, 9.78, 99.25
0, 5108067, 1379, -44, 345.12, 2.44, 11.81, 9.81, 96.73
0, 5114155, 1620, -22, 347.81, 2.44, 11.81, 9.43, 92.14
0, 5121580, 1946, 9, 350.62, 2.12, 11.87, 9.74, 84.03
0, 5130203, 2205, 43, 350.62, 1.87, 12.06, 9.74, 71.44
0, 5139851, 2416, 62, 353.50, 1.56, 11.28, 9.63, 53.95
0, 5146430, 2540, 74, 357.44, 1.19, 11.68, 9.80, 40.39
0, 5154679, 2627, 85, 360.87, 1.19, 11.68, 9.73, 22.07
0, 5160425, 2634, 87, 360.87, 1.00, 11.61, 9.73, 8.79
0, 5168400, 2608, 91, 363.06, 0.81, 11.63, 9.89, -9.86
0, 5174626, 2575, 92, 364.81, 0.75, 11.63, 9.51, -24.22
0, 5183257, 2421, 94, 365.37, 0.75, 11.77, 10.24, -43.20
0, 5192930, 2130, 99, 365.12, 0.69, 11.81, 10.24, -62.36
0, 5200110, 1798, 112, 365.12, 0.62, 11.32, 9.62, -74.56
0, 5206751, 1433, 117, 364.25, 0.56, 11.32, 9.59, -83.99
0, 5212685, 1174, 102, 361.87, 0.56, 11.66, 9.59, -90.70
0, 5220260, 867, 74, 361.87, 0.50, 12.11, 9.93, -96.71
0, 5227890, 526, 45, 357.94, 0.44, 11.94, 9.64, -99.69
0, 5236012, 132, 9, 352.94, 0.75, 11.50, 9.86, -99.38
0, 5244741, -193, -21, 348.87, 0.75, 11.50, 9.64, -95.05
0, 5253037, -489, -48, 344.50, 1.06, 12.05, 9.64, -87.26
0, 5258741, -605, -60, 344.50, 1.44, 12.68, 9.84, -79.98
0, 5265299, -633, -63, 340.06, 1.44, 12.68, 9.89, -69.85
0, 5272715, -627, -64, 336.56, 1.75, 13.39, 9.72, -56.43
0, 5282798, -619, -66, 334.00, 2.00, 12.80, 9.75, -35.55
0, 5292848, -603, -69, 333.69, 2.06, 11.93, 9.75, -12.77
0, 5299627, -580, -74, 333.69, 2.06, 12.08, 9.86, 3.07
0, 5306537, -530, -76, 333.75, 2.06, 12.08, 9.65, 19.13
0, 5312931, -439, -77, 333.87, 2.12, 12.05, 9.70, 33.56
0, 5321032, -255, -79, 333.87, 2.12, 12.28, 9.70, 50.73
0, 5327889, -19, -82, 334.06, 2.19, 12.68, 9.67, 63.86
0, 5335192, 273, -90, 334.87, 2.19, 12.36, 9.85, 76.02
0, 5343658, 469, -124, 336.69, 2.19, 12.36, 9.96, 87.33
0, 5351298, 660, -113, 339.81, 2.19, 11.24, 9.96, 94.61
0, 5357366, 839, -98, 339.81, 2.44, 11.24, 9.79, 98.24
0, 5363366, 1031, -78, 343.12, 2.44, 12.35, 9.98, 99.89
0, 5371402, 1237, -57, 345.44, 2.62, 12.57, 9.98, 99.01
0, 5378479, 1472, -35, 345.44, 2.37, 11.56, 9.50, 95.33
0, 5386187, 1801, -5, 348.25, 2.12, 12.28, 9.88, 88.36
0, 5394944, 2131, 32, 351.00, 2.12, 12.28, 9.83, 76.98
0, 5403115, 2322, 54, 354.06, 1.87, 11.94, 9.83, 63.43
0, 5408814, 2443, 64, 354.06, 1.50, 11.23, 9.80, 52.58
0, 5414939, 2547, 75, 358.19, 1.50, 11.23, 9.80, 39.87
0, 5422924, 2625, 84, 361.31, 1.12, 11.89, 9.80, 22.13
0, 5431528, 2626, 88, 363.44, 0.94, 11.63, 9.71, 2.16
0, 5440135, 2588, 93, 363.44, 0.81, 11.65, 9.61, -17.90
0, 5446661, 2521, 93, 364.94, 0.75, 11.81, 9.47, -32.67
0, 5454531, 2328, 95, 365.37, 0.75, 11.81, 9.47, -49.44
0, 5460249, 2145, 99, 365.37, 0.69, 11.78, 10.26, -60.60
0, 5466895, 1829, 110, 365.06, 0.62, 11.28, 9.64, -72.20
0, 5473724, 1453, 117, 363.94, 0.62, 11.28, 9.74, -82.30
0, 5482344, 1097, 95, 361.25, 0.56, 11.72, 9.74, -92.02
0, 5491157, 763, 66, 356.75, 0.50, 12.51, 9.94, -98.09
0, 5497279, 478, 41, 356.75, 0.50, 11.74, 9.56, -99.86
0, 5505113, 104, 6, 352.06, 0.50, 11.74, 9.56, -99.14
0, 5510819, -112, -14, 352.06, 0.75, 11.45, 9.71, -96.52
0, 5517715, -358, -36, 348.31, 1.12, 12.43, 9.87, -91.05
0, 5524734, -562, -56, 344.00, 1.12, 12.44, 9.76, -83.06
0, 5533691, -630, -62, 339.62, 1.50, 12.44, 9.78, -69.64
0, 5543059, -622, -64, 336.19, 1.81, 13.35, 9.78, -52.36
0, 5549832, -612, -66, 336.19, 2.00, 12.60, 9.85, -38.24
0, 5556714, -602, -67, 333.94, 2.00, 12.60, 9.78, -22.91
0, 5562427, -590, -70, 333.69, 2.06, 11.96, 9.78, -9.72
0, 5570164, -563, -74, 333.69, 2.06, 12.03, 9.74, 8.37
0, 5576507, -511, -75, 333.81, 2.12, 12.01, 9.81, 23.03
0, 5585126, -362, -77, 333.94, 2.12, 12.38, 9.79, 42.07
0, 5594117, -112, -81, 334.19, 2.12, 12.38, 9.79, 60.11
0, 5602124, 205, -86, 335.06, 2.19, 12.77, 9.83, 73.95
0, 5607833, 370, -107, 335.06, 2.19, 11.94, 9.65, 82.27
0, 5613762, 512, -123, 336.94, 2.19, 11.94, 9.65, 89.34
0, 5622072, 735, -107, 340.12, 2.25, 11.34, 10.86, 96.34
0, 5629503, 971, -84, 340.12, 2.44, 12.40, 8.88, 99.53
0, 5636742, 1167, -63, 343.31, 2.62, 12.37, 10.00, 99.74
0, 5645227, 1423, -40, 345.75, 2.62, 12.37, 9.63, 96.35
0, 5653431, 1768, -9, 348.69, 2.37, 11.44, 9.63, 89.46
0, 5659144, 2014, 17, 348.69, 2.12, 12.65, 9.94, 82.70
0, 5665103, 2184, 40, 351.37, 2.12, 12.65, 9.68, 74.08
0, 5673271, 2362, 57, 354.69, 1.81, 11.61, 9.68, 59.95
0, 5682261, 2540, 74, 358.81, 1.44, 11.39, 9.70, 41.90
0, 5690297, 2643, 85, 358.81, 1.12, 12.03, 9.74, 24.17
0, 5696865, 2657, 88, 361.62, 1.12, 11.55, 9.68, 9.02
0, 5704805, 2632, 93, 363.69, 0.94, 11.55, 9.68, -9.55
0, 5710517, 2604, 94, 363.69, 0.81, 11.65, 9.80, -22.74
0, 5716415, 2519, 95, 365.25, 0.81, 11.87, 10.19, -35.94
0, 5724228, 2302, 98, 365.62, 0.75, 11.87, 9.81, -52.32
0, 5733228, 1954, 106, 365.25, 0.69, 11.62, 9.81, -68.99
0, 5742081, 1496, 119, 363.87, 0.62, 11.46, 9.81, -82.42
0, 5748407, 1231, 108, 363.87, 0.56, 11.52, 9.59, -89.87
0, 5755757, 934, 81, 360.87, 0.56, 11.52, 9.59, -96.06
0, 5761471, 697, 61, 360.87, 0.50, 12.78, 10.39, -98.91
0, 5767369, 394, 33, 356.44, 0.50, 11.59, 9.90, -100.00
0, 5774783, 44, 1, 351.94, 0.50, 11.59, 9.88, -98.66
0, 5783572, -276, -28, 348.00, 0.75, 11.59, 9.88, -93.24
0, 5791747, -548, -54, 343.37, 1.12, 12.75, 9.72, -84.66
0, 5797768, -631, -62, 343.37, 1.12, 12.09, 9.81, -76.34
0, 5805502, -634, -65, 339.06, 1.50, 12.09, 9.81, -63.46
0, 5811206, -628, -65, 339.06, 1.81, 13.27, 9.92, -52.60
0, 5817116, -622, -66, 335.56, 1.81, 12.18, 9.78, -40.36
0, 5824929, -613, -68, 333.69, 2.00, 12.05, 9.76, -23.04
0, 5833818, -595, -73, 333.62, 2.06, 12.05, 9.76, -2.43
0, 5843463, -544, -76, 333.75, 2.06, 12.06, 9.76, 20.03
0, 5850487, -451, -77, 333.75, 2.12, 12.15, 9.68, 35.80
0, 5857340, -288, -78, 333.87, 2.12, 12.15, 9.68, 50.26
0, 5863458, -72, -82, 334.12, 2.12, 12.27, 9.76, 62.09
0, 5870114, 213, -87, 334.12, 2.12, 12.87, 9.78, 73.51
0, 5876818, 394, -117, 334.94, 2.12, 11.23, 10.05, 83.21
0, 5885709, 611, -118, 337.12, 2.19, 12.53, 10.78, 92.88
0, 5895565, 897, -92, 340.75, 2.50, 12.53, 9.74, 98.89
0, 5904081, 1137, -66, 343.75, 2.56, 11.49, 9.74, 99.87
0, 5909790, 1285, -52, 343.75, 2.31, 12.03, 9.83, 98.31
0, 5915907, 1501, -33, 346.12, 2.31, 12.03, 9.83, 94.68
0, 5924067, 1854, 0, 349.00, 2.06, 11.68, 9.46, 86.85
0, 5933411, 2174, 38, 351.62, 1.75, 12.69, 9.75, 74.01
0, 5941292, 2352, 56, 351.62, 1.37, 11.41, 9.56, 60.42
0, 5948874, 2501, 70, 355.00, 1.37, 11.57, 9.79, 45.39
0, 5956120, 2603, 81, 359.12, 1.06, 11.57, 9.79, 29.69
0, 5961825, 2635, 85, 359.12, 0.94, 11.94, 9.78, 16.70
0, 5968204, 2621, 89, 361.81, 0.94, 11.73, 9.81, 1.84
0, 5975872, 2589, 92, 363.87, 0.75, 11.80, 9.36, -16.05
0, 5985700, 2475, 93, 365.19, 0.69, 11.90, 10.12, -38.15
0, 5995409, 2222, 97, 365.25, 0.62, 11.90, 10.12, -58.00
0, 6003675, 1873, 106, 364.75, 0.56, 11.69, 9.60, -72.59
0, 6009380, 1552, 118, 364.75, 0.56, 11.51, 9.63, -81.11
0, 6015348, 1262, 110, 363.37, 0.50, 11.51, 9.63, -88.47
0, 6022026, 982, 85, 360.56, 0.44, 11.37, 9.86, -94.65
0, 6028759, 708, 61, 360.56, 0.50, 12.21, 10.39, -98.54
0, 6036667, 312, 25, 355.81, 0.50, 11.46, 9.83, -99.99
0, 6046359, -95, -12, 351.12, 0.75, 11.89, 9.83, -97.10
0, 6054689, -398, -40, 347.06, 1.12, 11.89, 9.68, -90.63
0, 6060394, -564, -56, 347.06, 1.12, 12.81, 9.87, -84.19
0, 6066518, -635, -63, 342.37, 1.50, 11.87, 9.87, -75.61
0, 6074880, -633, -65, 338.44, 1.81, 11.87, 9.87, -61.43
0, 6084500, -626, -66, 335.06, 2.00, 12.94, 9.68, -42.25
0, 6094611, -613, -68, 333.62, 2.00, 12.02, 9.78, -19.81
0, 6102427, -592, -73, 333.62, 2.06, 12.08, 9.82, -1.63
0, 6108376, -565, -75, 333.62, 2.06, 12.08, 9.82, 12.27
0, 6114798, -491, -77, 333.69, 2.06, 12.04, 9.83, 27.00
0, 6121892, -355, -78, 333.69, 2.12, 12.27, 9.74, 42.56
0, 6129312, -143, -81, 333.81, 2.12, 12.52, 9.63, 57.56
0, 6137210, 172, -86, 334.19, 2.12, 12.52, 9.94, 71.62
0, 6146794, 425, -122, 335.37, 2.12, 11.04, 9.94, 85.36
0, 6154864, 618, -118, 337.75, 2.19, 11.04, 9.91, 93.63
0, 6160586, 778, -103, 337.75, 2.19, 12.67, 9.76, 97.48
0, 6166723, 979, -83, 341.31, 2.50, 11.63, 9.76, 99.67
0, 6175178, 1206, -59, 343.94, 2.56, 11.63, 9.50, 99.32
0, 6184794, 1530, -30, 346.37, 2.31, 11.71, 9.50, 94.21
0, 6194590, 1963, 11, 349.31, 2.00, 12.04, 9.88, 84.11
0, 6202399, 2202, 42, 352.06, 1.75, 12.54, 9.86, 72.87
0, 6208128, 2331, 55, 352.06, 1.75, 12.54, 9.86, 63.06
0, 6214011, 2449, 65, 355.69, 1.37, 11.19, 9.78, 51.80
0, 6220106, 2549, 76, 355.69, 1.37, 11.79, 9.83, 39.10
0, 6227483, 2621, 83, 359.69, 1.06, 11.87, 9.77, 22.70
0, 6237080, 2623, 88, 362.25, 0.88, 11.67, 9.78, 0.42
0, 6246739, 2573, 93, 364.12, 0.75, 11.79, 9.78, -22.02
0, 6254679, 2461, 93, 365.19, 0.69, 11.79, 9.44, -39.68
0, 6260391, 2311, 95, 365.19, 0.69, 11.81, 10.38, -51.57
0, 6266156, 2102, 98, 365.25, 0.62, 11.81, 10.38, -62.63
0, 6273912, 1701, 114, 364.69, 0.56, 11.71, 9.65, -75.68
0, 6282156, 1300, 112, 363.00, 0.56, 11.77, 9.73, -86.82
0, 6290118, 995, 86, 363.00, 0.44, 12.20, 9.91, -94.51
0, 6299156, 627, 54, 359.56, 0.44, 12.04, 9.91, -99.27
0, 6306387, 269, 21, 354.56, 0.56, 12.04, 9.47, -99.88
0, 6312102, 20, -1, 350.44, 0.56, 11.54, 9.82, -98.35
0, 6318069, -188, -21, 350.44, 0.81, 12.28, 9.82, -94.86
0, 6326039, -471, -47, 346.56, 1.19, 12.28, 9.88, -87.35
0, 6335170, -625, -62, 341.94, 1.56, 12.57, 9.82, -75.02
0, 6344575, -628, -64, 338.12, 1.87, 11.97, 9.78, -58.76
0, 6352201, -619, -65, 334.94, 2.00, 12.76, 9.86, -43.45
0, 6358299, -610, -67, 334.94, 2.00, 12.76, 9.86, -30.19
0, 6364181, -600, -69, 333.62, 2.06, 12.00, 9.85, -16.81
0, 6370124, -585, -73, 333.62, 2.06, 12.08, 9.79, -2.97
0, 6377998, -545, -75, 333.62, 2.06, 11.94, 9.75, 15.41
0, 6387312, -425, -77, 333.75, 2.12, 12.25, 9.75, 36.43
0, 6396812, -200, -79, 333.94, 2.19, 12.46, 9.73, 56.08
0, 6404834, 105, -83, 334.37, 2.19, 12.46, 9.85, 70.56
0, 6410545, 319, -94, 334.37, 2.19, 12.72, 9.85, 79.38
0, 6416526, 454, -124, 335.56, 2.19, 12.72, 9.63, 87.09
0, 6422950, 621, -118, 337.87, 2.25, 11.34, 10.91, 93.47
0, 6431728, 883, -93, 337.87, 2.50, 12.41, 8.87, 98.76
0, 6440155, 1129, -67, 341.50, 2.50, 11.77, 10.00, 99.92
0, 6449841, 1408, -41, 344.19, 2.56, 11.52, 10.00, 96.47
0, 6456848, 1695, -15, 346.87, 2.31, 11.52, 9.66, 90.87
0, 6462557, 1949, 9, 349.81, 2.31, 12.44, 10.00, 84.49
0, 6468675, 2143, 34, 349.81, 2.00, 12.26, 10.00, 75.99
0, 6476993, 2324, 55, 352.50, 1.75, 11.26, 9.68, 61.97
0, 6486763, 2511, 71, 356.31, 1.37, 11.95, 9.69, 42.55
0, 6496887, 2633, 83, 360.06, 1.06, 11.90, 9.82, 20.10
0, 6504924, 2637, 89, 362.31, 0.94, 11.90, 9.66, 1.41
0, 6510844, 2609, 92, 362.31, 0.94, 11.59, 9.66, -12.42
0, 6516771, 2558, 94, 364.19, 0.81, 11.59, 9.78, -26.03
0, 6523612, 2430, 95, 365.31, 0.75, 11.72, 9.52, -41.10
0, 6532723, 2165, 99, 365.31, 0.62, 11.76, 9.76, -59.47
0, 6540566, 1818, 112, 365.31, 0.62, 11.73, 9.74, -73.16
0, 6550340, 1329, 114, 364.50, 0.62, 11.66, 9.74, -86.72
0, 6557359, 1066, 93, 362.44, 0.56, 11.66, 9.56, -93.70
0, 6563064, 839, 73, 359.00, 0.56, 12.22, 10.28, -97.52
0, 6568967, 569, 49, 359.00, 0.44, 11.87, 10.28, -99.64
0, 6576707, 177, 13, 354.12, 0.56, 11.58, 9.89, -99.54
0, 6586572, -201, -22, 350.19, 0.88, 12.67, 9.88, -94.69
0, 6596289, -535, -53, 346.12, 1.25, 12.67, 9.81, -84.99
0, 6604572, -641, -63, 341.37, 1.56, 12.32, 9.80, -73.24
0, 6610280, -636, -65, 341.37, 1.56, 12.32, 9.80, -63.51
0, 6616162, -631, -66, 337.56, 1.87, 12.32, 9.90, -52.30
0, 6621866, -625, -67, 337.56, 1.87, 12.50, 9.81, -40.48
0, 6630538, -616, -68, 334.44, 2.06, 12.03, 9.77, -21.21
0, 6640217, -596, -74, 333.50, 2.06, 12.05, 9.75, 1.30
0, 6650326, -530, -76, 333.56, 2.12, 11.93, 9.75, 24.72
0, 6657111, -426, -78, 333.69, 2.12, 11.93, 9.70, 39.74
0, 6662819, -279, -79, 333.81, 2.12, 12.33, 9.87, 51.62
0, 6668538, -68, -82, 333.81, 2.19, 12.62, 9.87, 62.59
0, 6675761, 241, -89, 334.25, 2.19, 12.62, 9.95, 74.83
0, 6684779, 462, -124, 335.50, 2.19, 12.92, 10.01, 87.07
0, 6694342, 702, -109, 338.37, 2.25, 11.50, 10.86, 95.82
0, 6703463, 986, -83, 342.19, 2.25, 11.89, 9.78, 99.71
0, 6709391, 1146, -66, 342.19, 2.56, 12.24, 9.78, 99.81
0, 6715098, 1298, -51, 344.62, 2.56, 12.24, 9.78, 98.09
0, 6720805, 1501, -32, 344.62, 2.56, 11.50, 9.78, 94.62
0, 6728350, 1825, -3, 347.19, 2.25, 12.61, 9.43, 87.45
0, 6737972, 2163, 37, 350.12, 2.00, 12.21, 9.74, 74.40
0, 6748103, 2391, 60, 352.87, 1.69, 11.43, 9.58, 56.61
0, 6756195, 2547, 76, 356.75, 1.31, 11.43, 9.78, 40.07
0, 6762085, 2623, 84, 356.75, 1.31, 12.07, 9.78, 27.09
0, 6768489, 2642, 86, 359.00, 1.06, 11.74, 9.86, 12.40
0, 6776039, 2620, 90, 361.31, 0.88, 11.74, 9.85, -5.25
0, 6785186, 2567, 93, 363.19, 0.75, 11.57, 9.43, -26.36
0, 6794930, 2383, 95, 364.06, 0.69, 11.79, 10.16, -47.50
0, 6803925, 2096, 100, 363.81, 0.69, 11.72, 9.60, -64.85
0, 6809889, 1806, 112, 363.81, 0.62, 11.68, 9.60, -74.82
0, 6815597, 1480, 118, 361.81, 0.56, 11.68, 9.64, -82.99
0, 6821315, 1217, 107, 361.81, 0.56, 11.47, 9.64, -89.70
0, 6828702, 912, 79, 359.75, 0.50, 12.83, 9.97, -95.97
0, 6838302, 477, 40, 356.12, 0.44, 11.86, 10.34, -99.82
0, 6848085, 31, 0, 351.00, 0.56, 11.47, 9.88, -98.57
0, 6856191, -248, -26, 346.75, 0.88, 11.47, 9.63, -93.63
0, 6862163, -461, -46, 346.75, 0.88, 12.77, 9.63, -87.81
0, 6868608, -595, -59, 342.25, 1.25, 12.77, 9.83, -79.62
0, 6875627, -620, -62, 337.75, 1.62, 11.97, 9.87, -68.65
0, 6885234, -613, -63, 334.25, 1.87, 12.85, 9.66, -50.69
0, 6895198, -602, -65, 331.44, 2.00, 12.14, 9.72, -29.38
0, 6904517, -585, -69, 331.50, 2.00, 12.18, 9.87, -7.99
0, 6910471, -563, -73, 331.50, 2.06, 12.04, 9.87, 5.94
0, 6916411, -513, -75, 331.62, 2.06, 12.04, 9.60, 19.73
0, 6922360, -425, -76, 331.62, 2.06, 12.14, 9.78, 33.15
0, 6930491, -241, -78, 331.81, 2.06, 12.50, 9.71, 50.41
0, 6939554, 78, -81, 332.50, 2.12, 12.49, 9.71, 67.48
0, 6948719, 367, -106, 334.12, 2.12, 12.69, 9.84, 81.65
0, 6956545, 543, -122, 337.00, 2.19, 12.69, 9.83, 90.80
0, 6962460, 698, -110, 337.00, 2.19, 12.52, 9.83, 95.72
0, 6969049, 903, -91, 340.31, 2.25, 11.63, 10.12, 99.03
0, 6976094, 1109, -70, 342.62, 2.56, 11.63, 9.31, 99.97
0, 6985554, 1366, -45, 345.31, 2.50, 12.51, 9.51, 96.96
0, 6995397, 1766, -9, 348.19, 2.25, 11.74, 9.90, 88.80
0, 7004547, 2121, 31, 351.00, 2.25, 12.63, 9.87, 76.99
0, 7010252, 2257, 50, 351.00, 2.00, 12.19, 9.87, 67.81
0, 7016193, 2379, 60, 355.00, 1.69, 12.19, 9.71, 56.96
0, 7021904, 2479, 69, 355.00, 1.69, 11.28, 9.81, 45.49
0, 7031053, 2589, 79, 358.44, 1.31, 11.92, 9.74, 25.51
0, 7041095, 2606, 85, 360.56, 1.06, 11.73, 9.72, 2.27
0, 7051139, 2557, 90, 362.06, 0.94, 11.66, 9.72, -21.09
0, 7058142, 2473, 91, 362.81, 0.88, 11.66, 9.33, -36.77
0, 7063849, 2329, 93, 362.50, 0.88, 11.88, 9.33, -48.83
0, 7070036, 2117, 96, 362.50, 0.81, 11.57, 10.32, -60.92
0, 7077815, 1733, 111, 361.69, 0.75, 11.43, 9.61, -74.28
0, 7086610, 1302, 111, 359.25, 0.69, 11.43, 9.84, -86.41
0, 7095969, 954, 82, 355.00, 0.62, 11.98, 9.84, -95.28
0, 7104879, 598, 51, 350.31, 0.62, 12.22, 9.50, -99.50
0, 7110582, 319, 26, 350.31, 0.75, 11.89, 9.50, -99.94
0, 7116557, 56, 2, 346.62, 1.06, 11.89, 9.85, -98.49
0, 7122260, -144, -16, 346.62, 1.06, 11.58, 9.86, -95.31
0, 7131363, -460, -46, 342.56, 1.44, 12.63, 9.86, -86.75
0, 7140394, -619, -61, 338.19, 1.75, 11.96, 9.82, -74.37
0, 7149200, -622, -64, 334.69, 2.06, 13.09, 9.74, -59.11
0, 7156788, -614, -65, 331.94, 2.06, 13.09, 9.80, -43.92
0, 7162493, -605, -66, 331.94, 2.19, 12.04, 9.80, -31.56
0, 7168452, -595, -68, 331.37, 2.19, 12.04, 9.75, -18.05
0, 7174859, -580, -72, 331.44, 2.25, 12.08, 9.74, -3.14
0, 7183809, -534, -75, 331.56, 2.25, 12.04, 9.74, 17.73
0, 7193109, -411, -77, 331.81, 2.25, 12.27, 9.73, 38.57
0, 7201888, -194, -79, 331.81, 2.31, 12.54, 9.73, 56.60
0, 7208555, 64, -82, 332.44, 2.31, 12.54, 9.82, 68.73
0, 7214478, 301, -91, 334.00, 2.31, 12.53, 9.82, 78.11
0, 7220372, 440, -122, 334.00, 2.31, 12.70, 9.69, 85.96
0, 7227286, 618, -118, 337.00, 2.37, 12.71, 10.97, 93.08
0, 7236252, 882, -94, 340.50, 2.75, 12.71, 8.77, 98.65
0, 7245497, 1144, -66, 343.00, 2.62, 11.64, 10.04, 99.86
0, 7254636, 1403, -42, 345.81, 2.62, 12.50, 10.04, 96.48
0, 7260560, 1637, -20, 345.81, 2.31, 12.14, 9.63, 91.91
0, 7266522, 1896, 4, 348.56, 2.31, 12.14, 10.01, 85.53
0, 7272757, 2110, 30, 351.50, 2.06, 12.47, 9.69, 77.08
0, 7281934, 2309, 54, 351.50, 1.81, 11.93, 9.62, 61.72
0, 7291228, 2481, 69, 355.50, 1.44, 11.26, 9.62, 43.27
0, 7301286, 2601, 81, 358.56, 1.19, 11.88, 9.73, 21.04
0, 7308293, 2609, 85, 360.56, 1.06, 11.88, 9.63, 4.78
0, 7314425, 2581, 89, 362.12, 1.06, 11.70, 9.63, -9.56
0, 7320137, 2544, 90, 362.12, 0.94, 11.61, 9.76, -22.76
0, 7326816, 2438, 91, 362.75, 0.88, 11.61, 9.37, -37.65
0, 7335958, 2196, 95, 362.44, 0.81, 11.81, 9.79, -56.47
0, 7344673, 1834, 107, 361.25, 0.81, 11.80, 9.79, -72.03
0, 7354345, 1344, 112, 358.69, 0.75, 11.38, 9.79, -85.77
0, 7360052, 1139, 99, 358.69, 0.69, 12.58, 9.59, -91.86
0, 7365759, 918, 79, 354.56, 0.69, 12.58, 10.45, -96.30
0, 7371500, 682, 59, 354.56, 0.62, 11.90, 10.45, -99.05
0, 7378180, 344, 28, 350.00, 0.75, 11.70, 9.87, -99.98
0, 7387231, -47, -8, 346.31, 1.06, 11.50, 9.82, -97.36
0, 7396769, -383, -38, 341.94, 1.44, 12.58, 9.77, -89.89
0, 7405577, -601, -59, 337.50, 1.44, 12.58, 9.77, -79.01
0, 7411502, -631, -63, 337.50, 1.81, 11.87, 9.78, -69.77
0, 7417208, -624, -64, 334.06, 1.81, 11.87, 9.94, -59.60
0, 7423115, -619, -65, 331.62, 2.06, 13.36, 9.94, -47.96
0, 7431372, -611, -66, 331.62, 2.19, 11.94, 9.77, -30.20
0, 7441381, -595, -70, 331.31, 2.19, 12.06, 9.84, -7.23
0, 7451664, -551, -75, 331.44, 2.25, 12.12, 9.91, 16.77
0, 7458482, -474, -76, 331.56, 2.25, 12.12, 9.71, 32.23
0, 7464189, -354, -78, 331.75, 2.25, 12.06, 9.71, 44.56
0, 7469893, -178, -80, 331.75, 2.31, 12.66, 9.64, 56.09
0, 7475602, 56, -82, 332.44, 2.31, 12.66, 9.88, 66.62
0, 7484777, 365, -108, 334.37, 2.31, 12.81, 9.99, 80.99
0, 7494478, 589, -120, 337.87, 2.31, 11.96, 10.83, 92.12
0, 7504962, 885, -93, 341.00, 2.44, 12.21, 10.83, 98.82
0, 7510672, 1054, -76, 341.00, 2.75, 12.05, 9.85, 99.98
0, 7516563, 1197, -60, 343.31, 2.75, 12.05, 9.85, 99.31
0, 7522292, 1360, -45, 343.31, 2.62, 12.34, 9.84, 96.84
0, 7530009, 1657, -18, 346.12, 2.31, 12.49, 9.43, 90.79
0, 7538012, 1995, 15, 348.75, 2.06, 12.30, 9.98, 81.38
0, 7547538, 2232, 48, 351.75, 1.75, 11.89, 9.61, 66.51
0, 7556791, 2398, 62, 355.75, 1.75, 11.89, 9.73, 48.90
0, 7562496, 2481, 70, 355.75, 1.44, 11.16, 9.73, 36.84
0, 7568447, 2528, 74, 358.69, 1.19, 11.16, 9.83, 23.57
0, 7574395, 2526, 77, 360.50, 1.19, 11.91, 9.76, 9.84
0, 7584252, 2499, 82, 361.75, 1.06, 11.62, 9.76, -13.19
0, 7592479, 2434, 82, 361.75, 0.94, 11.67, 9.45, -31.93
0, 7600423, 2267, 85, 361.94, 0.88, 11.58, 10.18, -48.91
0, 7607521, 2037, 89, 361.62, 0.88, 11.58, 9.78, -62.67
0, 7613233, 1757, 98, 360.50, 0.88, 11.75, 9.78, -72.50
0, 7618997, 1416, 111, 360.50, 0.81, 11.75, 9.73, -81.11
0, 7624883, 1170, 101, 357.81, 0.81, 11.24, 9.72, -88.38
0, 7632928, 878, 75, 353.12, 0.75, 13.09, 9.72, -95.58
0, 7642040, 500, 42, 353.12, 0.62, 11.65, 10.64, -99.64
0, 7651203, 88, 5, 348.56, 0.88, 11.64, 9.86, -99.16
0, 7657983, -148, -17, 345.00, 0.88, 11.64, 9.66, -95.87
0, 7663689, -344, -35, 340.69, 1.12, 11.67, 9.66, -91.23
0, 7669404, -518, -51, 340.69, 1.50, 11.67, 9.82, -84.95
0, 7675490, -604, -60, 336.75, 1.50, 12.13, 9.81, -76.59
0, 7685101, -608, -62, 333.50, 1.81, 12.44, 9.69, -60.30
0, 7695022, -599, -63, 331.62, 2.06, 13.24, 9.68, -40.31
0, 7705139, -586, -66, 331.50, 2.12, 12.05, 9.68, -17.71
0, 7710841, -568, -69, 331.50, 2.19, 12.13, 9.77, -4.44
0, 7716979, -538, -73, 331.56, 2.19, 12.13, 9.77, 9.91
0, 7722946, -482, -74, 331.56, 2.19, 12.03, 9.81, 23.68
0, 7729607, -371, -75, 331.69, 2.25, 11.99, 9.64, 38.49
0, 7737181, -178, -78, 332.06, 2.25, 12.48, 9.67, 54.17
0, 7745658, 142, -82, 333.06, 2.25, 12.48, 9.94, 69.69
0, 7755078, 412, -115, 335.12, 2.31, 12.75, 9.94, 83.69
0, 7760786, 545, -121, 335.12, 2.31, 11.38, 9.81, 90.24
0, 7767002, 709, -109, 338.50, 2.31, 11.38, 9.81, 95.54
0, 7773182, 900, -92, 341.37, 2.44, 12.09, 10.24, 98.80
0, 7782047, 1146, -65, 341.37, 2.75, 12.30, 9.31, 99.86
0, 7789764, 1354, -46, 343.75, 2.56, 12.03, 9.51, 97.29
0, 7797981, 1671, -17, 346.62, 2.31, 12.67, 9.90, 91.08
0, 7807040, 2043, 21, 349.25, 2.31, 12.67, 9.90, 80.34
0, 7812746, 2188, 42, 349.25, 2.06, 12.14, 9.82, 71.69
0, 7818690, 2301, 54, 352.50, 2.06, 12.14, 9.60, 61.32
0, 7824395, 2394, 62, 356.50, 1.69, 11.58, 9.60, 50.25
0, 7833159, 2503, 72, 359.06, 1.37, 11.36, 9.88, 31.57
0, 7841838, 2536, 76, 359.06, 1.12, 11.79, 9.71, 11.77
0, 7849394, 2509, 81, 360.75, 1.00, 11.66, 9.75, -5.90
0, 7857592, 2455, 82, 361.81, 1.00, 11.66, 9.75, -24.84
0, 7863552, 2365, 84, 361.94, 0.94, 11.73, 9.76, -38.08
0, 7869266, 2230, 85, 361.94, 0.94, 11.73, 9.93, -50.07
0, 7875447, 2017, 90, 361.44, 0.88, 11.76, 9.93, -62.04
0, 7883932, 1572, 106, 360.00, 0.88, 11.45, 9.65, -76.30
0, 7892518, 1211, 103, 360.00, 0.81, 11.33, 9.78, -87.67
0, 7899792, 959, 83, 357.00, 0.69, 13.00, 9.96, -94.56
0, 7907725, 660, 57, 352.12, 0.69, 13.00, 9.96, -98.94
0, 7913634, 374, 31, 348.31, 0.69, 11.80, 9.46, -100.00
0, 7919333, 118, 8, 348.31, 0.69, 11.80, 9.82, -99.20
0, 7925487, -107, -13, 344.81, 0.88, 11.53, 9.82, -96.37
0, 7933967, -399, -40, 340.37, 1.19, 11.76, 9.88, -89.20
0, 7941533, -586, -58, 340.37, 1.56, 12.03, 9.83, -79.84
0, 7949114, -621, -62, 336.50, 1.81, 12.86, 9.78, -67.94
0, 7957525, -614, -63, 333.25, 1.81, 12.86, 9.78, -52.27
0, 7963237, -606, -65, 331.44, 2.06, 13.13, 9.79, -40.43
0, 7969131, -597, -66, 331.44, 2.06, 13.13, 9.82, -27.46
0, 7975285, -586, -69, 331.37, 2.19, 12.12, 9.82, -13.36
0, 7984133, -562, -73, 331.50, 2.19, 12.05, 9.77, 7.31
0, 7992914, -486, -75, 331.50, 2.25, 11.95, 9.77, 27.52
0, 7999197, -376, -76, 331.69, 2.25, 12.07, 9.85, 41.32
0, 8007654, -131, -79, 331.94, 2.25, 12.07, 9.85, 58.43
0, 8013360, 95, -82, 332.94, 2.31, 12.60, 9.78, 68.73
0, 8019258, 321, -92, 332.94, 2.31, 12.60, 9.66, 78.07
0, 8025165, 453, -123, 335.25, 2.31, 12.61, 9.66, 85.95
0, 8032894, 650, -115, 335.25, 2.31, 11.11, 9.87, 93.74
0, 8040126, 860, -96, 338.81, 2.50, 11.67, 8.76, 98.27
0, 8047792, 1086, -72, 341.62, 2.75, 12.51, 10.08, 100.00
0, 8057015, 1323, -48, 344.12, 2.75, 12.51, 10.08, 97.82
0, 8062726, 1529, -30, 344.12, 2.56, 11.76, 9.63, 94.17
0, 8068617, 1773, -8, 347.00, 2.56, 11.76, 9.63, 88.65
0, 8074677, 2019, 18, 349.62, 2.25, 12.54, 9.98, 81.21
0, 8082908, 2216, 46, 349.62, 2.00, 12.05, 9.69, 68.53
0, 8090169, 2346, 57, 353.00, 1.69, 11.28, 9.57, 55.21
0, 8097972, 2459, 67, 356.87, 1.31, 11.66, 9.87, 39.14
0, 8107214, 2530, 74, 359.25, 1.31, 11.66, 9.87, 18.46
0, 8112927, 2522, 78, 359.25, 1.19, 11.76, 9.72, 5.19
0, 8118824, 2496, 82, 360.87, 1.19, 11.76, 9.72, -8.61
0, 8124747, 2454, 82, 361.81, 1.06, 11.65, 9.85, -22.30
0, 8132431, 2337, 84, 361.81, 0.94, 11.62, 9.50, -39.39
0, 8139190, 2181, 86, 361.81, 0.88, 11.92, 9.78, -53.39
0, 8147435, 1853, 95, 361.19, 0.88, 11.27, 9.70, -68.63
0, 8156935, 1353, 109, 359.56, 0.88, 11.27, 9.70, -82.98
0, 8162649, 1158, 99, 359.56, 0.81, 11.52, 9.47, -89.69
0, 8168786, 936, 81, 356.50, 0.81, 11.52, 9.47, -95.10
0, 8174747, 710, 61, 351.62, 0.69, 11.92, 8.83, -98.48
0, 8182458, 339, 27, 351.62, 0.69, 11.77, 9.85, -100.00
0, 8189257, 44, 1, 347.87, 0.88, 11.38, 9.73, -98.64
0, 8197547, -241, -25, 344.19, 0.88, 12.28, 9.85, -93.62
0, 8207083, -548, -54, 339.69, 1.19, 12.28, 9.85, -83.51
0, 8212793, -625, -62, 339.69, 1.56, 11.82, 9.75, -75.42
0, 8218927, -627, -64, 335.94, 1.56, 11.82, 9.75, -65.25
0, 8224638, -622, -64, 332.75, 1.87, 13.24, 9.89, -54.56
0, 8232197, -615, -66, 332.75, 2.12, 12.95, 9.80, -38.95
0, 8240823, -604, -67, 331.31, 2.12, 12.04, 9.72, -19.67
0, 8248772, -584, -73, 331.31, 2.19, 12.02, 9.74, -1.18
0, 8258001, -533, -75, 331.44, 2.19, 12.02, 9.74, 20.29
0, 8263710, -460, -76, 331.44, 2.19, 11.89, 9.80, 33.16
0, 8269479, -335, -77, 331.56, 2.19, 11.89, 9.80, 45.57
0, 8275593, -140, -80, 331.94, 2.25, 12.30, 9.77, 57.81
0, 8283859, 200, -86, 333.06, 2.25, 12.75, 9.80, 72.42
0, 8290225, 376, -110, 333.06, 2.25, 12.28, 9.97, 81.86
0, 8298086, 564, -122, 335.69, 2.25, 11.18, 10.69, 90.99
0, 8308043, 840, -98, 339.37, 2.50, 11.18, 10.69, 98.12
0, 8313756, 1016, -79, 341.94, 2.69, 11.82, 8.99, 99.82
0, 8319717, 1168, -63, 341.94, 2.69, 11.82, 8.99, 99.69
0, 8325902, 1338, -47, 344.44, 2.44, 12.41, 9.80, 97.51
0, 8333661, 1634, -20, 347.31, 2.19, 11.58, 9.44, 91.89
0, 8341397, 1966, 12, 347.31, 1.94, 12.38, 10.03, 83.27
0, 8349186, 2183, 41, 349.94, 1.62, 11.93, 9.58, 71.85
0, 8358287, 2358, 58, 353.56, 1.62, 11.93, 9.58, 55.51
0, 8364002, 2451, 66, 357.31, 1.25, 11.17, 9.81, 43.91
0, 8369934, 2518, 73, 357.31, 1.25, 11.83, 9.81, 31.05
0, 8376409, 2542, 75, 359.56, 1.06, 11.83, 9.93, 16.33
0, 8386139, 2517, 81, 361.25, 0.94, 11.63, 9.72, -6.38
0, 8395545, 2452, 83, 362.00, 0.88, 11.67, 9.30, -28.04
0, 8403579, 2306, 85, 361.87, 0.81, 11.95, 10.16, -45.50
0, 8410213, 2120, 88, 361.87, 0.81, 11.95, 10.16, -58.73
0, 8416227, 1854, 95, 361.31, 0.81, 11.82, 9.90, -69.51
0, 8421938, 1516, 110, 361.31, 0.81, 11.25, 9.63, -78.48
0, 8427954, 1238, 105, 359.56, 0.75, 11.61, 9.63, -86.40
0, 8436616, 919, 79, 356.19, 0.62, 11.61, 9.82, -94.77
0, 8446335, 542, 46, 351.06, 0.62, 12.72, 10.50, -99.53
0, 8456569, 82, 4, 347.12, 0.88, 11.93, 9.63, -98.98
0, 8462273, -118, -14, 347.12, 0.88, 11.45, 9.68, -96.21
0, 8468240, -319, -32, 343.50, 1.19, 11.45, 9.68, -91.47
0, 8473949, -502, -50, 339.12, 1.50, 12.49, 9.79, -85.27
0, 8481471, -610, -61, 339.12, 1.81, 12.02, 9.81, -74.79
0, 8489330, -611, -63, 335.56, 1.81, 13.31, 9.66, -61.38
0, 8498383, -604, -63, 332.56, 2.06, 12.63, 9.75, -43.39
0, 8508459, -592, -65, 331.44, 2.12, 12.63, 9.75, -21.12
0, 8514164, -575, -69, 331.44, 2.12, 12.08, 9.81, -7.91
0, 8520063, -552, -73, 331.50, 2.12, 12.08, 9.81, 5.89
0, 8526019, -504, -74, 331.56, 2.12, 12.06, 9.78, 19.71
0, 8534832, -371, -75, 331.75, 2.19, 11.92, 9.69, 39.39
0, 8542391, -189, -79, 331.75, 2.25, 12.43, 9.68, 54.96
0, 8551199, 149, -82, 332.31, 2.25, 12.85, 9.98, 70.91
0, 8559417, 393, -109, 333.62, 2.25, 12.85, 9.98, 83.09
0, 8565384, 534, -122, 336.12, 2.31, 11.98, 9.79, 90.03
0, 8571103, 685, -111, 336.12, 2.31, 11.53, 9.79, 95.03
0, 8577328, 874, -94, 339.69, 2.50, 11.53, 10.48, 98.55
0, 8586759, 1143, -66, 342.19, 2.69, 12.10, 9.10, 99.87
0, 8596580, 1425, -40, 344.81, 2.44, 12.27, 10.01, 96.10
0, 8606614, 1843, -1, 347.75, 2.19, 11.46, 9.86, 87.02
0, 8612331, 2066, 23, 347.75, 2.19, 12.63, 9.85, 79.66
0, 8618048, 2202, 45, 350.37, 1.94, 12.63, 9.85, 70.88
0, 8623755, 2310, 55, 350.37, 1.56, 11.72, 9.65, 60.84
0, 8629630, 2407, 63, 354.19, 1.56, 11.29, 9.87, 49.38
0, 8638918, 2520, 73, 357.81, 1.25, 11.95, 9.71, 29.45
0, 8648591, 2546, 78, 359.87, 1.06, 11.73, 9.76, 7.23
0, 8658679, 2508, 84, 361.31, 0.94, 11.73, 9.76, -16.32
0, 8664382, 2465, 84, 362.12, 0.88, 11.66, 9.77, -29.31
0, 8670094, 2350, 85, 362.12, 0.88, 11.66, 9.77, -41.80
0, 8676020, 2185, 88, 361.94, 0.81, 11.87, 10.07, -53.97
0, 8684084, 1851, 97, 361.31, 0.81, 11.73, 9.67, -68.81
0, 8693061, 1376, 110, 361.31, 0.75, 11.27, 9.78, -82.44
0, 8701700, 1069, 92, 359.12, 0.62, 11.83, 9.80, -92.13
0, 8710047, 775, 67, 355.25, 0.62, 11.83, 9.80, -97.93
0, 8715998, 513, 44, 350.50, 0.62, 12.89, 9.49, -99.79
0, 8721702, 241, 19, 350.50, 0.62, 11.64, 9.49, -99.76
0, 8727893, -12, -4, 347.00, 0.88, 11.51, 9.89, -97.72
0, 8737195, -328, -33, 343.19, 1.19, 11.51, 9.73, -90.81
0, 8746042, -575, -57, 338.75, 1.56, 12.65, 9.82, -80.25
0, 8754823, -622, -63, 335.25, 1.87, 12.42, 9.77, -66.38
0, 8761601, -615, -64, 335.25, 1.87, 13.23, 9.77, -53.72
0, 8767743, -608, -65, 332.25, 2.06, 13.23, 9.81, -41.08
0, 8773449, -599, -66, 332.25, 2.06, 12.36, 9.74, -28.56
0, 8780132, -588, -69, 331.31, 2.12, 12.06, 9.78, -13.27
0, 8789236, -563, -73, 331.44, 2.19, 11.98, 9.79, 8.00
0, 8798914, -474, -75, 331.56, 2.19, 11.95, 9.79, 30.20
0, 8808660, -278, -77, 331.75, 2.25, 11.95, 9.81, 50.99
0, 8814370, -97, -80, 332.19, 2.25, 12.50, 9.71, 62.00
0, 8820339, 161, -83, 332.19, 2.25, 12.50, 9.71, 72.33
0, 8826210, 361, -102, 333.62, 2.25, 12.70, 9.57, 81.11
0, 8833204, 527, -122, 333.62, 2.25, 11.63, 10.04, 89.56
0, 8841722, 755, -105, 336.31, 2.25, 12.14, 8.78, 96.60
0, 8851050, 1041, -77, 340.00, 2.50, 12.39, 9.98, 99.91
0, 8860215, 1269, -54, 342.56, 2.69, 12.39, 9.98, 98.53
0, 8866132, 1466, -36, 345.25, 2.44, 11.93, 9.59, 95.22
0, 8872041, 1705, -14, 345.25, 2.44, 11.72, 9.59, 90.10
0, 8878159, 1965, 11, 348.06, 2.12, 12.69, 9.55, 82.98
0, 8887839, 2219, 46, 350.81, 1.87, 12.69, 9.70, 68.32
0, 8897427, 2400, 61, 354.62, 1.56, 11.44, 9.57, 50.34
0, 8906516, 2526, 72, 358.00, 1.25, 11.56, 9.83, 30.95
0, 8912812, 2562, 77, 358.00, 1.25, 11.99, 9.83, 16.64
0, 8918696, 2546, 81, 360.06, 1.06, 11.99, 9.73, 2.94
0, 8924394, 2520, 84, 361.62, 1.06, 11.59, 9.80, -10.39
0, 8930334, 2474, 85, 361.62, 0.94, 11.72, 9.54, -24.08
0, 8939462, 2319, 87, 362.25, 0.88, 11.91, 9.54, -44.12
0, 8949173, 2046, 92, 361.87, 0.81, 11.44, 9.75, -63.22
0, 8959138, 1540, 111, 360.87, 0.75, 11.44, 9.78, -79.43
0, 8964855, 1294, 109, 358.87, 0.75, 11.43, 9.55, -86.83
0, 8970745, 1068, 92, 358.87, 0.69, 11.53, 9.55, -92.82
0, 8976680, 843, 72, 355.12, 0.62, 11.53, 9.42, -97.08
0, 8985718, 437, 37, 350.37, 0.62, 12.62, 9.91, -99.95
0, 8995440, 13, -2, 346.62, 0.88, 11.49, 9.83, -98.06
0, 9004951, -311, -31, 342.56, 1.19, 11.95, 9.80, -91.31
0, 9011740, -528, -52, 342.56, 1.19, 12.67, 9.80, -83.70
0, 9017698, -610, -61, 338.19, 1.56, 12.67, 9.78, -75.27
0, 9023417, -613, -63, 338.19, 1.56, 13.03, 9.78, -65.81
0, 9029573, -608, -63, 334.75, 1.87, 13.08, 9.93, -54.31
0, 9039360, -600, -64, 331.94, 2.06, 12.04, 9.79, -33.81
0, 9049302, -585, -67, 331.37, 2.12, 12.07, 9.73, -11.18
0, 9059198, -549, -73, 331.50, 2.12, 12.07, 9.91, 11.95
0, 9064904, -503, -74, 331.56, 2.12, 11.99, 9.84, 25.07
0, 9070611, -404, -75, 331.56, 2.12, 12.01, 9.84, 37.75
0, 9076668, -250, -77, 331.81, 2.19, 12.01, 9.68, 50.46
0, 9084598, 44, -81, 332.37, 2.19, 12.67, 9.63, 65.54
0, 9092824, 342, -94, 332.37, 2.25, 12.51, 9.99, 78.79
0, 9102578, 555, -121, 334.12, 2.25, 10.97, 10.62, 90.69
0, 9111656, 795, -102, 337.31, 2.31, 12.80, 10.62, 97.54
0, 9117367, 974, -84, 340.62, 2.56, 12.80, 9.06, 99.61
0, 9123272, 1131, -67, 340.62, 2.56, 12.58, 9.06, 99.88
0, 9128990, 1276, -53, 342.87, 2.62, 11.65, 9.81, 98.32
0, 9138605, 1626, -22, 345.56, 2.37, 12.08, 9.49, 91.76
0, 9148400, 2035, 19, 348.31, 2.12, 12.52, 10.02, 80.32
0, 9158013, 2267, 50, 351.19, 1.87, 12.52, 9.65, 64.99
0, 9164198, 2386, 60, 351.19, 1.87, 11.21, 9.65, 53.34
0, 9170321, 2477, 68, 355.19, 1.50, 11.21, 9.77, 40.70
0, 9176320, 2535, 73, 358.44, 1.19, 11.78, 9.89, 27.51
0, 9183416, 2545, 77, 358.44, 1.19, 11.86, 9.70, 11.23
0, 9192870, 2517, 83, 360.44, 1.06, 11.66, 9.48, -10.87
0, 9202877, 2434, 84, 361.75, 0.94, 11.84, 10.24, -33.66
0, 9212171, 2233, 87, 362.06, 0.88, 11.75, 10.24, -53.20
0, 9218083, 2033, 90, 361.75, 0.81, 11.75, 9.80, -64.38
0, 9223987, 1729, 101, 361.75, 0.81, 11.85, 9.80, -74.31
0, 9230156, 1368, 111, 360.87, 0.75, 11.39, 9.74, -83.17
0, 9239953, 980, 85, 358.62, 0.75, 11.65, 9.94, -93.62
0, 9249865, 620, 53, 354.31, 0.62, 12.50, 10.35, -99.19
0, 9259721, 169, 12, 349.31, 0.69, 12.50, 9.64, -99.46
0, 9265425, -46, -8, 345.75, 0.69, 11.40, 9.64, -97.19
0, 9271135, -229, -24, 345.75, 0.94, 12.32, 9.64, -93.19
0, 9276898, -427, -42, 341.75, 1.25, 12.32, 9.76, -87.46
0, 9284389, -583, -58, 337.62, 1.25, 12.57, 9.80, -77.66
0, 9293373, -605, -62, 337.62, 1.62, 13.24, 9.69, -62.78
0, 9303136, -597, -63, 334.31, 1.87, 12.84, 9.79, -43.51
0, 9312440, -585, -65, 331.87, 2.06, 12.02, 9.79, -23.01
0, 9318366, -569, -68, 331.50, 2.12, 12.02, 9.82, -9.33
0, 9324332, -548, -72, 331.50, 2.12, 12.14, 9.82, 4.63
0, 9330248, -505, -73, 331.56, 2.12, 11.94, 9.81, 18.38
0, 9340064, -362, -75, 331.69, 2.19, 12.42, 9.70, 40.30
0, 9349738, -115, -79, 332.00, 2.25, 12.40, 9.64, 59.83
0, 9359071, 243, -85, 332.81, 2.25, 12.40, 9.93, 75.78
0, 9365257, 408, -111, 334.44, 2.25, 12.23, 9.93, 84.41
0, 9371172, 555, -121, 334.44, 2.25, 11.29, 9.79, 91.00
0, 9377058, 714, -109, 337.50, 2.31, 11.29, 10.70, 95.84
0, 9384710, 954, -86, 340.75, 2.31, 12.51, 8.94, 99.39
0, 9393901, 1195, -61, 340.75, 2.56, 12.43, 10.11, 99.45
0, 9403538, 1503, -33, 343.19, 2.62, 11.52, 9.78, 94.58
0, 9412490, 1887, 3, 346.06, 2.37, 12.46, 9.78, 85.76
0, 9418386, 2098, 28, 348.75, 2.37, 12.46, 9.85, 77.86
0, 9424106, 2226, 47, 348.75, 2.12, 12.28, 9.85, 68.78
0, 9430060, 2336, 56, 351.87, 1.87, 11.19, 9.62, 58.02
0, 9439830, 2486, 69, 355.87, 1.50, 11.89, 9.88, 38.03
0, 9449605, 2564, 77, 358.75, 1.19, 11.87, 9.80, 16.05
0, 9459027, 2543, 83, 360.56, 1.06, 11.87, 9.62, -5.94
0, 9465550, 2506, 85, 361.87, 1.06, 11.64, 9.62, -21.06
0, 9471432, 2421, 86, 361.87, 1.00, 11.80, 9.70, -34.29
0, 9477136, 2291, 88, 362.25, 0.94, 11.80, 9.83, -46.50
0, 9485064, 2034, 93, 361.87, 0.94, 11.64, 9.66, -62.04
0, 9493962, 1581, 110, 361.87, 0.88, 11.74, 9.81, -76.93
0, 9503485, 1191, 103, 360.50, 0.81, 11.55, 9.95, -89.15
0, 9512608, 874, 75, 357.75, 0.69, 13.12, 9.95, -96.73
0, 9518551, 647, 56, 353.19, 0.69, 13.12, 9.45, -99.31
0, 9524258, 368, 30, 353.19, 0.81, 11.76, 9.45, -99.99
0, 9530242, 100, 6, 349.06, 1.06, 11.25, 9.93, -98.78
0, 9539111, -212, -23, 345.62, 1.37, 12.61, 9.64, -93.44
0, 9547867, -505, -50, 341.50, 1.75, 12.61, 9.78, -84.22
0, 9557778, -620, -61, 337.31, 2.00, 12.43, 9.74, -69.56
0, 9564638, -611, -63, 333.94, 2.00, 13.35, 9.74, -57.17
0, 9570582, -605, -64, 333.94, 2.19, 13.35, 9.85, -45.23
0, 9576533, -597, -65, 331.62, 2.19, 12.63, 9.75, -32.41
0, 9583309, -587, -67, 331.62, 2.25, 12.00, 9.71, -17.05
0, 9593227, -565, -72, 331.37, 2.25, 12.04, 9.72, 6.09
0, 9603104, -483, -74, 331.50, 2.31, 11.88, 9.72, 28.82
0, 9611889, -317, -76, 331.62, 2.37, 12.49, 9.72, 47.77
0, 9617603, -145, -79, 331.87, 2.37, 12.49, 9.72, 59.07
0, 9623314, 96, -82, 331.87, 2.37, 12.56, 9.72, 69.30
0, 9629019, 324, -91, 332.62, 2.37, 12.56, 9.63, 78.29
0, 9636856, 507, -123, 334.56, 2.44, 11.89, 9.93, 88.33
0, 9645935, 743, -106, 338.06, 2.44, 11.60, 8.72, 96.23
0, 9655288, 1027, -78, 341.31, 2.75, 11.71, 10.03, 99.84
0, 9663420, 1227, -58, 341.31, 2.69, 12.27, 10.03, 99.10
0, 9669123, 1401, -42, 343.75, 2.69, 12.27, 9.58, 96.44
0, 9674944, 1627, -21, 346.56, 2.44, 11.61, 9.58, 91.95
0, 9681000, 1889, 3, 346.56, 2.19, 12.70, 9.55, 85.46
0, 9690216, 2174, 39, 349.12, 1.94, 12.09, 9.71, 72.36
0, 9699006, 2353, 57, 352.37, 1.56, 11.43, 9.62, 56.72
0, 9708563, 2510, 71, 356.37, 1.25, 11.43, 9.80, 37.03
0, 9715439, 2575, 78, 359.06, 1.25, 11.98, 9.80, 21.65
0, 9721142, 2575, 81, 359.06, 1.12, 11.98, 9.71, 8.46
0, 9727144, 2551, 85, 360.87, 1.12, 11.82, 9.78, -5.59
0, 9733901, 2510, 87, 360.87, 1.00, 11.69, 9.78, -21.25
0, 9743211, 2363, 89, 362.19, 0.94, 11.86, 9.48, -41.89
0, 9752376, 2127, 92, 362.31, 0.88, 11.71, 10.13, -60.27
0, 9761473, 1702, 108, 361.81, 0.81, 11.71, 9.70, -75.78
0, 9767465, 1384, 113, 360.37, 0.81, 11.59, 9.70, -84.16
0, 9773373, 1142, 99, 360.37, 0.81, 11.88, 9.50, -90.81
0, 9779340, 910, 79, 357.75, 0.69, 12.42, 9.36, -95.75
0, 9788268, 532, 45, 353.12, 0.81, 12.42, 9.86, -99.65
0, 9797000, 128, 9, 348.62, 0.81, 11.81, 9.83, -99.27
0, 9806535, -211, -23, 344.81, 1.06, 11.78, 9.78, -94.12
0, 9814347, -483, -48, 344.81, 1.44, 12.67, 9.78, -86.41
0, 9820280, -599, -59, 340.37, 1.75, 12.67, 9.76, -78.60
0, 9825990, -622, -62, 336.50, 1.75, 12.00, 9.76, -69.66
0, 9832201, -615, -63, 336.50, 2.06, 12.81, 9.90, -58.52
0, 9840373, -608, -64, 333.19, 2.19, 12.08, 9.76, -42.03
0, 9849549, -597, -66, 331.44, 2.25, 12.06, 9.76, -21.71
0, 9859235, -576, -72, 331.37, 2.25, 12.06, 9.79, 0.80
0, 9866231, -539, -74, 331.50, 2.25, 12.03, 9.79, 17.10
0, 9871942, -465, -75, 331.50, 2.25, 12.20, 9.73, 30.09
0, 9877755, -346, -76, 331.62, 2.25, 12.20, 9.89, 42.76
0, 9885611, -107, -80, 331.87, 2.31, 12.51, 9.89, 58.57
0, 9894088, 225, -86, 331.87, 2.31, 12.61, 9.62, 73.41
0, 9903226, 452, -122, 333.00, 2.37, 11.04, 9.97, 86.16
0, 9911978, 668, -113, 335.37, 2.44, 12.46, 10.65, 94.69
0, 9918168, 848, -97, 338.94, 2.44, 12.46, 10.65, 98.34
0, 9924089, 1034, -78, 338.94, 2.75, 11.69, 9.01, 99.90
0, 9929795, 1177, -63, 341.56, 2.69, 12.57, 9.75, 99.60
0, 9937702, 1411, -41, 344.00, 2.69, 12.57, 9.43, 96.24
0, 9947045, 1797, -6, 346.87, 2.44, 11.91, 10.04, 88.05
0, 9957184, 2155, 36, 349.50, 2.19, 12.58, 9.72, 74.43
0, 9965063, 2324, 54, 349.50, 1.87, 12.08, 9.72, 60.91
0, 9970931, 2434, 64, 353.00, 1.50, 12.08, 9.74, 49.47
0, 9976756, 2517, 72, 356.94, 1.50, 11.64, 9.74, 37.19
0, 9983529, 2570, 77, 356.94, 1.25, 11.94, 9.84, 22.06
0, 9992512, 2563, 82, 359.44, 1.12, 11.71, 9.66, 1.21
0, 10000021, 2525, 86, 361.25, 1.00, 11.81, 9.56, -16.31
