********************************************************************************
Obsolete PIO Core v6.1.11 is used (previous was 6.1.14)
Please remove multiple PIO Cores from a system:
https://docs.platformio.org/en/latest/core/installation/troubleshooting.html
********************************************************************************
--- Terminal on /dev/cu.usbmodem14303 | 230400 8-N-1
--- Available filters and text transformations: colorize, debug, default, direct, hexlify, log2file, nocontrol, printable, send_on_enter, time
--- More details at https://bit.ly/pio-monitor-filters
--- Quit: Ctrl+C | Menu: Ctrl+T | Help: Ctrl+T followed by Ctrl+H
pain
Waiting for ODrive...
pin
found ODrive
DC voltage: 24.01
Enabling closed loop control...
ODrive running!
end time:10000000
0, 33, -65536, 65535, -6.87, 0.00, 12.08, 9.54, 100.00
0, 7446, 307, -11, -6.87, 0.00, 12.05, 9.52, 94.38
0, 16388, 989, -35, -6.87, 0.00, 13.47, 10.43, 73.78
0, 23064, 1129, -53, -6.87, 0.06, 15.28, 10.43, 50.37
0, 30465, 1200, -38, -5.56, 0.25, 10.22, 8.85, 19.20
0, 40343, 1184, -29, 1.00, 0.56, 12.18, 8.67, -25.08
0, 50227, 1010, 2, 4.12, 0.44, 12.18, 10.31, -64.46
0, 56708, 733, 9, 4.81, 0.25, 11.45, 8.78, -83.79
0, 63953, 157, 22, 4.81, 0.25, 11.37, 8.78, -96.90
0, 69856, -106, 5, 4.19, 0.00, 11.37, 9.56, -99.99
0, 77928, -259, -7, 1.44, -0.13, 12.64, 9.66, -92.78
0, 85352, -319, -14, 1.44, -0.13, 14.12, 9.93, -75.31
0, 94510, -317, -16, -5.00, 0.00, 12.23, 9.44, -42.48
0, 103401, -296, -21, -8.69, 0.13, 12.47, 9.44, -3.66
0, 111982, -235, -30, -9.81, 0.19, 12.47, 9.74, 34.42
0, 117955, -130, -33, -9.88, 0.19, 11.80, 9.51, 58.22
0, 125271, 143, -35, -9.88, 0.25, 11.94, 9.51, 81.47
0, 132111, 544, -37, -9.63, 0.31, 13.44, 9.22, 95.26
0, 141710, 950, -66, -8.81, 0.31, 12.31, 9.25, 99.22
0, 151708, 1248, -37, -5.94, 0.44, 12.31, 10.78, 83.81
0, 158585, 1467, -14, -0.69, 0.62, 10.53, 8.77, 63.10
0, 165613, 1630, 7, -0.69, 0.62, 12.45, 8.77, 35.70
0, 171597, 1679, 15, 2.94, 0.37, 11.89, 9.90, 9.43
0, 179351, 1645, 24, 5.94, 0.13, 11.89, 9.68, -25.34
0, 188133, 1493, 50, 8.63, -0.06, 11.26, 9.12, -60.78
0, 198040, 1001, 52, 9.31, -0.31, 11.85, 10.32, -89.18
0, 204843, 538, 66, 9.31, -0.31, 11.88, 8.77, -98.69
0, 213154, 139, 27, 8.44, -0.44, 13.27, 8.77, -97.72
0, 218861, -57, 9, 5.19, -0.50, 13.27, 10.36, -89.07
0, 226684, -193, -3, -1.00, -0.50, 11.89, 9.36, -67.80
0, 233220, -203, -7, -1.00, -0.25, 13.33, 9.36, -43.45
0, 242302, -190, -10, -5.75, 0.00, 12.56, 9.78, -3.88
0, 252026, -122, -21, -8.31, 0.06, 12.56, 9.52, 39.02
0, 258857, 10, -22, -8.81, 0.13, 11.83, 9.76, 65.17
0, 265642, 306, -25, -8.81, 0.13, 12.01, 9.76, 85.03
0, 271887, 720, -28, -8.56, 0.25, 13.38, 9.31, 96.33
0, 279694, 1022, -57, -7.75, 0.25, 13.38, 9.15, 99.67
0, 288532, 1321, -29, -4.69, 0.37, 12.04, 9.76, 88.66
0, 298397, 1669, 7, 0.81, 0.50, 10.78, 8.85, 60.03
0, 305305, 1795, 30, 0.81, 0.50, 12.30, 9.84, 32.54
0, 313793, 1834, 34, 4.37, 0.19, 11.23, 9.84, -5.24
0, 319744, 1784, 39, 7.81, -0.13, 11.23, 9.55, -31.60
0, 327554, 1580, 65, 10.31, -0.13, 11.61, 9.12, -62.46
0, 334328, 1267, 65, 10.31, -0.19, 11.56, 10.67, -83.10
0, 344188, 597, 68, 10.88, -0.44, 10.46, 10.67, -98.97
0, 353443, 210, 34, 9.50, -0.56, 13.23, 8.73, -96.26
0, 360708, -52, 10, 5.44, -0.62, 13.23, 10.04, -82.36
0, 367229, -155, 0, -0.75, -0.62, 12.10, 9.60, -62.32
0, 373978, -158, -3, -0.75, -0.31, 12.81, 9.60, -35.95
0, 380747, -141, -7, -4.94, -0.06, 12.57, 9.48, -6.16
0, 389648, -92, -15, -7.87, 0.06, 12.57, 9.58, 33.43
0, 399432, 118, -18, -8.38, 0.13, 11.88, 9.84, 70.56
0, 406223, 432, -22, -8.38, 0.13, 11.95, 9.63, 88.68
0, 414342, 912, -34, -8.13, 0.19, 13.26, 9.63, 99.36
0, 420299, 1105, -50, -7.12, 0.19, 13.26, 10.13, 98.78
0, 428201, 1382, -23, -3.87, 0.19, 12.07, 8.40, 87.11
0, 435225, 1639, 4, -3.87, 0.31, 11.00, 9.24, 67.41
0, 444863, 1819, 31, 1.50, 0.50, 12.25, 9.65, 29.92
0, 454232, 1861, 36, 5.00, 0.19, 11.43, 9.65, -11.95
0, 462193, 1762, 53, 8.50, -0.13, 11.43, 9.55, -46.16
0, 468629, 1557, 68, 10.63, -0.13, 11.59, 8.70, -69.67
0, 476423, 1069, 70, 11.13, -0.25, 11.54, 8.70, -90.15
0, 482609, 651, 76, 11.13, -0.44, 10.45, 10.93, -98.59
0, 492129, 219, 35, 9.75, -0.62, 13.39, 8.77, -96.57
0, 501903, -107, 5, 5.25, -0.62, 13.39, 9.48, -76.19
0, 508445, -179, -2, -0.94, -0.62, 11.96, 9.94, -53.99
0, 516214, -167, -6, -0.94, -0.25, 13.04, 9.94, -21.73
0, 522119, -145, -10, -5.37, 0.00, 12.78, 9.39, 4.80
0, 529985, -79, -18, -8.13, 0.06, 12.78, 9.47, 39.28
0, 537795, 112, -19, -8.50, 0.06, 11.96, 9.78, 68.66
0, 547232, 598, -24, -8.19, 0.13, 12.31, 9.49, 92.60
0, 555064, 956, -49, -8.19, 0.19, 13.37, 9.49, 99.95
0, 562830, 1206, -39, -6.87, 0.25, 10.65, 11.26, 94.98
0, 569008, 1424, -19, -3.12, 0.25, 10.65, 8.69, 82.68
0, 576639, 1676, 9, 1.81, 0.37, 11.55, 8.69, 58.77
0, 582776, 1778, 26, 1.81, 0.50, 11.67, 9.71, 34.36
0, 591377, 1812, 30, 5.06, 0.19, 11.40, 9.31, -3.82
0, 600535, 1717, 50, 8.50, -0.06, 11.40, 9.60, -43.71
0, 607332, 1529, 62, 10.44, -0.06, 11.58, 8.39, -68.87
0, 615444, 1032, 65, 10.44, -0.19, 11.62, 8.39, -90.29
0, 621152, 639, 76, 10.50, -0.44, 10.10, 10.16, -98.27
0, 629085, 281, 40, 9.00, -0.44, 10.10, 9.74, -98.52
0, 636943, -29, 12, 4.31, -0.56, 13.59, 9.21, -86.39
0, 645747, -174, -1, 4.31, -0.56, 11.95, 9.21, -60.10
0, 654913, -174, -6, -1.75, -0.19, 13.02, 9.89, -22.83
0, 662246, -145, -12, -6.00, 0.00, 12.64, 9.52, 10.11
0, 669042, -85, -17, -8.31, 0.00, 12.64, 9.63, 39.73
0, 676713, 118, -20, -8.56, 0.06, 12.09, 9.63, 68.56
0, 682755, 397, -24, -8.56, 0.13, 13.56, 9.81, 85.66
0, 691334, 894, -37, -8.19, 0.25, 13.26, 9.59, 98.81
0, 700731, 1195, -40, -6.62, 0.25, 13.26, 10.79, 96.36
0, 707536, 1437, -18, -2.50, 0.25, 10.44, 8.77, 83.73
0, 715782, 1708, 13, -2.50, 0.44, 11.71, 8.77, 58.06
0, 721481, 1802, 29, 2.37, 0.44, 11.47, 9.81, 35.39
0, 729573, 1842, 32, 5.62, 0.44, 11.47, 9.09, -0.42
0, 738015, 1769, 48, 9.00, 0.13, 11.50, 9.49, -37.64
0, 747663, 1492, 66, 10.75, -0.13, 11.58, 9.49, -73.26
0, 755895, 983, 69, 10.75, -0.19, 11.62, 9.41, -93.00
0, 763276, 541, 62, 10.69, -0.50, 10.29, 9.66, -99.91
0, 769560, 260, 38, 8.94, -0.50, 10.29, 9.98, -97.10
0, 777371, -39, 11, 4.31, -0.56, 12.99, 9.98, -82.83
0, 783721, -147, 1, 4.31, -0.56, 12.89, 9.17, -63.57
0, 791884, -151, -3, -1.69, -0.25, 13.28, 9.75, -31.43
0, 801511, -128, -7, -5.94, 0.00, 13.28, 9.65, 11.53
0, 808476, -58, -15, -8.19, 0.00, 12.46, 9.39, 41.73
0, 816523, 174, -18, -8.19, 0.06, 11.85, 9.39, 71.34
0, 822463, 463, -22, -8.25, 0.13, 13.56, 9.80, 87.38
0, 830498, 921, -36, -7.94, 0.13, 13.56, 9.83, 98.96
0, 838756, 1189, -42, -6.19, 0.19, 13.27, 9.67, 97.39
0, 848835, 1566, -5, -1.75, 0.25, 10.61, 8.98, 77.46
0, 856668, 1784, 25, -1.75, 0.44, 12.37, 8.98, 50.71
0, 864704, 1888, 37, 2.87, 0.44, 11.37, 9.73, 16.77
0, 870937, 1895, 40, 6.25, 0.06, 11.37, 9.68, -11.31
0, 879148, 1795, 63, 9.69, 0.06, 11.61, 8.98, -46.59
0, 886579, 1551, 71, 9.69, -0.19, 11.51, 8.98, -73.16
0, 895808, 922, 79, 11.31, -0.25, 11.66, 10.34, -94.51
0, 904604, 504, 61, 11.25, -0.56, 10.25, 9.50, -99.79
0, 911166, 218, 35, 9.31, -0.56, 10.25, 10.21, -93.53
0, 918719, -40, 11, 3.94, -0.62, 13.94, 10.21, -76.27
0, 925491, -114, 4, 3.94, -0.56, 12.47, 9.38, -53.23
0, 932315, -103, 0, -1.50, -0.25, 13.48, 9.49, -25.01
0, 941347, -78, -6, -5.56, 0.00, 12.60, 9.69, 15.51
0, 950163, 38, -13, -7.75, 0.00, 12.60, 9.43, 52.64
0, 958093, 320, -15, -7.81, 0.06, 12.57, 9.43, 79.13
0, 965856, 794, -19, -7.81, 0.13, 13.39, 9.59, 95.33
0, 971860, 1022, -44, -7.44, 0.19, 13.20, 9.98, 99.94
0, 979704, 1294, -30, -5.56, 0.19, 13.20, 8.63, 94.94
0, 987407, 1590, -2, -0.88, 0.19, 10.51, 8.63, 78.52
0, 996106, 1815, 29, -0.88, 0.44, 12.34, 9.13, 48.79
0, 1004671, 1925, 40, 3.50, 0.37, 11.20, 9.52, 12.21
0, 1011240, 1927, 44, 7.00, 0.37, 11.20, 9.67, -17.37
0, 1019043, 1817, 68, 10.13, 0.06, 11.84, 9.67, -50.33
0, 1025812, 1574, 75, 10.13, -0.19, 11.55, 8.81, -74.03
0, 1032528, 1130, 78, 11.69, -0.31, 11.59, 11.00, -90.75
0, 1040355, 618, 69, 11.63, -0.31, 11.59, 9.42, -99.68
0, 1049604, 206, 34, 9.38, -0.56, 10.34, 9.72, -94.32
0, 1057564, -63, 9, 3.56, -0.62, 12.17, 9.72, -76.58
0, 1065190, -136, 2, 3.56, -0.56, 12.73, 9.75, -50.33
0, 1071450, -122, -2, -2.00, -0.19, 13.36, 9.55, -24.19
0, 1079603, -100, -7, -6.12, -0.19, 13.36, 9.55, 12.40
0, 1087281, -18, -14, -8.00, 0.00, 12.64, 9.43, 45.43
0, 1096205, 266, -16, -8.00, 0.06, 12.52, 9.69, 76.76
0, 1104223, 726, -21, -8.00, 0.13, 13.63, 9.22, 94.50
0, 1110986, 1002, -47, -7.50, 0.13, 13.63, 9.79, 99.96
0, 1119249, 1283, -31, -5.37, 0.19, 13.06, 9.79, 94.06
0, 1126007, 1537, -7, -5.37, 0.50, 11.80, 9.08, 79.49
0, 1132613, 1735, 17, -0.62, 0.75, 12.32, 9.44, 58.12
0, 1140464, 1849, 33, 3.50, 0.75, 12.32, 9.35, 26.20
0, 1149782, 1868, 37, 7.00, 0.37, 11.28, 9.46, -15.56
0, 1157940, 1754, 58, 10.00, 0.19, 11.69, 9.46, -50.13
0, 1165450, 1480, 70, 10.00, 0.13, 11.57, 8.69, -76.09
0, 1171633, 1065, 72, 11.25, 0.13, 11.14, 11.04, -91.04
0, 1179859, 537, 61, 10.94, -0.19, 11.14, 11.04, -99.85
0, 1187626, 188, 33, 8.44, -0.25, 10.44, 9.64, -95.63
0, 1195404, -74, 8, 8.44, -0.13, 12.04, 9.09, -79.70
0, 1203092, -161, 0, 2.44, 0.19, 13.05, 9.92, -54.36
0, 1210110, -149, -4, -3.00, 0.19, 13.05, 9.92, -25.45
0, 1218406, -126, -9, -6.87, 0.37, 13.17, 9.52, 11.75
0, 1224930, -67, -15, -6.87, 0.44, 11.91, 9.57, 40.12
0, 1231858, 117, -18, -8.31, 0.44, 12.44, 9.90, 66.39
0, 1240133, 520, -22, -8.19, 0.50, 12.44, 9.45, 89.13
0, 1249705, 977, -49, -7.69, 0.56, 13.64, 9.45, 99.93
0, 1257914, 1239, -35, -7.69, 0.62, 13.04, 9.58, 94.49
0, 1264761, 1487, -12, -5.19, 0.88, 11.51, 9.13, 80.02
0, 1271822, 1708, 13, -0.19, 0.88, 12.40, 9.75, 57.15
0, 1280019, 1822, 30, 3.56, 0.75, 12.40, 9.75, 23.55
0, 1287617, 1830, 34, 6.94, 0.44, 11.35, 9.21, -10.57
0, 1294962, 1743, 52, 6.94, 0.25, 11.47, 9.38, -42.41
0, 1302149, 1521, 66, 9.88, 0.25, 11.39, 8.80, -69.11
0, 1309958, 1049, 68, 10.94, 0.13, 11.39, 8.80, -89.84
0, 1317788, 563, 64, 10.38, -0.19, 11.62, 9.95, -99.49
0, 1323497, 324, 44, 10.38, -0.19, 10.55, 8.95, -98.76
0, 1331187, 0, 15, 7.44, -0.19, 10.55, 9.15, -87.50
0, 1339147, -155, 1, 1.37, -0.13, 11.68, 9.15, -64.85
0, 1347942, -164, -4, -3.50, 0.25, 13.08, 9.81, -30.30
0, 1354776, -141, -9, -3.50, 0.44, 13.10, 9.52, 0.12
0, 1361791, -99, -15, -7.19, 0.44, 13.10, 9.53, 31.30
0, 1369902, 62, -19, -8.38, 0.50, 11.95, 9.53, 63.28
0, 1377391, 377, -22, -8.38, 0.56, 12.20, 9.49, 85.41
0, 1383510, 771, -25, -8.25, 0.62, 13.29, 9.60, 96.37
0, 1391337, 1050, -54, -7.56, 0.62, 10.90, 9.43, 99.65
0, 1400408, 1359, -25, -5.12, 0.62, 10.90, 9.43, 88.05
0, 1408295, 1641, 4, -0.06, 0.88, 11.59, 8.75, 65.96
0, 1414945, 1775, 24, -0.06, 0.75, 12.37, 9.81, 40.74
0, 1421887, 1824, 30, 3.81, 0.75, 12.37, 9.18, 10.55
0, 1429640, 1783, 39, 7.25, 0.44, 11.38, 9.18, -24.24
0, 1436661, 1652, 62, 7.25, 0.25, 11.44, 8.93, -53.32
0, 1443749, 1368, 65, 10.00, 0.06, 11.16, 10.69, -77.26
0, 1452073, 766, 78, 10.81, 0.06, 11.16, 9.67, -95.19
0, 1460182, 394, 51, 9.94, -0.13, 11.92, 9.67, -99.85
0, 1467924, 51, 19, 6.75, -0.19, 13.83, 9.06, -91.90
0, 1474246, -122, 3, 6.75, -0.19, 11.60, 9.35, -77.05
0, 1481660, -183, -2, 0.44, -0.06, 11.60, 9.35, -51.79
0, 1489718, -172, -6, -4.12, 0.31, 13.13, 9.55, -17.90
0, 1498423, -143, -13, -7.62, 0.44, 12.28, 9.74, 21.20
0, 1505070, -71, -18, -7.62, 0.50, 12.03, 9.61, 49.18
0, 1511986, 135, -20, -8.56, 0.50, 12.03, 9.91, 73.59
0, 1520149, 568, -24, -8.38, 0.56, 12.45, 9.91, 93.06
0, 1527277, 925, -45, -8.38, 0.62, 13.57, 9.75, 99.86
0, 1533572, 1121, -48, -7.81, 0.62, 10.53, 9.31, 97.32
0, 1541731, 1399, -21, -5.12, 0.62, 11.66, 8.82, 82.47
0, 1551160, 1694, 11, 0.00, 0.94, 11.66, 8.82, 51.69
0, 1558871, 1791, 27, 3.75, 0.75, 12.32, 9.82, 19.33
0, 1565520, 1786, 31, 3.75, 0.44, 11.47, 9.20, -10.59
0, 1572310, 1704, 51, 7.06, 0.44, 11.42, 9.20, -40.15
0, 1580437, 1454, 62, 9.81, 0.25, 11.42, 8.68, -70.37
0, 1588022, 984, 65, 10.56, 0.13, 11.15, 10.86, -90.17
0, 1595082, 541, 63, 10.56, -0.13, 11.81, 9.73, -99.18
0, 1602918, 176, 31, 9.56, -0.13, 13.63, 8.62, -97.45
0, 1610794, -103, 5, 6.06, -0.19, 13.63, 8.62, -83.50
0, 1618567, -218, -5, -0.19, 0.00, 11.68, 9.58, -59.46
0, 1624610, -212, -9, -0.19, 0.31, 13.22, 9.59, -35.55
0, 1632184, -197, -11, -4.94, 0.31, 13.22, 9.75, -2.10
0, 1640484, -148, -20, -8.13, 0.50, 12.32, 9.75, 34.70
0, 1650109, 45, -23, -8.88, 0.50, 11.93, 9.88, 71.01
0, 1657194, 353, -27, -8.88, 0.62, 12.09, 9.44, 89.57
0, 1663659, 776, -34, -8.69, 0.62, 13.31, 9.92, 98.58
0, 1671499, 1048, -56, -8.00, 0.62, 13.31, 9.92, 98.27
0, 1679312, 1306, -30, -5.44, 0.69, 11.00, 9.21, 85.80
0, 1686059, 1537, -7, -5.44, 0.94, 11.22, 9.06, 66.42
0, 1692820, 1694, 14, -0.25, 0.94, 12.28, 9.83, 40.83
0, 1702446, 1741, 21, 3.62, 0.81, 12.28, 9.83, -1.46
0, 1710764, 1659, 38, 6.87, 0.50, 11.36, 9.21, -38.09
0, 1718354, 1466, 57, 9.50, 0.31, 11.60, 8.38, -66.98
0, 1725054, 1097, 58, 9.50, 0.31, 11.64, 10.70, -86.09
0, 1732464, 558, 69, 10.00, 0.19, 10.23, 10.70, -98.03
0, 1740845, 165, 30, 8.88, -0.06, 10.23, 9.84, -98.38
0, 1750638, -149, 1, 5.25, -0.13, 13.84, 8.53, -81.21
0, 1757799, -236, -7, 5.25, 0.06, 12.07, 9.93, -58.42
0, 1764383, -227, -10, -1.25, 0.06, 13.08, 9.37, -32.04
0, 1772459, -210, -13, -5.75, 0.37, 12.11, 9.37, 3.90
0, 1780868, -149, -22, -8.50, 0.50, 12.11, 9.77, 40.71
0, 1788729, 20, -25, -9.06, 0.56, 11.89, 10.01, 69.95
0, 1796486, 373, -29, -9.06, 0.62, 12.10, 9.37, 90.25
0, 1804309, 840, -41, -8.81, 0.62, 13.27, 10.01, 99.58
0, 1812192, 1089, -50, -6.00, 0.69, 13.27, 10.01, 96.51
0, 1819903, 1347, -26, -3.12, 0.69, 10.66, 10.15, 81.76
0, 1826658, 1572, -3, -3.12, 1.00, 11.37, 9.45, 60.66
0, 1833473, 1705, 16, 2.19, 1.00, 11.66, 9.60, 33.69
0, 1841533, 1731, 21, 5.81, 0.81, 11.66, 9.60, -2.09
0, 1851219, 1635, 45, 8.25, 0.50, 11.39, 9.42, -44.30
0, 1858500, 1440, 55, 8.25, 0.31, 11.58, 8.57, -70.90
0, 1864856, 1054, 58, 8.63, 0.31, 11.57, 10.03, -87.99
0, 1873056, 475, 57, 9.00, 0.19, 10.05, 10.03, -99.23
0, 1881104, 103, 24, 7.87, -0.06, 10.05, 9.33, -97.15
0, 1888915, -136, 2, 1.19, -0.13, 13.82, 9.90, -82.94
0, 1896837, -232, -6, 1.19, 0.13, 12.13, 10.01, -58.09
0, 1904792, -222, -10, -3.25, 0.13, 13.04, 9.39, -25.72
0, 1912893, -199, -15, -5.69, 0.37, 13.04, 9.39, 10.60
0, 1920614, -130, -22, -6.06, 0.50, 12.00, 9.63, 43.97
0, 1927685, 44, -25, -6.06, 0.50, 11.99, 9.92, 69.98
0, 1934019, 329, -28, -5.81, 0.56, 13.47, 9.49, 87.31
0, 1942145, 823, -38, -4.81, 0.62, 13.47, 9.49, 99.00
0, 1951622, 1124, -46, -1.50, 0.69, 13.28, 9.69, 95.92
0, 1958527, 1357, -25, 3.81, 0.75, 11.34, 10.68, 82.59
0, 1965201, 1582, -2, 3.81, 0.75, 11.18, 9.78, 62.11
0, 1973660, 1737, 20, 7.19, 1.00, 11.46, 9.78, 28.36
0, 1981744, 1751, 24, 10.50, 0.75, 11.46, 9.23, -7.79
0, 1989560, 1663, 42, 12.75, 0.44, 11.52, 9.75, -41.82
0, 1997519, 1432, 59, 12.75, 0.31, 11.62, 9.05, -71.13
0, 2005290, 941, 61, 13.00, 0.31, 11.81, 9.72, -90.98
0, 2013424, 452, 54, 11.56, 0.13, 11.81, 9.72, -99.82
0, 2021346, 93, 24, 7.25, -0.06, 10.33, 8.72, -95.59
0, 2029183, -138, 2, 1.06, -0.13, 13.67, 10.23, -79.47
0, 2035695, -215, -5, 1.06, -0.13, 11.85, 9.80, -58.43
0, 2042747, -206, -8, -3.19, 0.13, 13.08, 9.80, -30.04
0, 2052206, -187, -12, -5.62, 0.37, 13.08, 9.53, 12.23
0, 2059118, -122, -20, -5.62, 0.50, 12.13, 9.45, 42.16
0, 2065728, 39, -23, -5.87, 0.50, 11.86, 9.79, 66.99
0, 2074028, 422, -27, -5.69, 0.56, 13.56, 9.79, 89.54
0, 2082102, 873, -43, -4.44, 0.62, 13.56, 9.74, 99.54
0, 2089931, 1116, -47, -0.75, 0.69, 13.05, 9.46, 96.70
0, 2097885, 1389, -22, -0.75, 0.75, 11.65, 10.37, 81.54
0, 2105476, 1641, 5, 4.37, 0.75, 12.43, 9.83, 57.30
0, 2113538, 1763, 24, 7.62, 1.00, 12.43, 9.83, 24.31
0, 2121516, 1766, 27, 11.00, 0.75, 11.38, 9.14, -11.49
0, 2129354, 1668, 48, 13.06, 0.44, 11.49, 9.70, -45.26
0, 2135839, 1476, 60, 13.06, 0.44, 11.64, 10.00, -69.10
0, 2143106, 1031, 62, 13.13, 0.31, 11.71, 10.00, -88.73
0, 2152850, 438, 53, 11.50, 0.13, 11.71, 9.57, -99.93
0, 2159991, 127, 27, 6.69, -0.13, 10.50, 8.88, -95.99
0, 2166539, -85, 7, 6.69, -0.13, 13.80, 10.37, -83.63
0, 2174749, -199, -3, 0.69, -0.13, 13.16, 10.37, -58.04
0, 2182634, -193, -7, -3.37, 0.13, 13.16, 9.69, -25.97
0, 2190819, -170, -12, -5.56, 0.37, 12.98, 9.59, 10.72
0, 2199322, -90, -20, -5.75, 0.50, 12.14, 9.35, 47.24
0, 2206203, 88, -22, -5.75, 0.50, 12.25, 9.38, 71.95
0, 2214110, 485, -26, -5.50, 0.56, 12.25, 9.38, 91.71
0, 2222081, 912, -46, -4.19, 0.62, 13.52, 9.87, 99.88
0, 2229937, 1163, -43, -0.31, 0.69, 13.28, 9.24, 95.37
0, 2236698, 1398, -21, -0.31, 0.69, 11.61, 9.71, 81.89
0, 2243657, 1633, 4, 4.75, 0.75, 12.39, 9.71, 60.11
0, 2253297, 1780, 25, 8.06, 1.00, 12.39, 9.77, 20.74
0, 2260498, 1785, 29, 11.38, 0.69, 11.38, 9.18, -11.64
0, 2266888, 1710, 44, 11.38, 0.69, 11.56, 9.61, -39.46
0, 2275830, 1434, 62, 13.19, 0.44, 11.16, 9.61, -72.43
0, 2283253, 980, 65, 13.25, 0.31, 11.86, 10.75, -91.10
0, 2291303, 491, 57, 11.25, 0.06, 11.86, 9.85, -99.81
0, 2300462, 76, 22, 6.37, -0.13, 10.42, 8.95, -93.83
0, 2307071, -120, 4, 6.37, -0.13, 13.49, 10.01, -79.49
0, 2314916, -199, -3, 0.56, -0.13, 13.23, 10.01, -53.47
0, 2322656, -187, -7, -3.62, 0.13, 13.23, 9.65, -21.25
0, 2330476, -163, -13, -5.69, 0.44, 13.14, 9.64, 13.90
0, 2337226, -101, -18, -5.69, 0.44, 12.11, 9.37, 43.02
0, 2344204, 79, -22, -5.75, 0.50, 12.42, 9.37, 68.91
0, 2353923, 567, -26, -5.37, 0.56, 12.42, 9.22, 93.19
0, 2361146, 912, -48, -3.75, 0.62, 13.45, 9.92, 99.90
0, 2367482, 1109, -49, -3.75, 0.62, 13.07, 10.16, 97.08
0, 2376711, 1431, -18, 0.44, 0.69, 11.59, 10.16, 79.04
0, 2383725, 1661, 8, 5.06, 0.88, 12.44, 8.60, 55.99
0, 2391668, 1774, 25, 8.31, 0.56, 12.44, 9.58, 23.29
0, 2400693, 1774, 30, 11.63, 0.31, 11.30, 9.45, -17.22
0, 2407421, 1682, 46, 11.63, 0.31, 11.51, 9.50, -45.94
0, 2415277, 1409, 62, 13.25, 0.19, 11.19, 9.50, -73.96
0, 2422992, 887, 65, 13.13, -0.06, 11.19, 10.77, -92.51
0, 2430870, 457, 55, 11.00, -0.25, 11.50, 9.63, -99.95
0, 2437651, 150, 29, 11.00, -0.25, 10.43, 9.60, -96.28
0, 2444745, -87, 7, 5.56, -0.25, 11.77, 9.60, -82.86
0, 2454709, -194, -3, 0.06, 0.06, 11.77, 9.07, -50.20
0, 2462336, -180, -7, -3.87, 0.31, 13.09, 9.54, -18.01
0, 2468640, -156, -12, -3.87, 0.31, 13.13, 9.73, 10.38
0, 2477502, -67, -19, -5.62, 0.37, 12.25, 9.73, 48.36
0, 2484455, 117, -21, -5.62, 0.44, 12.40, 9.46, 73.06
0, 2492293, 521, -25, -5.19, 0.56, 12.40, 9.43, 92.21
0, 2501273, 959, -53, -3.50, 0.56, 13.39, 9.78, 100.00
0, 2508002, 1174, -42, -3.50, 0.56, 13.31, 11.50, 95.14
0, 2515837, 1453, -16, 0.94, 0.69, 11.52, 11.50, 78.54
0, 2523580, 1694, 12, 5.50, 0.81, 11.52, 8.51, 52.54
0, 2531606, 1794, 27, 8.81, 0.56, 12.48, 9.30, 18.92
0, 2539180, 1785, 32, 8.81, 0.56, 11.20, 9.61, -15.16
0, 2545359, 1708, 50, 12.06, 0.25, 11.62, 9.61, -41.83
0, 2555040, 1381, 63, 13.44, 0.13, 11.62, 9.45, -76.39
0, 2562429, 893, 67, 13.13, -0.13, 11.01, 9.97, -93.33
0, 2568759, 521, 60, 13.13, -0.13, 11.74, 8.96, -99.67
0, 2577988, 90, 23, 10.69, -0.25, 10.45, 8.96, -94.40
0, 2584953, -118, 4, 5.31, -0.25, 11.79, 9.81, -79.53
0, 2592866, -198, -3, -0.25, 0.06, 11.79, 9.39, -53.27
0, 2601934, -186, -7, -4.19, 0.31, 13.26, 9.65, -15.11
0, 2608528, -155, -14, -4.19, 0.31, 13.16, 9.67, 14.59
0, 2616362, -67, -20, -5.75, 0.37, 12.11, 9.67, 48.01
0, 2624107, 159, -22, -5.69, 0.44, 12.51, 9.61, 75.19
0, 2631989, 581, -25, -5.12, 0.56, 12.51, 9.60, 93.47
0, 2639661, 945, -52, -3.12, 0.56, 13.39, 9.44, 99.99
0, 2645886, 1143, -45, -3.12, 0.56, 11.03, 9.44, 96.51
0, 2655463, 1489, -12, 1.50, 0.75, 11.65, 11.35, 76.61
0, 2662802, 1715, 15, 5.81, 0.81, 11.65, 8.65, 51.49
0, 2669146, 1798, 28, 5.81, 0.81, 12.49, 9.10, 25.13
0, 2678359, 1799, 33, 9.19, 0.50, 11.18, 9.10, -16.19
0, 2684936, 1714, 47, 12.44, 0.25, 11.74, 9.64, -44.40
0, 2692781, 1442, 64, 13.63, 0.13, 11.74, 9.31, -72.76
0, 2701584, 847, 70, 13.19, -0.06, 11.13, 9.72, -93.66
0, 2708358, 509, 59, 13.19, -0.06, 11.52, 8.76, -99.87
0, 2716259, 153, 29, 10.44, -0.25, 13.57, 8.76, -95.37
0, 2723945, -98, 6, 4.50, -0.25, 13.57, 10.48, -79.42
0, 2732008, -187, -2, -0.37, 0.06, 11.70, 9.33, -52.53
0, 2739398, -174, -6, -0.37, 0.06, 13.16, 9.33, -21.71
0, 2745942, -153, -11, -4.19, 0.31, 13.24, 9.80, 7.70
0, 2755803, -61, -19, -5.62, 0.37, 13.24, 9.47, 49.95
0, 2762853, 124, -20, -5.50, 0.44, 11.94, 9.51, 74.58
0, 2769446, 458, -24, -5.50, 0.44, 12.36, 9.75, 90.86
0, 2778948, 958, -50, -5.00, 0.56, 13.39, 9.75, 100.00
0, 2785283, 1162, -43, -3.06, 0.56, 11.06, 9.41, 95.96
0, 2793160, 1443, -17, 1.87, 0.75, 11.06, 10.33, 80.12
0, 2801938, 1717, 15, 6.19, 0.81, 11.60, 8.83, 50.76
0, 2808705, 1806, 29, 6.19, 0.81, 12.50, 9.21, 22.45
0, 2816717, 1804, 33, 9.56, 0.50, 11.56, 9.21, -13.55
0, 2824220, 1708, 53, 12.63, 0.25, 11.73, 9.65, -45.75
0, 2832162, 1441, 64, 13.69, 0.25, 11.73, 9.03, -74.08
0, 2839841, 925, 68, 13.06, 0.13, 11.11, 9.03, -92.52
0, 2846353, 544, 62, 13.06, -0.13, 11.60, 9.69, -99.55
0, 2855970, 103, 24, 10.19, -0.25, 11.60, 8.32, -94.27
0, 2862930, -109, 5, 4.06, -0.25, 13.57, 10.60, -79.32
0, 2869762, -190, -3, -0.88, -0.25, 11.83, 9.55, -57.04
0, 2879321, -181, -6, -0.88, 0.13, 13.19, 9.55, -17.39
0, 2885618, -152, -12, -4.56, 0.37, 11.92, 9.74, 10.97
0, 2893385, -75, -19, -5.69, 0.44, 11.92, 9.35, 44.50
0, 2902318, 175, -21, -5.56, 0.50, 12.05, 9.70, 76.12
0, 2909095, 520, -24, -5.56, 0.50, 12.49, 9.98, 92.14
0, 2917338, 942, -50, -4.87, 0.56, 13.14, 9.98, 99.96
0, 2925101, 1195, -39, -2.44, 0.56, 10.98, 9.67, 94.78
0, 2932994, 1481, -13, 2.50, 0.75, 10.98, 8.96, 77.66
0, 2940811, 1720, 16, 6.50, 0.75, 11.70, 9.73, 51.06
0, 2947489, 1805, 29, 6.50, 0.81, 12.42, 9.73, 23.17
0, 2956420, 1804, 33, 9.94, 0.50, 12.42, 9.40, -16.92
0, 2963345, 1708, 51, 12.81, 0.25, 11.56, 9.60, -46.46
0, 2970136, 1477, 65, 13.69, 0.25, 11.76, 8.90, -71.05
0, 2979194, 869, 69, 13.69, 0.13, 11.13, 8.90, -93.20
0, 2985553, 545, 62, 13.00, -0.13, 10.86, 9.82, -99.65
0, 2993497, 189, 33, 9.69, -0.25, 10.86, 8.71, -96.22
0, 3001883, -96, 6, 3.44, -0.25, 13.06, 9.63, -79.30
0, 3009267, -187, -2, 3.44, -0.19, 11.81, 9.43, -54.96
0, 3017687, -177, -6, -1.12, 0.13, 13.11, 9.43, -19.98
0, 3025646, -150, -12, -4.62, 0.37, 11.94, 9.76, 15.81
0, 3033553, -64, -19, -5.69, 0.44, 11.94, 9.37, 49.37
0, 3041417, 175, -21, -5.50, 0.44, 11.87, 9.66, 76.56
0, 3048194, 534, -24, -5.50, 0.50, 12.54, 9.66, 92.40
0, 3057442, 981, -55, -4.81, 0.56, 13.30, 9.91, 99.97
0, 3064299, 1206, -39, -2.19, 0.56, 13.30, 10.59, 94.41
0, 3071006, 1447, -16, 3.00, 0.56, 10.71, 8.92, 80.26
0, 3080422, 1732, 17, 6.81, 0.81, 11.72, 8.92, 48.46
0, 3086393, 1809, 30, 6.81, 0.81, 11.16, 9.44, 23.37
0, 3093904, 1812, 33, 10.25, 0.50, 11.16, 9.62, -10.36
0, 3102763, 1699, 56, 13.00, 0.50, 11.53, 9.49, -48.32
0, 3109924, 1468, 65, 13.00, 0.19, 11.67, 8.64, -73.67
0, 3118317, 890, 69, 13.75, 0.13, 11.17, 8.64, -93.48
0, 3126273, 467, 57, 12.81, -0.13, 10.67, 9.38, -100.00
0, 3133893, 120, 26, 9.50, -0.25, 10.67, 9.87, -94.23
0, 3141754, -118, 4, 3.06, -0.25, 13.34, 9.12, -76.70
0, 3148587, -187, -2, 3.06, -0.19, 11.88, 9.12, -53.55
0, 3158115, -176, -6, -1.56, 0.19, 13.23, 9.57, -13.38
0, 3165605, -139, -14, -4.87, 0.37, 13.23, 9.68, 20.30
0, 3172731, -51, -19, -5.69, 0.44, 11.93, 9.47, 50.27
0, 3181727, 248, -22, -5.50, 0.44, 12.11, 9.47, 80.37
0, 3188671, 642, -25, -5.50, 0.50, 12.68, 9.62, 94.82
0, 3195491, 953, -51, -4.62, 0.56, 13.11, 9.56, 99.99
0, 3204295, 1248, -34, -1.69, 0.56, 13.11, 10.72, 92.75
0, 3211066, 1497, -11, 3.44, 0.56, 10.72, 9.02, 77.16
0, 3218979, 1728, 17, 3.44, 0.81, 11.71, 9.02, 50.00
0, 3226628, 1817, 30, 7.12, 0.75, 11.08, 9.11, 17.68
0, 3234191, 1809, 34, 10.63, 0.44, 11.08, 9.72, -16.35
0, 3242217, 1689, 59, 13.13, 0.44, 11.62, 9.35, -50.31
0, 3249091, 1449, 65, 13.13, 0.19, 11.71, 9.35, -74.33
0, 3258253, 806, 76, 13.75, 0.13, 11.45, 9.34, -94.97
0, 3265115, 484, 58, 12.63, -0.19, 11.45, 8.82, -100.00
0, 3272269, 158, 30, 8.88, -0.19, 10.81, 10.15, -95.07
0, 3282042, -137, 2, 2.56, -0.25, 13.02, 10.15, -72.67
0, 3288988, -190, -4, 2.56, -0.19, 11.76, 9.20, -47.89
0, 3295713, -178, -7, -1.81, 0.19, 13.25, 9.66, -19.41
0, 3304648, -154, -13, -5.00, 0.37, 13.25, 9.67, 20.72
0, 3311423, -78, -18, -5.75, 0.37, 12.05, 9.54, 49.26
0, 3319443, 174, -21, -5.75, 0.44, 11.89, 9.54, 76.93
0, 3327057, 591, -25, -5.50, 0.50, 13.47, 9.98, 93.98
0, 3334437, 945, -51, -4.69, 0.56, 13.47, 9.39, 99.99
0, 3342671, 1218, -37, -1.50, 0.56, 13.05, 10.76, 93.68
0, 3349799, 1479, -13, -1.50, 0.56, 10.61, 10.76, 77.78
0, 3358512, 1734, 18, 3.75, 0.88, 12.37, 8.72, 47.70
0, 3365410, 1815, 30, 7.31, 0.75, 12.37, 9.07, 18.42
0, 3372519, 1808, 33, 10.81, 0.75, 11.11, 9.71, -13.58
0, 3382342, 1665, 61, 13.25, 0.44, 11.61, 9.71, -54.84
0, 3389297, 1424, 65, 13.25, 0.19, 11.71, 9.01, -78.01
0, 3395893, 945, 68, 13.69, 0.06, 11.42, 10.33, -92.95
0, 3405126, 397, 51, 12.44, -0.19, 11.42, 8.65, -99.92
0, 3411915, 90, 23, 8.75, -0.19, 10.53, 10.51, -94.04
0, 3419977, -134, 2, 8.75, -0.25, 13.34, 10.51, -75.74
0, 3428760, -191, -5, 2.00, -0.13, 13.13, 9.28, -44.59
0, 3435554, -175, -8, -2.56, 0.25, 13.08, 9.61, -15.44
0, 3443377, -150, -14, -5.31, 0.25, 13.08, 9.54, 19.75
0, 3451203, -52, -19, -5.75, 0.37, 12.09, 9.54, 52.49
0, 3459222, 213, -22, -5.75, 0.44, 11.90, 9.66, 79.27
0, 3465876, 584, -25, -5.50, 0.50, 11.90, 9.66, 93.78
0, 3473023, 938, -49, -4.44, 0.50, 13.45, 9.24, 99.95
0, 3482595, 1259, -33, -1.06, 0.56, 12.95, 9.24, 92.05
0, 3489833, 1528, -8, -1.06, 0.62, 10.76, 9.71, 74.61
0, 3496201, 1715, 15, 4.19, 0.88, 12.43, 8.91, 52.62
0, 3505377, 1818, 29, 7.69, 0.75, 12.43, 9.21, 13.88
0, 3512445, 1807, 34, 11.19, 0.75, 11.01, 9.72, -17.94
0, 3520513, 1678, 60, 11.19, 0.44, 11.68, 9.72, -51.86
0, 3529577, 1319, 65, 13.31, 0.19, 10.95, 8.58, -81.64
0, 3536166, 840, 73, 13.69, 0.06, 11.32, 10.79, -94.99
0, 3544015, 419, 53, 12.19, 0.06, 11.32, 8.47, -99.93
0, 3551843, 61, 20, 7.94, -0.19, 10.77, 8.47, -92.45
0, 3559842, -147, 1, 7.94, -0.25, 12.78, 10.64, -72.97
0, 3566501, -191, -4, 1.69, -0.13, 13.22, 9.50, -49.41
0, 3573383, -179, -7, -2.81, -0.13, 13.22, 9.57, -20.42
0, 3582844, -155, -12, -5.44, 0.25, 13.10, 9.57, 22.04
0, 3590216, -65, -19, -5.44, 0.31, 11.96, 9.42, 52.74
0, 3596556, 133, -21, -5.75, 0.37, 12.63, 9.52, 74.61
0, 3605335, 619, -25, -5.50, 0.37, 12.63, 9.47, 94.55
0, 3612790, 954, -53, -4.37, 0.37, 13.61, 10.24, 100.00
0, 3620929, 1225, -37, -0.62, 0.44, 12.68, 10.24, 93.10
0, 3629965, 1559, -5, -0.62, 0.69, 11.06, 8.40, 70.94
0, 3636473, 1737, 18, 4.50, 0.56, 12.41, 9.26, 47.44
0, 3644415, 1819, 30, 7.81, 0.56, 12.41, 9.44, 13.48
0, 3652267, 1797, 36, 11.38, 0.25, 11.04, 9.44, -21.81
0, 3660294, 1654, 61, 11.38, 0.00, 11.60, 9.68, -55.04
0, 3667127, 1387, 65, 13.38, -0.13, 10.92, 8.44, -77.82
0, 3674054, 876, 70, 13.56, -0.13, 10.92, 10.49, -93.39
0, 3683250, 389, 51, 11.88, -0.37, 11.19, 10.49, -99.87
0, 3690859, 58, 20, 7.06, -0.44, 11.08, 9.13, -92.33
0, 3696991, -111, 4, 7.06, -0.25, 12.22, 9.46, -78.29
0, 3704843, -179, -2, 0.94, -0.25, 12.22, 9.91, -51.78
0, 3712859, -167, -5, -3.25, 0.06, 13.11, 9.91, -18.08
0, 3721054, -138, -12, -3.25, 0.25, 13.04, 9.65, 18.77
0, 3729276, -39, -18, -5.44, 0.31, 11.91, 9.45, 53.17
0, 3736045, 174, -20, -5.62, 0.37, 12.54, 9.62, 76.22
0, 3743909, 612, -24, -5.31, 0.37, 12.54, 9.22, 93.99
0, 3751809, 974, -52, -3.94, 0.37, 13.44, 9.22, 100.00
0, 3759449, 1231, -36, -3.94, 0.44, 12.59, 11.48, 93.79
0, 3765663, 1459, -15, 0.00, 0.44, 11.79, 8.67, 80.50
0, 3773515, 1709, 14, 5.00, 0.75, 11.79, 9.70, 54.85
0, 3783012, 1831, 31, 8.38, 0.50, 12.34, 9.70, 15.05
0, 3789890, 1828, 35, 8.38, 0.19, 11.04, 9.58, -15.92
0, 3796591, 1734, 56, 11.81, 0.00, 11.64, 9.53, -44.66
0, 3804459, 1465, 66, 13.56, 0.00, 11.64, 8.67, -73.03
0, 3812284, 953, 70, 13.69, -0.13, 10.95, 8.67, -92.18
0, 3820001, 521, 60, 13.69, -0.37, 11.45, 10.06, -99.88
0, 3825985, 254, 38, 11.63, -0.44, 11.11, 9.86, -97.56
0, 3834858, -76, 8, 6.50, -0.44, 11.11, 9.35, -81.24
0, 3842688, -185, -2, 0.88, -0.25, 12.03, 9.35, -55.98
0, 3849445, -177, -6, 0.88, 0.13, 13.07, 9.76, -28.46
0, 3857120, -158, -10, -3.31, 0.25, 13.23, 9.63, 5.84
0, 3864067, -107, -16, -5.56, 0.25, 13.23, 9.63, 36.40
0, 3872286, 78, -20, -5.62, 0.31, 12.11, 9.45, 67.74
0, 3880739, 467, -24, -5.62, 0.37, 12.83, 9.88, 90.29
0, 3887037, 844, -33, -5.31, 0.44, 13.15, 9.56, 98.73
0, 3894825, 1103, -50, -3.69, 0.44, 13.15, 11.11, 98.15
0, 3902644, 1381, -23, 0.50, 0.44, 12.36, 11.11, 85.45
0, 3910196, 1653, 6, 0.50, 0.75, 11.83, 8.89, 63.12
0, 3916209, 1773, 24, 5.31, 0.75, 12.32, 9.79, 39.97
0, 3923851, 1823, 31, 8.69, 0.50, 12.32, 9.80, 6.56
0, 3932961, 1765, 47, 12.06, 0.19, 11.03, 9.80, -33.95
0, 3939711, 1615, 61, 12.06, 0.00, 11.69, 9.31, -60.64
0, 3946477, 1298, 65, 13.56, -0.13, 11.00, 10.37, -81.78
0, 3954552, 699, 80, 13.38, -0.13, 11.00, 10.37, -96.94
0, 3962778, 324, 45, 11.31, -0.31, 11.02, 9.50, -99.23
0, 3970241, 11, 16, 11.31, -0.44, 13.48, 10.67, -89.55
0, 3976351, -135, 2, 5.69, -0.19, 12.15, 9.20, -74.01
0, 3985052, -175, -3, 0.19, -0.19, 12.15, 9.20, -42.57
0, 3993034, -159, -7, -3.81, 0.13, 13.09, 9.77, -7.87
0, 3999785, -126, -13, -3.81, 0.25, 13.10, 9.57, 22.46
0, 4007052, -21, -19, -5.56, 0.25, 12.02, 9.59, 52.70
0, 4014473, 227, -20, -5.56, 0.31, 12.02, 9.59, 77.75
0, 4022620, 700, -25, -5.12, 0.37, 12.92, 9.51, 95.18
0, 4030664, 1014, -55, -5.12, 0.44, 13.29, 9.85, 99.86
0, 4037120, 1231, -36, -3.19, 0.50, 11.74, 10.04, 94.14
0, 4045038, 1527, -8, 1.31, 0.50, 11.74, 10.04, 76.35
0, 4053216, 1757, 21, 5.75, 0.75, 11.85, 8.87, 47.85
0, 4060602, 1842, 33, 5.75, 0.50, 12.36, 9.87, 16.42
0, 4066700, 1839, 35, 9.13, 0.50, 11.03, 9.62, -11.05
0, 4074497, 1742, 58, 12.44, 0.19, 11.03, 8.82, -44.69
0, 4083753, 1426, 67, 13.81, 0.00, 11.60, 8.82, -77.19
0, 4091046, 933, 71, 13.81, -0.19, 11.11, 10.68, -93.62
0, 4097342, 558, 64, 13.50, -0.37, 11.28, 9.64, -99.72
0, 4105416, 176, 32, 11.13, -0.37, 11.28, 10.20, -95.81
0, 4113569, -97, 6, 5.69, -0.44, 12.96, 10.20, -79.04
0, 4121087, -184, -2, 5.69, -0.19, 12.11, 9.29, -54.09
0, 4127376, -173, -6, 0.13, 0.13, 13.23, 9.70, -28.32
0, 4135793, -154, -10, -4.00, 0.13, 13.23, 9.70, 9.34
0, 4143902, -80, -18, -5.69, 0.25, 11.93, 9.41, 44.41
0, 4151423, 113, -20, -5.69, 0.31, 12.14, 9.53, 71.76
0, 4158508, 457, -24, -5.56, 0.37, 12.67, 9.30, 90.04
0, 4165768, 882, -35, -5.19, 0.37, 12.67, 9.94, 99.26
0, 4174059, 1157, -44, -3.19, 0.44, 13.32, 9.94, 96.81
0, 4183737, 1517, -10, 1.56, 0.50, 11.75, 9.27, 77.08
0, 4190746, 1736, 17, 1.56, 0.75, 11.86, 9.06, 53.38
0, 4197473, 1829, 32, 5.94, 0.50, 12.39, 9.74, 25.61
0, 4205775, 1840, 35, 9.44, 0.50, 12.39, 9.74, -11.62
0, 4214115, 1735, 56, 12.69, 0.13, 11.61, 9.63, -47.38
0, 4221519, 1488, 67, 12.69, 0.00, 11.66, 8.85, -73.68
0, 4227862, 1082, 69, 13.88, -0.19, 11.07, 10.90, -89.80
0, 4236340, 528, 60, 13.44, -0.19, 11.17, 10.90, -99.74
0, 4244370, 160, 30, 10.88, -0.37, 11.17, 9.00, -95.80
0, 4251985, -90, 6, 4.81, -0.44, 13.56, 9.62, -80.49
0, 4258662, -180, -2, 4.81, -0.44, 12.23, 9.84, -59.21
0, 4266038, -175, -5, -0.50, -0.13, 12.23, 9.84, -29.56
0, 4274478, -154, -9, -4.31, 0.19, 13.11, 9.47, 8.15
0, 4284277, -59, -19, -5.69, 0.25, 11.98, 9.53, 50.09
0, 4291904, 150, -20, -5.56, 0.31, 12.17, 9.86, 76.41
0, 4298671, 504, -24, -5.56, 0.37, 12.57, 9.33, 92.29
0, 4306457, 930, -43, -5.06, 0.37, 12.42, 10.11, 99.91
0, 4314676, 1206, -39, -3.06, 0.44, 12.42, 10.11, 94.65
0, 4322205, 1485, -12, 1.81, 0.50, 11.85, 8.58, 78.45
0, 4328882, 1701, 12, 1.81, 0.75, 11.84, 9.40, 56.46
0, 4336901, 1814, 30, 6.19, 0.75, 12.32, 9.53, 23.51
0, 4344901, 1823, 34, 9.69, 0.44, 12.32, 9.53, -12.42
0, 4352713, 1723, 54, 12.69, 0.13, 11.67, 9.55, -45.98
0, 4358983, 1529, 65, 12.69, 0.13, 11.66, 8.51, -68.98
0, 4366604, 1057, 67, 13.75, 0.00, 11.06, 8.51, -89.39
0, 4374846, 543, 62, 13.13, -0.19, 11.06, 10.59, -99.58
0, 4384851, 97, 23, 10.19, -0.37, 12.20, 9.83, -93.58
0, 4392685, -124, 3, 3.94, -0.37, 12.83, 9.02, -75.55
0, 4399404, -182, -2, 3.94, -0.37, 12.30, 9.92, -52.48
0, 4406771, -170, -6, -0.94, -0.13, 12.30, 9.92, -21.76
0, 4414871, -146, -11, -4.50, 0.19, 13.15, 9.51, 14.64
0, 4421928, -77, -17, -4.50, 0.25, 11.86, 9.52, 44.93
0, 4429481, 132, -20, -5.69, 0.31, 12.07, 9.92, 72.26
0, 4437442, 538, -24, -5.50, 0.31, 12.81, 9.34, 91.98
0, 4445428, 940, -47, -4.94, 0.37, 12.81, 9.34, 99.91
0, 4453245, 1198, -39, -2.44, 0.44, 12.45, 10.74, 95.19
0, 4459378, 1420, -19, -2.44, 0.44, 11.49, 8.97, 83.17
0, 4467039, 1685, 10, 2.62, 0.56, 11.94, 8.97, 59.37
0, 4475205, 1811, 32, 6.56, 0.75, 11.94, 9.79, 26.33
0, 4485219, 1819, 36, 10.06, 0.44, 11.09, 9.23, -18.53
0, 4493025, 1700, 55, 12.94, 0.13, 11.55, 9.50, -51.36
0, 4499962, 1441, 66, 12.94, 0.13, 11.89, 8.59, -75.33
0, 4506930, 956, 69, 13.75, 0.00, 11.89, 8.59, -92.00
0, 4514854, 488, 57, 13.06, -0.19, 11.22, 10.39, -99.90
0, 4521512, 180, 32, 13.06, -0.37, 12.03, 10.09, -96.72
0, 4528668, -69, 9, 9.81, -0.37, 12.81, 9.17, -83.63
0, 4537575, -188, -2, 3.37, -0.37, 12.60, 9.17, -55.44
0, 4545664, -178, -6, -1.50, -0.06, 12.60, 9.84, -22.01
0, 4553520, -153, -12, -4.81, 0.19, 13.01, 9.63, 13.29
0, 4559688, -101, -17, -4.81, 0.19, 11.95, 9.52, 40.07
0, 4567424, 94, -20, -5.75, 0.31, 12.08, 9.52, 69.04
0, 4575660, 486, -24, -5.56, 0.31, 12.08, 9.89, 90.63
0, 4585361, 962, -51, -4.87, 0.44, 13.15, 9.62, 100.00
0, 4593220, 1218, -37, -2.06, 0.44, 12.73, 10.80, 93.67
0, 4600205, 1473, -14, -2.06, 0.44, 11.26, 8.74, 78.16
0, 4607363, 1700, 13, 3.06, 0.56, 11.26, 8.74, 54.26
0, 4615346, 1805, 29, 6.75, 0.75, 12.01, 9.81, 21.09
0, 4622000, 1806, 33, 6.75, 0.44, 11.10, 9.11, -8.83
0, 4629474, 1719, 53, 10.19, 0.44, 11.54, 9.09, -41.35
0, 4638127, 1455, 64, 12.88, 0.13, 11.75, 9.09, -72.95
0, 4646229, 937, 68, 13.56, 0.00, 11.75, 10.38, -92.61
0, 4654465, 477, 57, 12.56, -0.25, 10.97, 9.55, -99.99
0, 4660679, 194, 33, 12.56, -0.25, 12.00, 10.43, -96.47
0, 4668088, -64, 9, 9.13, -0.37, 12.93, 10.43, -82.44
0, 4676275, -176, -1, 2.94, -0.37, 12.93, 9.22, -56.38
0, 4685796, -168, -5, -1.69, -0.06, 13.18, 9.69, -16.76
0, 4693615, -135, -13, -4.87, 0.19, 13.06, 9.73, 18.41
0, 4700638, -58, -18, -4.87, 0.19, 11.88, 9.64, 48.18
0, 4707422, 140, -19, -5.62, 0.31, 11.88, 9.64, 72.40
0, 4715424, 559, -23, -5.44, 0.31, 12.00, 9.78, 92.13
0, 4722115, 909, -40, -5.44, 0.44, 13.28, 9.91, 99.53
0, 4729463, 1149, -45, -4.62, 0.44, 12.24, 9.64, 97.24
0, 4738424, 1479, -13, -1.50, 0.44, 11.09, 9.64, 80.17
0, 4746432, 1738, 17, 3.69, 0.62, 11.09, 8.99, 53.80
0, 4754741, 1850, 34, 7.25, 0.69, 12.12, 9.78, 19.12
0, 4761053, 1854, 37, 7.25, 0.69, 11.12, 9.29, -9.30
0, 4768568, 1766, 59, 10.88, 0.37, 11.64, 9.29, -41.95
0, 4776778, 1508, 68, 13.38, 0.13, 11.25, 8.54, -72.02
0, 4786338, 884, 76, 14.00, 0.00, 11.25, 11.10, -94.46
0, 4794174, 506, 60, 12.81, -0.13, 10.83, 9.63, -99.98
0, 4801188, 190, 33, 12.81, -0.13, 12.47, 10.47, -94.37
0, 4808416, -58, 9, 9.00, -0.19, 12.47, 10.47, -78.75
0, 4816231, -150, 1, 2.87, -0.25, 12.57, 9.52, -52.56
0, 4822906, -138, -3, 2.87, 0.06, 13.29, 9.50, -24.89
0, 4830883, -117, -7, -1.44, 0.06, 13.10, 9.76, 10.90
0, 4840517, -15, -16, -4.69, 0.13, 11.90, 9.76, 51.83
0, 4847447, 186, -17, -5.37, 0.19, 12.79, 9.56, 75.67
0, 4855582, 638, -21, -5.12, 0.25, 12.79, 9.30, 94.12
0, 4861873, 947, -39, -5.12, 0.25, 13.45, 9.99, 99.82
0, 4869331, 1200, -40, -4.25, 0.25, 12.39, 9.99, 96.19
0, 4877446, 1505, -11, -1.06, 0.44, 11.33, 8.72, 79.97
0, 4887570, 1797, 26, 4.19, 0.50, 12.06, 9.13, 45.21
0, 4895461, 1890, 38, 7.81, 0.19, 12.06, 9.61, 11.20
0, 4903482, 1869, 44, 11.38, 0.19, 11.22, 9.53, -24.79
0, 4909432, 1774, 65, 11.38, -0.06, 11.65, 9.53, -49.65
0, 4917509, 1446, 72, 13.75, -0.19, 11.65, 8.36, -77.38
0, 4924498, 955, 76, 14.31, -0.44, 10.94, 10.66, -93.23
0, 4933555, 472, 58, 13.06, -0.56, 10.91, 9.57, -99.92
0, 4941392, 120, 26, 13.06, -0.56, 12.23, 9.57, -92.34
0, 4948234, -85, 7, 8.63, -0.56, 12.24, 9.71, -76.27
0, 4956082, -152, 0, 2.37, -0.19, 12.24, 9.89, -49.04
0, 4962331, -139, -3, 2.37, -0.19, 13.23, 9.53, -22.80
0, 4969990, -119, -8, -2.00, 0.06, 13.00, 9.57, 11.61
0, 4978334, -37, -15, -4.94, 0.13, 11.84, 9.57, 47.38
0, 4988266, 270, -18, -5.37, 0.19, 12.88, 9.91, 80.92
0, 4996139, 725, -22, -5.12, 0.25, 12.88, 9.29, 96.32
0, 5004136, 1043, -51, -4.00, 0.25, 13.02, 9.80, 99.60
0, 5010085, 1249, -34, -4.00, 0.25, 12.82, 9.80, 93.64
0, 5018114, 1550, -6, -0.69, 0.44, 12.82, 9.10, 75.07
0, 5025052, 1749, 19, 4.44, 0.50, 11.95, 9.39, 51.02
0, 5034842, 1857, 34, 7.94, 0.19, 12.11, 9.41, 9.26
0, 5043891, 1826, 45, 11.50, 0.19, 11.07, 9.63, -31.12
0, 5050874, 1684, 65, 11.50, -0.06, 11.79, 9.63, -59.10
0, 5058253, 1338, 69, 13.63, -0.19, 11.79, 8.54, -82.26
0, 5065241, 807, 81, 14.00, -0.44, 11.01, 10.21, -95.86
0, 5071816, 470, 57, 14.00, -0.44, 10.61, 9.21, -100.00
0, 5080592, 67, 21, 12.63, -0.50, 12.47, 9.27, -91.90
0, 5090228, -165, 0, 7.94, -0.50, 12.67, 9.27, -66.67
0, 5097392, -189, -6, 1.62, -0.13, 12.67, 9.96, -39.48
0, 5105611, -172, -9, -2.81, 0.13, 13.05, 9.55, -3.41
0, 5111314, -142, -14, -2.81, 0.13, 13.00, 9.58, 22.19
0, 5119215, -18, -21, -5.37, 0.19, 13.00, 9.58, 54.89
0, 5126900, 249, -22, -5.75, 0.25, 12.14, 9.65, 80.07
0, 5135903, 781, -30, -5.44, 0.31, 13.03, 9.48, 97.25
0, 5144692, 1073, -52, -4.06, 0.31, 13.13, 9.44, 98.69
0, 5151681, 1313, -29, -4.06, 0.31, 11.24, 9.44, 88.78
0, 5159297, 1594, -1, -0.25, 0.56, 12.20, 8.91, 68.02
0, 5166774, 1766, 24, 4.69, 0.56, 12.20, 9.80, 39.86
0, 5172942, 1820, 31, 4.69, 0.56, 12.06, 9.17, 13.07
0, 5181877, 1784, 42, 8.00, 0.19, 11.17, 9.81, -26.96
0, 5191921, 1569, 62, 11.44, -0.06, 11.93, 9.81, -66.47
0, 5198838, 1248, 65, 13.44, -0.19, 11.45, 10.24, -86.24
0, 5206667, 648, 78, 13.44, -0.44, 11.45, 9.69, -98.44
0, 5212587, 359, 49, 13.44, -0.44, 10.55, 8.99, -99.59
0, 5220721, 3, 15, 11.94, -0.50, 11.75, 8.99, -89.66
0, 5228473, -168, -1, 7.50, -0.44, 12.76, 9.16, -69.01
0, 5238355, -190, -6, 1.06, -0.06, 13.11, 9.97, -30.96
0, 5246187, -166, -11, -3.37, 0.13, 13.11, 9.53, 3.94
0, 5254032, -112, -17, -5.62, 0.13, 12.84, 9.50, 38.40
0, 5259938, -1, -21, -5.62, 0.19, 12.09, 9.50, 61.41
0, 5267774, 320, -24, -5.75, 0.25, 12.09, 9.40, 84.98
0, 5273780, 697, -26, -5.44, 0.25, 13.23, 9.74, 96.00
0, 5282390, 1039, -55, -5.44, 0.31, 13.38, 9.34, 99.44
0, 5292323, 1392, -22, -4.06, 0.31, 11.72, 9.34, 85.00
0, 5298918, 1638, 4, 0.00, 0.56, 12.16, 8.84, 65.77
0, 5306746, 1795, 28, 5.00, 0.50, 12.16, 9.84, 35.58
0, 5312447, 1839, 33, 5.00, 0.50, 11.99, 9.10, 10.57
0, 5320287, 1801, 41, 8.44, 0.19, 11.13, 9.10, -24.60
0, 5328105, 1652, 63, 11.94, -0.06, 11.82, 9.69, -56.64
0, 5337660, 1213, 67, 13.69, -0.19, 11.82, 10.91, -85.95
0, 5345877, 654, 77, 13.56, -0.44, 11.69, 9.66, -98.64
0, 5353286, 325, 44, 13.56, -0.44, 10.59, 9.66, -98.56
0, 5360003, 34, 18, 11.63, -0.50, 12.61, 9.18, -88.99
0, 5367045, -128, 3, 6.62, -0.44, 12.61, 9.33, -70.23
0, 5373529, -159, -2, 0.94, -0.44, 12.53, 9.63, -46.66
0, 5382686, -147, -4, 0.94, -0.06, 13.17, 9.85, -7.13
0, 5392332, -91, -15, -3.25, 0.13, 11.68, 9.85, 35.68
0, 5399034, 18, -17, -5.31, 0.19, 12.02, 9.48, 61.93
0, 5406880, 339, -20, -5.44, 0.25, 12.02, 9.61, 85.35
0, 5412600, 700, -23, -5.44, 0.25, 13.20, 9.85, 95.84
0, 5420725, 1041, -52, -5.06, 0.31, 13.42, 9.85, 99.70
0, 5428378, 1312, -28, -3.62, 0.31, 11.65, 9.15, 91.14
0, 5438050, 1674, 7, 0.69, 0.56, 12.13, 8.95, 65.14
0, 5446154, 1837, 33, 5.56, 0.50, 12.13, 9.74, 33.63
0, 5453688, 1883, 37, 9.06, 0.50, 12.02, 9.74, 0.23
0, 5460148, 1836, 44, 9.06, 0.13, 12.02, 9.31, -28.58
0, 5467039, 1685, 68, 12.50, -0.13, 11.54, 9.63, -56.58
0, 5473872, 1390, 70, 14.13, -0.13, 11.69, 11.09, -78.98
0, 5483004, 745, 84, 14.13, -0.19, 11.21, 9.80, -96.95
0, 5492534, 344, 46, 13.94, -0.50, 10.63, 9.80, -98.32
0, 5499234, 58, 20, 11.56, -0.56, 12.47, 8.90, -88.40
0, 5507096, -116, 4, 5.87, -0.56, 12.47, 9.84, -66.60
0, 5512966, -140, 0, 5.87, -0.44, 12.38, 9.84, -44.69
0, 5521016, -127, -3, 0.75, -0.06, 13.17, 9.40, -9.92
0, 5528202, -91, -11, -3.25, 0.13, 11.72, 9.71, 22.37
0, 5537145, 51, -16, -5.19, 0.19, 11.72, 9.40, 58.92
0, 5546120, 404, -20, -5.19, 0.19, 12.14, 9.58, 86.03
0, 5553750, 857, -28, -4.75, 0.25, 12.96, 9.58, 98.20
0, 5559934, 1062, -50, -4.75, 0.31, 12.96, 10.03, 99.60
0, 5566757, 1304, -29, -2.87, 0.31, 11.12, 10.10, 92.17
0, 5573545, 1565, -4, -2.87, 0.31, 12.16, 9.30, 76.15
0, 5582863, 1804, 27, 1.62, 0.56, 12.04, 9.54, 42.98
0, 5592646, 1896, 37, 6.06, 0.44, 11.92, 9.54, 0.18
0, 5599334, 1855, 44, 9.56, 0.13, 11.72, 9.61, -29.61
0, 5607180, 1674, 70, 12.75, 0.13, 11.72, 9.72, -60.95
0, 5613063, 1417, 71, 12.75, -0.13, 11.63, 9.72, -79.64
0, 5620939, 826, 84, 14.25, -0.19, 11.05, 10.84, -95.73
0, 5627611, 497, 60, 14.00, -0.50, 11.05, 9.36, -100.00
0, 5637083, 67, 21, 11.50, -0.56, 12.71, 9.85, -90.61
0, 5645820, -146, 1, 5.62, -0.56, 12.49, 9.97, -67.35
0, 5652754, -171, -4, 5.62, -0.37, 12.49, 9.97, -41.27
0, 5659547, -156, -7, 0.25, -0.06, 12.49, 9.61, -11.79
0, 5666413, -128, -13, -3.81, -0.06, 12.91, 9.58, 19.11
0, 5673571, -38, -18, -3.81, 0.13, 11.84, 9.39, 49.34
0, 5682850, 269, -21, -5.50, 0.19, 12.17, 9.40, 80.49
0, 5692406, 816, -30, -5.44, 0.25, 13.16, 9.40, 97.94
0, 5699217, 1037, -54, -4.94, 0.31, 11.34, 9.64, 99.45
0, 5707048, 1309, -29, -2.81, 0.31, 11.34, 11.33, 89.65
0, 5712760, 1524, -8, -2.81, 0.31, 12.05, 11.33, 75.36
0, 5720479, 1739, 18, 1.81, 0.62, 12.05, 9.68, 48.34
0, 5727380, 1818, 31, 6.00, 0.44, 12.16, 9.29, 19.13
0, 5736527, 1806, 36, 9.38, 0.13, 11.21, 9.61, -21.94
0, 5745470, 1644, 62, 12.56, 0.13, 11.51, 9.11, -58.56
0, 5752410, 1365, 66, 12.56, -0.06, 11.79, 9.11, -80.72
0, 5759177, 844, 73, 13.69, -0.19, 11.79, 10.16, -94.75
0, 5765329, 494, 57, 13.31, -0.19, 11.45, 9.19, -99.89
0, 5773165, 122, 26, 13.31, -0.44, 12.34, 9.19, -95.32
0, 5781203, -119, 4, 10.81, -0.50, 12.69, 9.90, -78.34
0, 5790083, -189, -4, 4.75, -0.31, 12.90, 9.83, -47.82
0, 5797732, -176, -7, -0.75, -0.31, 12.90, 9.59, -15.22
0, 5805983, -146, -14, -4.50, 0.00, 12.77, 9.59, 21.86
0, 5811683, -87, -18, -4.50, 0.19, 11.85, 9.66, 46.01
0, 5818514, 106, -21, -5.75, 0.19, 11.85, 9.59, 70.82
0, 5825281, 432, -24, -5.62, 0.19, 12.15, 9.44, 88.80
0, 5834620, 931, -46, -5.12, 0.31, 13.09, 9.46, 99.85
0, 5843592, 1226, -36, -5.12, 0.31, 11.58, 9.46, 93.93
0, 5849896, 1459, -15, -2.75, 0.37, 11.59, 11.09, 80.49
0, 5857959, 1717, 15, 2.25, 0.37, 11.59, 9.86, 54.04
0, 5864145, 1810, 30, 6.31, 0.62, 12.21, 9.86, 28.71
0, 5872346, 1826, 33, 6.31, 0.44, 11.26, 9.12, -7.96
0, 5879825, 1746, 47, 9.75, 0.13, 11.43, 9.70, -40.58
0, 5888790, 1469, 66, 12.75, -0.06, 11.68, 9.25, -73.34
0, 5897652, 890, 70, 13.81, -0.06, 11.68, 9.62, -94.05
0, 5905682, 477, 57, 13.13, -0.19, 10.66, 9.62, -99.99
0, 5911389, 220, 35, 13.13, -0.44, 12.45, 8.66, -96.26
0, 5917650, -16, 13, 10.25, -0.44, 12.45, 10.29, -84.86
0, 5925027, -146, 1, 4.31, -0.50, 12.59, 9.59, -62.86
0, 5933626, -153, -3, 4.31, -0.31, 12.53, 9.59, -28.68
0, 5943061, -129, -8, -0.56, 0.00, 12.80, 9.64, 13.53
0, 5949648, -67, -14, -4.25, 0.13, 11.98, 9.50, 42.02
0, 5957919, 160, -18, -5.44, 0.13, 11.98, 9.76, 72.27
0, 5963628, 425, -21, -5.44, 0.19, 12.26, 9.76, 87.52
0, 5971605, 895, -31, -4.87, 0.25, 13.12, 9.78, 98.96
0, 5978244, 1114, -49, -4.25, 0.31, 11.57, 9.39, 98.79
0, 5987447, 1454, -16, -1.69, 0.37, 11.57, 9.79, 84.08
0, 5996425, 1756, 19, 3.44, 0.37, 11.68, 9.79, 55.86
0, 6003658, 1869, 37, 3.44, 0.13, 11.69, 9.75, 26.26
0, 6010213, 1894, 39, 7.06, -0.06, 11.69, 9.39, -3.07
0, 6016166, 1849, 45, 9.94, -0.06, 11.35, 9.72, -29.55
0, 6023996, 1662, 70, 9.94, -0.44, 11.46, 9.72, -60.84
0, 6032614, 1237, 72, 12.81, -0.56, 11.71, 10.90, -86.43
0, 6041556, 643, 73, 13.81, -0.81, 10.52, 9.59, -99.25
0, 6048561, 348, 46, 10.50, -0.88, 10.52, 8.78, -98.12
0, 6056840, 1, 15, 4.37, -0.88, 12.58, 8.78, -84.28
0, 6062548, -120, 3, 4.37, -0.62, 12.57, 10.50, -67.74
0, 6069423, -140, -1, -0.31, -0.31, 12.57, 9.45, -42.00
0, 6076533, -126, -3, -4.00, -0.31, 13.37, 9.85, -11.17
0, 6086259, -85, -12, -5.06, -0.19, 12.79, 9.45, 32.21
0, 6096303, 105, -16, -4.87, -0.13, 11.82, 9.45, 70.48
0, 6103482, 426, -20, -4.87, -0.06, 13.15, 9.74, 89.42
0, 6110135, 854, -27, -4.31, 0.00, 13.15, 9.82, 98.67
0, 6116264, 1072, -50, -1.94, 0.00, 13.37, 9.24, 99.35
0, 6124304, 1366, -23, -1.94, 0.06, 11.40, 9.24, 88.82
0, 6133340, 1698, 10, 3.25, 0.31, 11.86, 9.62, 63.24
0, 6142278, 1861, 36, 7.37, 0.06, 11.89, 9.70, 27.69
0, 6149050, 1898, 39, 11.06, -0.25, 11.19, 9.28, -2.57
0, 6157202, 1828, 54, 13.75, -0.25, 11.19, 9.28, -38.42
0, 6162908, 1693, 69, 13.75, -0.44, 11.57, 9.68, -60.70
0, 6169613, 1363, 72, 14.69, -0.56, 11.57, 11.14, -81.66
0, 6176805, 816, 85, 13.81, -0.56, 11.19, 9.64, -95.82
0, 6186487, 356, 47, 10.13, -0.81, 10.50, 8.62, -98.91
0, 6196310, -30, 12, 3.56, -0.88, 13.31, 8.62, -82.98
0, 6203116, -150, 1, 3.56, -0.62, 12.21, 9.73, -62.18
0, 6210034, -155, -3, -1.00, -0.62, 12.21, 9.40, -35.06
0, 6216194, -138, -6, -4.37, -0.31, 13.15, 9.40, -7.96
0, 6224236, -103, -13, -4.37, -0.13, 12.78, 9.67, 28.02
0, 6232155, 25, -17, -5.19, -0.13, 11.89, 9.46, 59.88
0, 6239943, 327, -20, -5.00, 0.00, 13.09, 9.56, 83.83
0, 6248524, 843, -30, -4.19, 0.00, 13.09, 10.01, 98.23
0, 6256839, 1123, -48, -1.31, 0.00, 13.17, 10.01, 98.25
0, 6262538, 1324, -27, -1.31, 0.06, 11.49, 10.39, 90.25
0, 6269049, 1571, -3, 3.94, 0.06, 11.49, 9.14, 73.87
0, 6276895, 1773, 23, 7.62, 0.31, 12.09, 9.54, 45.86
0, 6286596, 1865, 35, 11.19, 0.06, 11.83, 9.66, 3.77
0, 6296064, 1807, 51, 13.63, -0.25, 11.30, 9.66, -38.06
0, 6302822, 1641, 66, 13.63, -0.37, 11.79, 9.76, -64.11
0, 6309597, 1291, 69, 14.31, -0.37, 11.79, 10.54, -84.27
0, 6315305, 837, 80, 13.44, -0.56, 11.30, 10.54, -95.22
0, 6322862, 434, 54, 13.44, -0.75, 10.28, 9.27, -99.95
0, 6329180, 138, 28, 9.56, -0.81, 12.82, 9.82, -95.01
0, 6337921, -120, 4, 2.94, -0.81, 13.08, 8.98, -75.68
0, 6347114, -179, -3, -1.81, -0.56, 13.08, 8.98, -42.84
0, 6354875, -162, -7, -4.81, -0.25, 12.94, 9.42, -9.17
0, 6360995, -134, -13, -4.81, -0.25, 12.94, 9.59, 18.39
0, 6367206, -58, -19, -5.37, -0.13, 12.76, 9.59, 44.91
0, 6375458, 186, -20, -5.12, -0.06, 11.87, 9.46, 74.39
0, 6383951, 639, -24, -5.12, 0.00, 13.36, 9.54, 94.01
0, 6391342, 961, -50, -4.06, 0.06, 12.94, 9.54, 99.99
0, 6399110, 1221, -37, -0.75, 0.06, 11.70, 10.73, 94.35
0, 6407469, 1534, -7, 4.31, 0.13, 11.70, 10.73, 75.46
0, 6413175, 1715, 14, 4.31, 0.37, 12.21, 9.17, 56.22
0, 6419103, 1805, 30, 7.75, 0.37, 12.21, 9.17, 32.31
0, 6427202, 1831, 33, 11.31, 0.06, 11.84, 9.73, -3.72
0, 6436296, 1739, 53, 13.63, -0.25, 11.19, 9.73, -43.35
0, 6445108, 1466, 65, 14.00, -0.37, 11.67, 9.61, -74.92
0, 6451186, 1097, 67, 14.00, -0.56, 11.35, 9.77, -90.09
0, 6458938, 554, 64, 12.75, -0.56, 11.35, 9.77, -99.52
0, 6464640, 289, 41, 12.75, -0.75, 10.48, 9.01, -98.73
0, 6471505, 3, 15, 8.88, -0.75, 12.35, 9.98, -89.17
0, 6478594, -151, 1, 2.31, -0.75, 12.99, 9.22, -70.36
0, 6487512, -177, -4, -2.31, -0.50, 12.99, 9.46, -36.83
0, 6496786, -157, -8, -5.00, -0.19, 12.99, 9.46, 4.21
0, 6503565, -108, -15, -5.00, -0.13, 12.59, 9.52, 34.17
0, 6510472, 29, -20, -5.37, -0.13, 12.59, 9.52, 61.39
0, 6516339, 253, -20, -5.12, -0.06, 12.09, 9.53, 79.94
0, 6523775, 707, -25, -5.12, 0.00, 13.41, 9.64, 95.29
0, 6529871, 960, -48, -4.00, 0.06, 13.18, 9.47, 99.95
0, 6538719, 1261, -33, -0.37, 0.06, 11.46, 10.29, 93.32
0, 6547890, 1611, 1, 4.81, 0.13, 11.46, 10.29, 70.93
0, 6555947, 1805, 29, 8.25, 0.31, 12.31, 8.84, 41.16
0, 6561646, 1866, 36, 8.25, 0.31, 11.73, 9.12, 16.57
0, 6567828, 1858, 39, 11.81, 0.06, 11.73, 9.12, -11.28
0, 6575857, 1758, 62, 14.00, -0.25, 11.39, 9.60, -45.83
0, 6583410, 1512, 69, 14.00, -0.44, 11.48, 9.03, -72.95
0, 6590581, 1054, 72, 14.25, -0.62, 11.81, 9.44, -90.94
0, 6599063, 537, 62, 12.75, -0.62, 11.81, 9.10, -99.90
0, 6607332, 168, 31, 8.38, -0.75, 10.25, 9.10, -94.65
0, 6613038, -30, 12, 8.38, -0.81, 12.32, 10.22, -83.28
0, 6618922, -131, 2, 2.12, -0.81, 12.32, 9.20, -65.80
0, 6627027, -142, -1, -2.19, -0.50, 12.73, 9.20, -34.44
0, 6635911, -122, -5, -4.75, -0.25, 13.25, 9.57, 5.01
0, 6643303, -64, -14, -4.75, -0.13, 12.53, 9.54, 37.50
0, 6650665, 101, -16, -5.06, -0.13, 12.17, 9.54, 65.73
0, 6658747, 466, -20, -4.75, -0.06, 12.17, 9.54, 88.33
0, 6664460, 826, -26, -4.75, 0.00, 13.41, 9.79, 97.37
0, 6670822, 1048, -50, -3.44, 0.00, 13.17, 9.28, 99.83
0, 6678458, 1319, -27, 0.37, 0.00, 13.17, 9.74, 91.98
0, 6687376, 1659, 6, 5.37, 0.13, 11.48, 9.74, 69.20
0, 6696490, 1851, 34, 8.88, 0.31, 12.22, 8.91, 34.49
0, 6703261, 1905, 40, 8.88, 0.00, 11.61, 9.35, 4.59
0, 6710280, 1866, 46, 12.44, 0.00, 11.61, 9.35, -26.81
0, 6715985, 1769, 66, 14.38, -0.31, 11.52, 9.56, -50.50
0, 6722630, 1506, 72, 14.38, -0.44, 11.68, 8.44, -73.79
0, 6729518, 1042, 75, 14.56, -0.44, 11.54, 9.63, -90.92
0, 6738691, 524, 62, 12.75, -0.62, 11.54, 9.24, -99.99
0, 6747825, 132, 26, 7.69, -0.81, 10.51, 9.24, -92.17
0, 6755490, -84, 7, 1.81, -0.81, 12.36, 9.68, -73.51
0, 6761618, -139, 2, 1.81, -0.81, 12.36, 9.75, -52.15
0, 6767711, -128, -2, -2.25, -0.50, 12.48, 9.75, -26.98
0, 6775205, -110, -6, -2.25, -0.19, 13.34, 9.76, 6.57
0, 6782406, -52, -13, -4.75, -0.13, 11.81, 9.47, 38.15
0, 6790256, 142, -15, -4.94, -0.13, 12.35, 9.64, 67.90
0, 6799698, 612, -20, -4.62, -0.06, 12.35, 9.96, 92.20
0, 6807979, 982, -44, -3.06, 0.00, 13.42, 9.96, 99.97
0, 6813677, 1168, -44, -3.06, 0.00, 10.56, 10.10, 97.26
0, 6819715, 1385, -22, 1.06, 0.00, 10.56, 10.10, 87.39
0, 6827983, 1682, 9, 5.62, 0.19, 11.77, 8.59, 63.60
0, 6837083, 1844, 34, 9.00, 0.31, 12.32, 9.28, 27.42
0, 6844807, 1876, 37, 9.00, 0.00, 11.59, 9.47, -7.14
0, 6852402, 1799, 51, 12.44, 0.00, 11.51, 9.54, -40.31
0, 6859923, 1578, 69, 14.19, -0.31, 11.51, 9.54, -68.53
0, 6865634, 1279, 70, 14.19, -0.37, 11.57, 8.30, -84.86
0, 6872067, 779, 84, 14.25, -0.37, 11.25, 9.58, -96.47
0, 6879784, 421, 53, 12.38, -0.62, 13.77, 8.84, -99.66
0, 6889556, 25, 17, 7.12, -0.75, 12.19, 9.58, -86.57
0, 6899169, -144, 2, 1.25, -0.75, 12.19, 9.58, -57.44
0, 6906992, -147, -3, -2.69, -0.44, 12.70, 9.80, -25.53
0, 6912696, -127, -7, -2.69, -0.44, 13.09, 9.84, -0.02
0, 6918476, -93, -12, -4.87, -0.19, 13.09, 9.84, 25.82
0, 6925786, 39, -17, -5.12, -0.13, 11.89, 9.48, 55.78
0, 6932744, 298, -18, -5.12, -0.06, 12.30, 9.71, 78.73
0, 6940650, 773, -23, -4.62, -0.06, 13.37, 9.66, 95.33
0, 6950225, 1102, -49, -2.75, 0.00, 10.94, 9.66, 99.21
0, 6958582, 1395, -21, 1.75, 0.06, 10.94, 10.78, 87.57
0, 6964288, 1615, 1, 1.75, 0.06, 11.61, 8.97, 72.35
0, 6970382, 1768, 22, 6.12, 0.25, 12.59, 8.97, 50.83
0, 6978646, 1863, 35, 9.44, 0.31, 12.59, 9.88, 15.89
0, 6988339, 1851, 42, 12.75, -0.06, 11.57, 9.72, -27.52
0, 6998453, 1629, 66, 14.25, -0.31, 11.54, 9.64, -67.14
0, 7006314, 1232, 70, 14.25, -0.37, 11.61, 8.68, -88.74
0, 7012257, 771, 84, 14.25, -0.37, 11.61, 8.68, -97.79
0, 7018404, 455, 56, 12.38, -0.62, 11.64, 9.41, -99.77
0, 7025360, 132, 27, 12.38, -0.75, 12.67, 9.62, -92.79
0, 7032715, -84, 7, 7.25, -0.75, 12.41, 8.88, -75.53
0, 7040877, -144, 0, 1.19, -0.75, 12.96, 9.98, -46.81
0, 7050628, -130, -3, -3.06, -0.44, 12.66, 9.98, -4.61
0, 7058786, -76, -13, -5.00, -0.19, 12.66, 9.78, 31.72
0, 7064492, 15, -17, -5.00, -0.19, 11.92, 9.44, 54.87
0, 7070668, 233, -17, -5.00, -0.13, 12.03, 9.44, 75.79
0, 7078914, 713, -22, -4.56, -0.06, 12.03, 9.46, 94.35
0, 7088809, 1090, -49, -2.62, 0.06, 13.02, 9.55, 99.40
0, 7098903, 1454, -16, 2.12, 0.06, 10.54, 11.15, 84.40
0, 7106735, 1728, 15, 6.37, 0.25, 11.72, 8.82, 60.57
0, 7112651, 1834, 33, 6.37, 0.25, 11.72, 8.82, 37.38
0, 7118367, 1880, 37, 9.81, 0.25, 12.47, 9.87, 12.43
0, 7125047, 1857, 41, 9.81, -0.06, 11.51, 9.69, -17.65
0, 7131816, 1763, 64, 13.13, -0.06, 11.43, 9.22, -46.49
0, 7140933, 1426, 70, 14.44, -0.31, 11.39, 10.22, -78.07
0, 7150941, 768, 84, 14.06, -0.44, 10.79, 10.22, -97.54
0, 7159036, 447, 55, 11.56, -0.69, 10.79, 8.89, -98.97
0, 7164743, 195, 33, 11.56, -0.69, 13.71, 10.12, -92.04
0, 7170933, -13, 13, 6.12, -0.75, 13.71, 10.12, -77.66
0, 7179207, -100, 5, 1.25, -0.75, 12.03, 9.09, -49.26
0, 7188858, -86, 1, -2.69, -0.50, 12.46, 9.72, -7.86
0, 7198703, -23, -11, -4.56, -0.19, 12.61, 9.58, 35.84
0, 7206547, 131, -12, -4.56, -0.13, 11.99, 9.73, 66.03
0, 7212259, 371, -14, -4.56, -0.13, 11.99, 9.73, 83.02
0, 7218148, 745, -17, -4.06, -0.06, 11.96, 9.36, 94.77
0, 7224402, 1022, -37, -4.06, -0.06, 13.26, 9.37, 99.91
0, 7231775, 1287, -31, -2.12, 0.00, 10.34, 10.15, 95.79
0, 7241258, 1661, 6, 2.81, 0.00, 11.85, 8.78, 75.18
0, 7250917, 1892, 38, 7.19, 0.19, 11.23, 8.78, 40.23
0, 7258816, 1985, 47, 10.88, -0.13, 11.23, 9.83, 5.68
0, 7264520, 1976, 50, 10.88, -0.13, 11.83, 9.76, -19.98
0, 7270426, 1898, 69, 13.94, -0.37, 11.83, 9.76, -45.13
0, 7278229, 1629, 80, 15.44, -0.50, 11.46, 9.03, -73.19
0, 7286651, 1077, 83, 15.19, -0.75, 11.65, 9.99, -93.27
0, 7295469, 606, 69, 15.19, -0.88, 10.64, 9.04, -99.96
0, 7303987, 249, 37, 12.44, -0.88, 13.49, 10.18, -91.51
0, 7310778, 1, 14, 6.56, -0.81, 13.49, 10.18, -75.04
0, 7316484, -80, 6, 6.56, -0.81, 12.38, 9.42, -55.69
0, 7322350, -74, 3, 1.56, -0.50, 13.76, 9.42, -31.97
0, 7330482, -56, 0, -2.50, -0.25, 12.66, 9.43, 4.23
0, 7339733, 28, -10, -4.37, -0.13, 12.66, 9.55, 44.45
0, 7349291, 306, -11, -4.31, -0.06, 11.70, 9.67, 77.89
0, 7357153, 743, -15, -3.75, -0.06, 13.45, 9.27, 94.85
0, 7362867, 1001, -31, -3.75, 0.00, 13.45, 9.27, 99.79
0, 7368714, 1206, -41, -1.50, 0.00, 13.09, 9.47, 98.00
0, 7374912, 1441, -16, -1.50, 0.00, 10.51, 9.52, 88.67
0, 7382844, 1725, 14, 3.31, 0.19, 11.92, 8.91, 66.80
0, 7391762, 1895, 38, 7.44, 0.19, 11.34, 9.55, 32.24
0, 7401332, 1961, 45, 11.13, -0.13, 11.84, 9.55, -10.43
0, 7409146, 1884, 57, 13.88, -0.37, 11.84, 9.65, -44.20
0, 7414851, 1730, 76, 13.88, -0.37, 11.54, 9.65, -65.63
0, 7420794, 1413, 77, 15.19, -0.44, 11.54, 9.19, -83.30
0, 7427596, 886, 89, 14.81, -0.69, 10.93, 10.41, -96.14
0, 7436193, 475, 58, 14.81, -0.81, 10.68, 8.80, -99.39
0, 7444409, 104, 24, 11.94, -0.81, 13.65, 10.00, -88.62
0, 7454077, -124, 3, 5.50, -0.75, 12.13, 10.00, -60.68
0, 7461122, -140, -2, 0.50, -0.44, 12.13, 9.65, -32.73
0, 7466830, -123, -5, -3.44, -0.44, 13.12, 9.38, -7.52
0, 7472981, -94, -11, -3.44, -0.19, 12.73, 9.38, 20.15
0, 7481239, 33, -16, -5.00, -0.06, 11.92, 9.69, 54.49
0, 7491058, 402, -20, -4.87, 0.00, 13.23, 9.64, 85.23
0, 7501137, 926, -35, -4.12, 0.06, 12.85, 9.56, 99.55
0, 7509220, 1187, -42, -1.50, 0.06, 12.85, 10.33, 96.36
0, 7515111, 1399, -20, -1.50, 0.06, 10.74, 10.33, 85.92
0, 7521051, 1620, 2, 3.31, 0.31, 10.74, 9.09, 69.26
0, 7528013, 1775, 24, 7.06, 0.25, 12.29, 9.32, 43.52
0, 7537247, 1852, 33, 10.56, -0.06, 11.41, 9.63, 3.27
0, 7545276, 1800, 44, 10.56, -0.06, 11.50, 9.72, -32.44
0, 7554714, 1557, 67, 13.31, -0.31, 11.65, 9.72, -68.69
0, 7561644, 1206, 68, 14.19, -0.37, 11.65, 8.13, -87.75
0, 7567357, 759, 82, 13.44, -0.37, 11.97, 10.40, -97.09
0, 7573555, 431, 54, 13.44, -0.69, 10.43, 8.87, -99.93
0, 7582000, 46, 19, 10.38, -0.75, 13.68, 8.87, -91.30
0, 7591648, -161, 0, 4.12, -0.62, 13.39, 9.36, -65.51
0, 7601730, -177, -5, -1.12, -0.31, 12.87, 9.98, -25.55
0, 7609580, -149, -11, -4.50, -0.13, 12.87, 9.58, 9.65
0, 7615530, -106, -15, -4.50, -0.13, 12.32, 9.58, 35.76
0, 7621476, 21, -19, -5.44, -0.06, 12.32, 9.73, 59.28
0, 7628147, 281, -21, -5.25, 0.00, 11.97, 9.88, 80.53
0, 7637619, 829, -32, -4.50, 0.06, 13.41, 9.29, 97.88
0, 7645867, 1088, -51, -4.50, 0.06, 12.99, 10.66, 98.61
0, 7655135, 1420, -19, -1.50, 0.13, 11.60, 9.09, 83.33
0, 7662362, 1678, 9, 3.62, 0.37, 11.60, 9.09, 61.17
0, 7668060, 1787, 26, 7.12, 0.37, 12.50, 9.78, 38.99
0, 7674159, 1835, 32, 7.12, 0.25, 11.36, 9.78, 12.44
0, 7682377, 1799, 41, 10.69, -0.06, 11.45, 9.69, -24.44
0, 7692114, 1601, 63, 13.38, -0.31, 11.05, 9.40, -63.43
0, 7702160, 1082, 67, 14.00, -0.44, 12.24, 9.79, -90.92
0, 7709983, 591, 68, 13.06, -0.62, 12.24, 9.70, -99.71
0, 7715926, 342, 46, 13.06, -0.62, 10.33, 9.70, -98.14
0, 7721631, 109, 24, 9.88, -0.69, 10.33, 9.87, -90.00
0, 7728279, -55, 9, 3.81, -0.69, 13.79, 8.96, -73.05
0, 7736787, -110, 3, -0.75, -0.69, 13.06, 9.85, -42.08
0, 7745445, -92, -1, -0.75, -0.31, 13.11, 9.65, -4.28
0, 7755372, -23, -13, -3.87, -0.13, 12.65, 9.65, 39.50
0, 7762456, 123, -14, -4.75, -0.06, 12.65, 9.30, 66.42
0, 7768160, 363, -15, -4.56, -0.06, 12.10, 9.45, 83.29
0, 7774371, 756, -19, -4.56, 0.00, 13.55, 9.45, 95.37
0, 7782600, 1081, -46, -3.75, 0.06, 13.27, 9.52, 99.78
0, 7792441, 1434, -17, -0.81, 0.06, 10.65, 10.95, 87.20
0, 7802632, 1778, 21, 4.50, 0.31, 12.51, 8.66, 56.34
0, 7810566, 1911, 41, 8.13, 0.19, 12.51, 9.89, 23.74
0, 7816439, 1945, 44, 8.13, 0.19, 11.19, 9.89, -2.59
0, 7822479, 1902, 50, 11.75, -0.19, 11.19, 9.80, -29.46
0, 7829161, 1763, 73, 14.25, -0.37, 11.75, 9.39, -56.56
0, 7839098, 1282, 77, 15.06, -0.50, 11.24, 9.69, -86.77
0, 7848950, 665, 74, 13.94, -0.75, 11.74, 9.43, -99.72
0, 7857872, 299, 43, 10.00, -0.75, 11.15, 9.43, -94.65
0, 7863590, 58, 20, 10.00, -0.81, 11.15, 10.67, -83.25
0, 7869384, -70, 8, 4.00, -0.69, 11.95, 9.26, -66.06
0, 7875308, -94, 4, 4.00, -0.69, 12.38, 9.38, -43.83
0, 7884097, -80, 1, -0.31, -0.37, 13.67, 9.38, -5.62
0, 7893394, -18, -10, -3.81, -0.13, 12.50, 9.65, 35.62
0, 7902820, 187, -12, -4.62, -0.06, 12.26, 9.71, 71.06
0, 7910836, 566, -16, -4.37, 0.00, 12.26, 9.30, 91.39
0, 7916748, 909, -25, -4.37, 0.00, 13.28, 9.30, 98.87
0, 7922644, 1107, -45, -3.44, 0.00, 13.28, 9.68, 99.33
0, 7929284, 1347, -25, -0.37, 0.06, 13.32, 10.09, 91.46
0, 7939162, 1710, 11, 4.75, 0.31, 11.94, 8.80, 65.02
0, 7949019, 1899, 39, 8.38, 0.19, 12.22, 9.76, 25.91
0, 7957926, 1947, 45, 12.00, 0.19, 11.40, 9.80, -14.02
0, 7963799, 1889, 52, 12.00, -0.19, 11.54, 9.80, -39.51
0, 7969531, 1733, 74, 14.31, -0.19, 11.54, 9.41, -61.74
0, 7975561, 1431, 77, 14.31, -0.37, 11.52, 9.41, -80.64
0, 7983832, 818, 90, 15.13, -0.50, 11.14, 9.56, -96.67
0, 7993261, 398, 50, 13.88, -0.75, 10.96, 9.74, -98.60
0, 8002893, -2, 14, 9.38, -0.81, 11.73, 10.11, -82.35
0, 8010871, -145, 1, 3.00, -0.62, 11.73, 9.61, -57.02
0, 8016580, -144, -3, 3.00, -0.62, 12.71, 9.61, -34.16
0, 8022525, -129, -6, -1.31, -0.31, 12.71, 9.20, -7.97
0, 8029010, -99, -12, -4.50, -0.13, 13.48, 9.62, 21.18
0, 8038021, 42, -14, -5.12, -0.13, 11.80, 9.74, 58.18
0, 8046748, 370, -18, -5.12, 0.00, 12.76, 9.45, 84.98
0, 8056301, 894, -32, -4.81, 0.06, 13.10, 9.45, 99.24
0, 8062944, 1088, -51, -3.62, 0.06, 13.10, 9.97, 98.44
0, 8068878, 1282, -31, -0.19, 0.06, 13.07, 8.60, 90.24
0, 8074589, 1481, -13, -0.19, 0.13, 11.53, 8.60, 76.25
0, 8082215, 1699, 14, 4.75, 0.44, 12.29, 9.09, 49.88
0, 8091748, 1809, 30, 7.94, 0.25, 11.43, 9.71, 9.10
0, 8100773, 1773, 41, 11.19, -0.06, 11.43, 9.60, -31.17
0, 8109596, 1569, 62, 13.38, -0.06, 11.55, 8.32, -65.63
0, 8115302, 1317, 65, 13.38, -0.25, 11.06, 8.32, -82.71
0, 8121271, 840, 71, 13.75, -0.44, 11.06, 10.55, -94.70
0, 8126981, 504, 58, 13.75, -0.44, 12.07, 9.71, -99.76
0, 8136130, 88, 23, 12.38, -0.62, 13.64, 9.94, -94.11
0, 8145875, -170, -1, 8.13, -0.69, 11.91, 9.81, -70.69
0, 8155854, -210, -7, 1.56, -0.50, 13.37, 9.81, -32.78
0, 8162867, -185, -13, -2.87, -0.19, 13.37, 9.11, -1.68
0, 8168580, -156, -17, -5.37, -0.19, 13.09, 9.11, 23.92
0, 8174726, -66, -23, -5.37, 0.00, 11.90, 9.77, 49.64
0, 8182050, 162, -23, -5.69, 0.06, 12.61, 9.76, 75.17
0, 8190878, 641, -28, -5.37, 0.13, 12.61, 9.39, 94.89
0, 8200254, 1002, -56, -3.94, 0.13, 13.27, 9.80, 99.47
0, 8209368, 1302, -30, -0.13, 0.13, 11.74, 9.80, 87.02
0, 8215190, 1510, -10, -0.13, 0.19, 11.38, 8.76, 71.20
0, 8221117, 1674, 11, 4.69, 0.19, 11.38, 9.50, 50.07
0, 8227007, 1757, 24, 4.69, 0.44, 12.44, 9.41, 25.52
0, 8236023, 1760, 29, 7.87, 0.25, 11.48, 9.58, -14.91
0, 8245932, 1614, 57, 11.19, -0.06, 11.73, 8.52, -56.28
0, 8255892, 1201, 61, 13.19, -0.25, 11.16, 8.52, -86.65
0, 8262898, 688, 75, 13.25, -0.37, 11.16, 10.67, -97.89
0, 8268766, 392, 50, 11.81, -0.37, 11.92, 10.67, -99.82
0, 8274742, 119, 26, 11.81, -0.62, 13.71, 9.48, -94.61
0, 8281423, -88, 7, 7.56, -0.62, 11.73, 9.58, -80.69
0, 8290845, -188, -2, 1.31, -0.50, 11.73, 9.96, -49.07
0, 8300405, -173, -7, -3.00, -0.19, 13.29, 9.45, -8.05
0, 8309564, -122, -17, -5.25, -0.19, 12.30, 9.45, 32.74
0, 8315485, -39, -19, -5.25, -0.06, 12.13, 9.50, 56.57
0, 8321415, 156, -21, -5.44, -0.06, 12.13, 9.51, 76.40
0, 8327273, 462, -24, -5.44, 0.00, 12.30, 9.40, 90.63
0, 8336035, 933, -44, -5.12, 0.13, 13.54, 9.88, 99.92
0, 8345936, 1263, -32, -3.87, 0.13, 11.57, 9.88, 91.81
0, 8355936, 1628, 2, 0.19, 0.19, 11.26, 9.10, 65.27
0, 8362937, 1787, 27, 5.19, 0.44, 11.26, 9.76, 38.44
0, 8368842, 1841, 34, 8.56, 0.44, 12.37, 9.76, 12.72
0, 8374542, 1826, 37, 8.56, 0.19, 11.51, 9.21, -12.99
0, 8381189, 1740, 58, 12.00, -0.13, 11.51, 9.43, -41.76
0, 8390363, 1441, 66, 13.88, -0.31, 11.59, 9.82, -74.84
0, 8399304, 855, 75, 13.81, -0.31, 10.84, 9.38, -94.90
0, 8409020, 407, 52, 11.75, -0.50, 10.63, 9.38, -99.30
0, 8414726, 159, 30, 11.75, -0.69, 13.77, 8.86, -92.99
0, 8420448, -33, 11, 6.94, -0.69, 13.77, 9.00, -80.49
0, 8426207, -127, 3, 6.94, -0.69, 11.46, 9.00, -62.50
0, 8433655, -132, -1, 1.44, -0.50, 13.01, 9.65, -33.19
0, 8442415, -112, -5, -2.56, -0.19, 12.18, 9.87, 5.78
0, 8451762, -30, -15, -4.81, -0.06, 11.80, 9.41, 46.22
0, 8460564, 208, -16, -4.94, -0.06, 11.80, 9.41, 76.98
0, 8466410, 497, -20, -4.94, 0.00, 12.26, 9.58, 90.98
0, 8472112, 859, -27, -4.62, 0.00, 12.26, 9.62, 98.56
0, 8478213, 1070, -48, -3.12, 0.06, 13.17, 9.53, 99.44
0, 8486810, 1382, -22, -3.12, 0.13, 10.98, 9.53, 88.02
0, 8496141, 1709, 13, 0.94, 0.37, 11.69, 8.72, 60.86
0, 8506135, 1878, 38, 5.81, 0.13, 12.28, 9.75, 20.10
0, 8513140, 1906, 42, 9.38, -0.19, 12.28, 9.41, -11.41
0, 8518847, 1850, 50, 12.69, -0.19, 11.76, 9.41, -36.39
0, 8524560, 1701, 71, 12.69, -0.37, 11.54, 9.44, -58.98
0, 8530419, 1431, 73, 14.44, -0.50, 11.54, 9.38, -78.07
0, 8539545, 786, 87, 14.50, -0.50, 11.12, 9.73, -96.58
0, 8549238, 400, 50, 12.13, -0.75, 10.82, 8.36, -98.46
0, 8559228, -6, 14, 6.44, -0.75, 14.39, 8.36, -80.94
0, 8564939, -123, 3, 6.44, -0.50, 11.39, 9.35, -63.26
0, 8570654, -135, -1, 1.37, -0.50, 11.39, 9.35, -41.36
0, 8576834, -122, -3, 1.37, -0.19, 13.72, 9.12, -14.65
0, 8584426, -96, -10, -2.56, -0.06, 12.31, 9.92, 19.50
0, 8592769, 13, -15, -4.87, 0.00, 11.84, 9.69, 54.26
0, 8602243, 350, -18, -4.94, 0.06, 12.70, 9.65, 84.25
0, 8611501, 872, -29, -4.56, 0.06, 12.70, 9.90, 98.87
0, 8617204, 1052, -48, -4.56, 0.13, 13.04, 9.90, 99.42
0, 8623160, 1259, -34, -2.75, 0.19, 13.04, 9.21, 92.98
0, 8629050, 1474, -14, 1.56, 0.19, 11.45, 8.87, 80.01
0, 8638030, 1736, 19, 6.00, 0.44, 11.60, 8.87, 49.80
0, 8646831, 1844, 34, 6.00, 0.13, 11.29, 9.68, 12.31
0, 8656384, 1821, 43, 9.38, -0.19, 11.57, 9.57, -30.37
0, 8663387, 1681, 64, 12.56, -0.19, 11.57, 8.65, -58.53
0, 8669210, 1431, 68, 14.06, -0.31, 11.53, 8.65, -77.62
0, 8674924, 1015, 70, 14.06, -0.50, 11.61, 10.71, -91.15
0, 8681105, 599, 69, 13.94, -0.69, 11.61, 9.63, -98.96
0, 8690024, 192, 33, 11.63, -0.69, 10.51, 8.80, -96.66
0, 8699796, -124, 3, 5.56, -0.69, 14.20, 9.59, -76.43
0, 8710130, -197, -5, 0.06, -0.44, 11.50, 9.59, -39.18
0, 8715833, -178, -10, 0.06, -0.13, 13.39, 9.20, -14.42
0, 8721721, -159, -13, -3.87, -0.13, 13.39, 9.82, 12.12
0, 8727655, -107, -19, -3.87, 0.00, 12.35, 9.82, 38.01
0, 8735678, 84, -22, -5.56, 0.06, 11.76, 9.57, 68.36
0, 8743406, 429, -25, -5.50, 0.13, 13.09, 9.32, 89.22
0, 8752787, 917, -46, -4.94, 0.13, 13.09, 9.93, 99.90
0, 8761922, 1211, -38, -2.87, 0.13, 13.09, 9.93, 93.28
0, 8767877, 1423, -18, -2.87, 0.25, 11.40, 10.17, 80.34
0, 8773841, 1624, 3, 1.75, 0.44, 11.40, 9.29, 61.57
0, 8780134, 1747, 22, 6.00, 0.44, 11.56, 9.53, 36.97
0, 8790005, 1786, 29, 9.31, 0.19, 11.25, 9.60, -6.76
0, 8799634, 1674, 52, 12.38, -0.13, 11.53, 8.28, -48.22
0, 8809086, 1352, 62, 13.56, -0.25, 11.69, 8.28, -80.19
0, 8814795, 965, 65, 13.56, -0.44, 11.69, 11.17, -92.79
0, 8820624, 558, 67, 13.06, -0.44, 11.80, 11.17, -99.30
0, 8826334, 283, 41, 13.06, -0.62, 10.54, 9.71, -99.03
0, 8832837, 10, 15, 10.75, -0.62, 13.57, 8.79, -90.74
0, 8841530, -181, -2, 5.00, -0.62, 13.57, 9.90, -67.72
0, 8850566, -202, -7, -0.62, -0.37, 13.27, 9.29, -32.91
0, 8860620, -180, -11, -4.31, -0.13, 13.16, 9.29, 11.90
0, 8866327, -134, -17, -4.31, 0.00, 12.21, 9.58, 36.84
0, 8872233, -7, -23, -5.69, 0.00, 12.21, 9.58, 60.07
0, 8878299, 218, -23, -5.56, 0.06, 11.75, 9.95, 79.48
0, 8887332, 753, -30, -5.56, 0.13, 13.42, 9.14, 97.05
0, 8895046, 1011, -55, -5.06, 0.19, 13.07, 9.79, 99.45
0, 8903117, 1282, -31, -2.69, 0.31, 11.10, 11.24, 89.15
0, 8912181, 1606, 0, 2.25, 0.31, 11.10, 11.24, 63.71
0, 8918085, 1744, 20, 2.25, 0.44, 12.42, 9.72, 41.12
0, 8923966, 1799, 28, 6.19, 0.44, 12.42, 9.40, 15.72
0, 8930101, 1791, 30, 9.56, 0.19, 11.39, 9.40, -11.93
0, 8938606, 1678, 54, 12.63, -0.13, 11.45, 9.72, -48.31
0, 8947173, 1389, 62, 12.63, -0.25, 11.03, 8.91, -77.81
0, 8954726, 859, 68, 13.69, -0.50, 11.63, 9.94, -94.35
0, 8962790, 430, 53, 13.00, -0.50, 11.63, 9.94, -99.96
0, 8968717, 162, 30, 13.00, -0.62, 10.48, 9.12, -95.68
0, 8974426, -36, 11, 10.38, -0.62, 10.48, 9.81, -85.09
0, 8980844, -154, 1, 4.31, -0.62, 13.77, 9.90, -66.50
0, 8990433, -167, -4, -0.75, -0.37, 13.14, 9.67, -28.96
0, 8999538, -142, -9, -4.25, -0.13, 13.28, 9.67, 11.76
0, 9008386, -52, -18, -5.37, 0.00, 12.17, 9.48, 49.51
0, 9014561, 109, -19, -5.37, 0.00, 12.17, 9.92, 71.54
0, 9020715, 397, -23, -5.19, 0.06, 12.46, 9.92, 87.98
0, 9026433, 774, -26, -5.19, 0.13, 13.44, 9.48, 97.21
0, 9032586, 1003, -50, -4.62, 0.13, 13.15, 9.59, 99.91
0, 9041150, 1304, -29, -2.31, 0.13, 13.15, 11.10, 90.95
0, 9050509, 1651, 5, 2.87, 0.25, 11.29, 11.10, 65.85
0, 9059423, 1830, 32, 6.87, 0.37, 12.40, 9.75, 31.05
0, 9065121, 1880, 36, 6.87, 0.37, 11.09, 9.27, 5.81
0, 9071030, 1858, 40, 10.44, 0.06, 11.09, 9.27, -20.76
0, 9076730, 1771, 57, 10.44, -0.25, 11.75, 9.70, -45.01
0, 9083090, 1553, 69, 13.38, -0.31, 10.88, 9.61, -68.49
0, 9092070, 986, 73, 14.44, -0.31, 11.57, 9.58, -91.70
0, 9101121, 534, 62, 13.63, -0.56, 11.57, 8.91, -100.00
0, 9110722, 123, 26, 10.13, -0.69, 10.99, 8.91, -90.76
0, 9116435, -58, 9, 10.13, -0.69, 11.47, 10.58, -77.03
0, 9122377, -134, 2, 4.06, -0.69, 11.47, 10.58, -57.34
0, 9128081, -127, -2, 4.06, -0.44, 12.83, 9.32, -34.54
0, 9134940, -113, -4, -0.25, -0.13, 13.57, 9.91, -4.25
0, 9142909, -70, -12, -3.94, -0.06, 12.20, 9.59, 31.25
0, 9151856, 100, -15, -5.00, -0.06, 12.60, 9.31, 66.12
0, 9161292, 521, -20, -4.81, 0.00, 12.60, 9.31, 91.24
0, 9167001, 857, -27, -4.81, 0.06, 13.14, 9.59, 98.67
0, 9172923, 1054, -47, -4.12, 0.06, 13.14, 9.59, 99.46
0, 9178638, 1255, -34, -4.12, 0.13, 13.10, 9.43, 93.49
0, 9185492, 1507, -10, -1.56, 0.25, 11.58, 10.34, 78.22
0, 9193142, 1735, 17, 3.44, 0.37, 12.23, 9.83, 52.46
0, 9202162, 1848, 32, 7.25, 0.37, 11.23, 9.24, 14.38
0, 9211368, 1843, 38, 10.75, 0.06, 11.23, 9.24, -26.86
0, 9217071, 1757, 54, 10.75, -0.19, 11.55, 9.62, -50.54
0, 9222926, 1529, 67, 13.38, -0.19, 11.55, 9.62, -71.36
0, 9228628, 1174, 69, 14.25, -0.31, 10.98, 9.74, -86.86
0, 9235442, 673, 79, 14.25, -0.50, 11.19, 9.77, -97.80
0, 9243340, 320, 43, 13.56, -0.69, 10.82, 8.13, -98.92
0, 9252378, -36, 11, 9.75, -0.69, 11.72, 11.02, -84.96
0, 9261512, -187, -2, 3.12, -0.62, 11.72, 11.02, -56.64
0, 9267217, -182, -7, 3.12, -0.31, 13.00, 9.19, -33.74
0, 9272984, -168, -9, -1.44, -0.31, 13.00, 9.19, -8.33
0, 9278690, -145, -14, -1.44, -0.06, 13.30, 9.85, 17.37
0, 9285554, -62, -20, -4.69, 0.00, 11.82, 9.59, 46.62
0, 9293451, 164, -21, -5.50, 0.06, 12.77, 9.41, 74.60
0, 9302632, 651, -26, -5.31, 0.06, 13.12, 9.94, 95.12
0, 9311726, 1005, -54, -4.37, 0.13, 13.12, 9.94, 99.52
0, 9317433, 1190, -40, -4.37, 0.13, 13.15, 9.63, 93.74
0, 9323140, 1387, -22, -1.44, 0.13, 13.15, 9.63, 81.75
0, 9328854, 1585, -1, -1.44, 0.31, 11.70, 9.19, 64.31
0, 9335322, 1725, 17, 3.56, 0.44, 12.31, 9.79, 39.50
0, 9343180, 1776, 24, 7.06, 0.44, 11.34, 9.21, 5.08
0, 9352637, 1708, 41, 10.38, 0.13, 11.55, 9.55, -36.80
0, 9361945, 1472, 59, 12.88, -0.13, 11.55, 9.55, -71.58
0, 9367658, 1175, 61, 12.88, -0.25, 11.10, 10.65, -87.04
0, 9373363, 711, 74, 13.38, -0.25, 11.10, 10.65, -96.72
0, 9379073, 397, 50, 12.38, -0.50, 11.83, 9.75, -100.00
0, 9386276, 65, 21, 12.38, -0.62, 14.05, 8.39, -94.69
0, 9394067, -147, 1, 9.00, -0.62, 11.86, 10.42, -77.79
0, 9402971, -209, -6, 2.31, -0.56, 13.12, 9.14, -46.94
0, 9412799, -194, -9, -2.50, -0.25, 13.12, 9.14, -4.42
0, 9418505, -161, -15, -2.50, -0.06, 13.36, 9.71, 21.22
0, 9424688, -76, -23, -5.25, -0.06, 13.36, 9.71, 47.36
0, 9430391, 80, -23, -5.69, 0.00, 12.14, 9.65, 68.26
0, 9438154, 441, -27, -5.69, 0.06, 12.75, 9.37, 89.22
0, 9445665, 857, -39, -5.50, 0.19, 13.23, 9.89, 99.17
0, 9453524, 1104, -49, -4.37, 0.19, 10.86, 10.68, 97.45
0, 9463529, 1461, -15, -1.00, 0.19, 10.86, 10.68, 77.82
0, 9469235, 1660, 7, -1.00, 0.37, 11.70, 9.44, 59.22
0, 9475194, 1766, 23, 4.06, 0.37, 11.70, 9.44, 35.64
0, 9481556, 1805, 27, 7.44, 0.37, 12.48, 9.58, 7.66
0, 9491252, 1747, 43, 10.94, 0.06, 11.14, 9.46, -35.39
0, 9500347, 1522, 61, 13.31, -0.19, 11.60, 9.69, -69.83
0, 9508046, 1088, 64, 13.31, -0.31, 11.06, 10.11, -90.06
0, 9515416, 574, 68, 13.63, -0.31, 11.06, 10.11, -99.32
0, 9521614, 283, 41, 12.50, -0.56, 11.70, 9.53, -98.66
0, 9527317, 41, 18, 12.50, -0.56, 14.12, 8.56, -91.23
0, 9533432, -117, 4, 8.75, -0.62, 11.58, 10.06, -76.59
0, 9542152, -177, -3, 2.25, -0.62, 11.58, 10.06, -46.01
0, 9551745, -162, -6, -2.37, -0.25, 13.28, 9.26, -4.43
0, 9561791, -101, -17, -5.00, -0.06, 12.10, 9.51, 39.85
0, 9567502, -12, -19, -5.00, -0.06, 12.08, 9.60, 61.95
0, 9573635, 215, -20, -5.37, 0.00, 12.08, 9.60, 81.08
0, 9579334, 537, -24, -5.12, 0.06, 12.39, 9.56, 93.32
0, 9587464, 956, -46, -5.12, 0.13, 13.64, 9.88, 100.00
0, 9596083, 1249, -34, -4.31, 0.13, 11.14, 11.47, 92.50
0, 9604133, 1549, -6, -1.00, 0.13, 11.61, 9.73, 72.91
0, 9614034, 1792, 26, 4.37, 0.37, 11.61, 9.73, 36.09
0, 9619733, 1852, 33, 7.94, 0.37, 12.37, 9.32, 11.13
0, 9625654, 1841, 35, 7.94, 0.37, 12.37, 9.32, -15.55
0, 9631825, 1759, 51, 11.44, 0.00, 11.65, 9.65, -42.16
0, 9640846, 1455, 68, 13.75, -0.25, 11.51, 9.57, -74.67
0, 9648562, 957, 71, 13.75, -0.31, 10.79, 9.61, -92.91
0, 9657366, 482, 58, 14.13, -0.62, 10.76, 9.01, -99.98
0, 9665225, 133, 27, 12.50, -0.62, 10.76, 9.01, -93.06
0, 9671168, -59, 9, 8.13, -0.69, 13.33, 9.91, -80.00
0, 9676876, -145, 1, 8.13, -0.69, 11.66, 9.82, -62.04
0, 9682869, -147, -2, 2.12, -0.62, 11.66, 9.82, -38.78
0, 9692351, -133, -5, -2.12, -0.31, 13.10, 9.76, 3.06
0, 9702208, -52, -16, -4.81, -0.06, 12.09, 9.50, 45.85
0, 9712539, 225, -18, -5.12, 0.00, 12.11, 9.44, 80.96
0, 9718242, 513, -21, -5.12, 0.00, 12.30, 9.52, 93.25
0, 9724142, 876, -29, -4.87, 0.06, 12.30, 9.52, 99.47
0, 9729848, 1073, -50, -3.81, 0.06, 13.27, 9.74, 98.80
0, 9736006, 1294, -30, -3.81, 0.06, 11.55, 10.61, 90.74
0, 9744473, 1609, 1, -0.56, 0.25, 11.44, 9.69, 68.46
0, 9754220, 1816, 29, 4.69, 0.25, 12.21, 9.32, 30.82
0, 9764481, 1865, 34, 8.31, -0.06, 12.21, 9.32, -15.01
0, 9770179, 1803, 39, 11.88, -0.31, 11.70, 9.62, -39.71
0, 9776085, 1627, 66, 11.88, -0.31, 11.71, 9.62, -62.52
0, 9782212, 1318, 70, 13.94, -0.37, 11.71, 9.74, -81.48
0, 9791963, 647, 74, 14.31, -0.62, 11.15, 10.04, -98.43
0, 9800798, 295, 42, 12.50, -0.75, 11.21, 8.95, -97.54
0, 9808887, -18, 13, 12.50, -0.62, 13.52, 10.68, -83.21
0, 9816604, -150, 1, 7.25, -0.62, 11.47, 10.68, -59.23
0, 9822309, -150, -3, 1.56, -0.31, 11.47, 9.31, -36.72
0, 9828017, -138, -6, 1.56, -0.31, 13.38, 9.31, -11.76
0, 9833759, -115, -10, -2.44, -0.13, 12.17, 9.87, 14.13
0, 9843032, -2, -17, -4.87, -0.06, 12.17, 9.58, 53.21
0, 9852607, 314, -20, -5.12, 0.00, 11.89, 9.61, 83.83
0, 9862443, 863, -31, -4.75, 0.06, 12.71, 9.88, 99.13
0, 9868148, 1042, -50, -4.75, 0.06, 13.18, 9.33, 99.21
0, 9873861, 1239, -35, -3.37, 0.13, 13.18, 9.33, 92.70
0, 9879569, 1445, -16, -3.37, 0.31, 11.03, 10.16, 80.06
0, 9886089, 1661, 7, 0.31, 0.31, 11.78, 9.79, 59.20
0, 9895047, 1797, 27, 5.19, 0.25, 11.15, 9.32, 22.64
0, 9904594, 1806, 32, 8.50, -0.06, 11.64, 9.58, -20.19
0, 9914511, 1631, 61, 11.88, -0.25, 11.64, 9.58, -60.66
0, 9920221, 1421, 65, 13.63, -0.25, 11.79, 9.29, -78.95
0, 9925936, 1004, 67, 13.63, -0.37, 11.79, 9.29, -92.01
0, 9931904, 574, 68, 13.75, -0.62, 10.95, 9.72, -99.12
0, 9939620, 197, 32, 12.06, -0.69, 10.45, 8.12, -97.67
0, 9948111, -94, 6, 12.06, -0.56, 13.67, 11.05, -82.52
0, 9956893, -206, -4, 7.06, -0.56, 12.08, 9.25, -54.25
0, 9965679, -193, -8, 0.69, -0.25, 12.08, 9.25, -17.51
0, 9971565, -168, -13, -3.56, -0.06, 13.38, 9.91, 9.00
0, 9977472, -120, -19, -3.56, -0.06, 11.88, 9.91, 34.97
0, 9983962, 12, -22, -5.50, 0.00, 11.95, 9.50, 60.57
0, 9993691, 412, -26, -5.56, 0.06, 13.14, 9.57, 88.69
0, 10003243, 900, -45, -5.19, 0.13, 13.14, 10.02, 99.88
