********************************************************************************
Obsolete PIO Core v6.1.11 is used (previous was 6.1.14)
Please remove multiple PIO Cores from a system:
https://docs.platformio.org/en/latest/core/installation/troubleshooting.html
********************************************************************************
--- Terminal on /dev/cu.usbmodem14303 | 230400 8-N-1
--- Available filters and text transformations: colorize, debug, default, direct, hexlify, log2file, nocontrol, printable, send_on_enter, time
--- More details at https://bit.ly/pio-monitor-filters
--- Quit: Ctrl+C | Menu: Ctrl+T | Help: Ctrl+T followed by Ctrl+H
start
pain
Waiting for ODrive...
pin
found ODrive
DC voltage: 24.00
Enabling closed loop control...
ODrive running!
end time:10000000
0, 33, 65536, 0, 353.06, -0.13, 12.00, 9.56, 100.00
0, 8882, 380, -11, 353.06, -0.13, 12.00, 9.52, 98.88
0, 17000, 977, -34, 353.06, -0.13, 12.01, 9.95, 95.92
0, 23750, 1185, -53, 353.06, -0.06, 13.45, 9.95, 92.09
0, 30563, 1356, -37, 354.50, 0.06, 9.99, 9.05, 87.02
0, 40133, 1606, -12, 360.81, 0.37, 11.20, 8.76, 77.98
0, 48958, 1753, 5, 364.69, 0.19, 11.20, 10.46, 67.84
0, 58670, 1846, 14, 367.25, -0.06, 10.98, 8.81, 54.96
0, 65435, 1896, 19, 367.25, -0.06, 11.94, 8.81, 45.10
0, 71316, 1920, 21, 369.44, -0.19, 11.94, 9.70, 36.04
0, 77318, 1921, 22, 370.62, -0.19, 12.12, 9.66, 26.44
0, 84262, 1914, 24, 370.62, -0.25, 11.66, 9.78, 14.99
0, 93292, 1901, 29, 371.37, -0.31, 11.99, 9.78, -0.17
0, 103235, 1861, 34, 371.69, -0.31, 11.99, 9.72, -16.85
0, 112043, 1757, 41, 371.62, -0.37, 11.67, 9.56, -31.25
0, 117837, 1642, 48, 371.44, -0.37, 11.67, 9.92, -40.36
0, 123546, 1504, 52, 371.44, -0.44, 11.70, 9.92, -48.96
0, 129481, 1325, 59, 371.00, -0.50, 11.70, 9.84, -57.43
0, 137814, 963, 78, 369.62, -0.62, 11.55, 9.67, -68.32
0, 146714, 808, 82, 367.31, -0.62, 11.41, 9.66, -78.47
0, 156046, 706, 74, 363.81, -0.75, 13.32, 10.46, -87.21
0, 163937, 605, 65, 363.81, -0.88, 11.89, 10.46, -92.93
0, 169656, 507, 57, 361.19, -0.88, 11.89, 9.70, -96.05
0, 175471, 360, 44, 360.06, -0.81, 11.89, 9.70, -98.31
0, 181753, 168, 27, 360.06, -0.69, 11.79, 9.78, -99.70
0, 190781, -5, 11, 358.81, -0.56, 12.27, 9.77, -99.72
0, 199602, -94, 4, 356.75, -0.31, 12.68, 9.80, -97.53
0, 209104, -127, 1, 354.12, -0.19, 12.68, 9.75, -92.75
0, 215954, -126, 1, 352.62, -0.19, 12.20, 9.75, -87.83
0, 221657, -126, 0, 352.62, -0.13, 12.20, 9.88, -82.84
0, 227663, -125, 0, 351.94, -0.13, 12.10, 9.75, -76.75
0, 234416, -123, 0, 351.94, -0.13, 11.98, 9.75, -68.97
0, 243713, -119, -1, 351.81, -0.13, 12.01, 9.75, -56.83
0, 253430, -113, -2, 351.81, -0.13, 12.01, 9.79, -42.65
0, 262244, -105, -3, 351.87, -0.13, 12.01, 9.78, -28.79
0, 267959, -98, -5, 351.94, -0.13, 11.96, 9.78, -19.45
0, 273867, -90, -6, 351.94, -0.06, 11.99, 9.75, -9.60
0, 279639, -79, -9, 352.00, -0.06, 11.99, 9.79, 0.12
0, 287348, -47, -12, 352.06, -0.06, 12.03, 9.83, 13.07
0, 296601, 54, -13, 352.19, -0.06, 12.05, 9.76, 28.32
0, 305423, 229, -15, 352.44, 0.00, 12.31, 9.76, 42.21
0, 314278, 475, -18, 352.44, 0.00, 12.40, 9.70, 55.22
0, 319975, 682, -22, 353.31, 0.00, 12.40, 9.72, 62.96
0, 326765, 858, -55, 355.06, 0.00, 11.96, 9.87, 71.42
0, 336136, 995, -61, 357.69, 0.06, 11.29, 10.81, 81.54
0, 344899, 1144, -56, 357.69, 0.19, 12.22, 10.81, 89.17
0, 354188, 1340, -38, 360.81, 0.50, 11.81, 10.13, 95.14
0, 363181, 1584, -14, 362.44, 0.44, 12.20, 9.63, 98.70
0, 369098, 1732, 2, 364.00, 0.44, 12.20, 9.63, 99.81
0, 374805, 1852, 14, 364.00, 0.31, 12.22, 9.66, 99.94
0, 380865, 2009, 28, 366.06, 0.06, 11.64, 9.90, 99.07
0, 390061, 2344, 60, 368.69, -0.19, 12.53, 9.86, 95.78
0, 399962, 2737, 101, 370.94, -0.37, 12.18, 9.66, 89.67
0, 409863, 2992, 124, 373.75, -0.75, 12.18, 9.66, 81.07
0, 417195, 3205, 144, 377.56, -0.75, 11.51, 9.66, 73.24
0, 422905, 3389, 163, 377.56, -1.06, 11.61, 9.95, 66.35
0, 428614, 3554, 181, 380.81, -1.06, 11.61, 9.67, 58.86
0, 436202, 3654, 194, 383.44, -1.31, 11.89, 9.67, 48.07
0, 444788, 3665, 196, 383.44, -1.56, 11.48, 9.76, 34.92
0, 454241, 3657, 197, 386.50, -1.81, 11.49, 9.75, 19.61
0, 463219, 3642, 200, 388.50, -1.87, 11.87, 9.75, 4.60
0, 469289, 3625, 201, 388.87, -1.87, 11.87, 9.75, -5.63
0, 475188, 3581, 201, 388.87, -1.87, 11.77, 9.69, -15.51
0, 481148, 3512, 202, 388.75, -1.87, 11.79, 9.83, -25.34
0, 490252, 3381, 203, 388.62, -1.94, 11.95, 9.79, -39.83
0, 499458, 3159, 205, 388.12, -1.94, 11.65, 9.73, -53.53
0, 508219, 2794, 217, 386.94, -1.94, 11.65, 9.69, -65.37
0, 516103, 2502, 227, 385.31, -2.00, 11.19, 9.69, -74.82
0, 521816, 2339, 225, 385.31, -2.00, 11.19, 9.51, -80.86
0, 527780, 2095, 206, 382.06, -2.00, 12.13, 9.51, -86.35
0, 534559, 1804, 181, 382.06, -2.12, 11.38, 10.14, -91.54
0, 542086, 1506, 154, 378.19, -2.12, 11.64, 9.86, -95.90
0, 550715, 1126, 119, 375.00, -1.81, 12.04, 9.61, -98.99
0, 560256, 659, 75, 370.94, -1.81, 12.04, 9.72, -99.98
0, 567834, 353, 46, 367.00, -1.50, 11.47, 9.72, -98.93
0, 573542, 122, 24, 367.00, -1.12, 12.56, 9.97, -97.07
0, 579755, -17, 11, 362.44, -1.12, 12.56, 9.68, -94.02
0, 587903, -93, 4, 358.06, -0.75, 11.88, 9.73, -88.47
0, 596159, -98, 3, 354.31, -0.37, 12.78, 9.73, -81.15
0, 604985, -95, 2, 354.31, -0.19, 12.49, 9.81, -71.60
0, 613275, -91, 2, 352.50, -0.13, 12.03, 9.82, -61.18
0, 619962, -86, 1, 352.19, -0.13, 12.03, 9.75, -51.89
0, 626732, -81, 0, 352.19, -0.13, 12.06, 9.75, -41.82
0, 635292, -74, -1, 352.19, -0.13, 12.00, 9.70, -28.32
0, 642372, -66, -2, 352.25, -0.13, 12.06, 9.81, -16.70
0, 650002, -54, -6, 352.31, -0.13, 12.01, 9.77, -3.92
0, 658728, -24, -9, 352.37, -0.13, 12.01, 9.75, 10.77
0, 666668, 53, -10, 352.50, -0.06, 12.05, 9.75, 23.94
0, 672372, 152, -11, 352.50, -0.06, 12.05, 9.79, 33.15
0, 678243, 285, -12, 352.69, -0.06, 12.26, 9.79, 42.31
0, 684779, 471, -14, 352.69, 0.00, 12.48, 9.76, 52.01
0, 691350, 705, -18, 353.31, 0.00, 12.64, 9.63, 61.13
0, 700177, 897, -59, 354.87, 0.00, 11.21, 9.90, 72.19
0, 709136, 1029, -58, 357.44, 0.00, 11.21, 10.30, 81.78
0, 716974, 1171, -52, 360.62, 0.13, 11.90, 10.30, 88.65
0, 722682, 1292, -42, 360.62, 0.13, 11.90, 9.21, 92.68
0, 728463, 1437, -29, 362.25, 0.44, 11.90, 9.21, 95.90
0, 736275, 1654, -6, 363.87, 0.44, 12.17, 10.19, 98.79
0, 744334, 1827, 12, 363.87, 0.31, 12.13, 9.70, 99.98
0, 752112, 2025, 30, 365.87, 0.13, 11.61, 9.64, 99.38
0, 760272, 2322, 58, 368.50, 0.13, 12.51, 9.87, 96.92
0, 768307, 2657, 91, 370.75, -0.13, 12.51, 9.87, 92.71
0, 774014, 2825, 110, 370.75, -0.37, 12.15, 9.68, 88.68
0, 780079, 2978, 123, 373.37, -0.37, 11.51, 9.52, 83.51
0, 788349, 3221, 146, 377.12, -0.69, 11.51, 10.06, 75.05
0, 797429, 3532, 177, 380.56, -1.00, 11.67, 10.06, 64.10
0, 806247, 3686, 198, 383.19, -1.25, 11.91, 9.82, 52.03
0, 813122, 3704, 199, 383.19, -1.50, 11.44, 9.51, 41.80
0, 820133, 3699, 201, 386.31, -1.50, 11.44, 9.51, 30.80
0, 825837, 3692, 201, 386.31, -1.81, 11.48, 9.89, 21.52
0, 831776, 3684, 203, 388.75, -1.87, 11.82, 9.71, 11.66
0, 839567, 3665, 205, 389.25, -1.87, 11.85, 9.73, -1.45
0, 848552, 3598, 205, 389.19, -1.94, 11.85, 9.87, -16.52
0, 857439, 3490, 206, 389.00, -1.94, 11.86, 9.87, -31.05
0, 865190, 3371, 207, 389.00, -1.94, 11.62, 9.81, -43.17
0, 871290, 3217, 208, 388.62, -1.94, 11.62, 9.81, -52.20
0, 877203, 2968, 212, 387.62, -2.00, 11.57, 9.67, -60.43
0, 883959, 2665, 230, 387.62, -2.00, 11.26, 9.71, -69.09
0, 891032, 2458, 230, 386.25, -2.00, 11.93, 9.89, -77.20
0, 899738, 2158, 212, 383.50, -2.00, 11.59, 9.61, -85.66
0, 908827, 1782, 179, 379.31, -2.12, 11.59, 9.61, -92.53
0, 916702, 1482, 152, 376.31, -2.19, 11.55, 9.72, -96.74
0, 922413, 1242, 130, 376.31, -2.19, 12.00, 9.74, -98.72
0, 928334, 936, 101, 372.56, -2.00, 12.00, 9.74, -99.82
0, 935094, 614, 70, 372.56, -1.62, 11.27, 9.83, -99.85
0, 941972, 332, 44, 368.69, -1.31, 12.16, 9.95, -98.56
0, 950136, 44, 17, 364.56, -1.31, 12.34, 9.63, -95.31
0, 959376, -79, 5, 359.75, -0.88, 12.34, 9.63, -89.46
0, 967711, -94, 3, 355.69, -0.50, 12.58, 9.87, -82.33
0, 973421, -91, 3, 355.69, -0.50, 12.57, 9.75, -76.49
0, 979340, -89, 2, 353.00, -0.25, 12.57, 9.75, -69.69
0, 987154, -86, 2, 352.25, -0.13, 12.08, 9.72, -59.67
0, 994910, -81, 1, 352.25, -0.13, 11.98, 9.78, -48.70
0, 1002460, -74, 0, 352.25, -0.13, 11.95, 9.71, -37.22
0, 1010563, -67, -1, 352.25, -0.13, 11.95, 9.81, -24.24
0, 1018601, -57, -3, 352.31, -0.13, 12.01, 9.81, -10.91
0, 1024312, -45, -6, 352.31, -0.13, 11.96, 9.73, -1.31
0, 1030193, -20, -8, 352.44, -0.06, 11.96, 9.73, 8.60
0, 1038304, 61, -9, 352.50, -0.06, 11.99, 9.75, 22.09
0, 1046029, 193, -10, 352.62, -0.06, 12.26, 9.78, 34.57
0, 1052092, 324, -11, 352.62, -0.06, 12.37, 9.88, 43.96
0, 1060403, 575, -14, 353.19, -0.06, 12.37, 9.88, 56.07
0, 1068263, 835, -28, 354.50, 0.00, 12.43, 9.68, 66.52
0, 1073965, 895, -67, 354.50, 0.00, 11.47, 9.85, 73.38
0, 1080075, 943, -56, 356.62, 0.00, 11.47, 9.85, 79.97
0, 1088364, 1085, -56, 359.69, 0.31, 11.92, 9.41, 87.56
0, 1096596, 1260, -44, 361.69, 0.44, 11.65, 9.67, 93.40
0, 1103815, 1441, -29, 361.69, 0.37, 11.81, 10.11, 97.04
0, 1111624, 1663, -6, 362.75, 0.37, 12.11, 9.81, 99.37
0, 1119487, 1836, 12, 364.62, 0.25, 12.11, 9.81, 99.98
0, 1125192, 1980, 26, 364.62, 0.25, 12.21, 9.56, 99.32
0, 1130902, 2176, 44, 367.00, 0.00, 11.68, 9.91, 97.74
0, 1138990, 2508, 75, 369.62, -0.25, 11.68, 9.91, 93.97
0, 1148584, 2830, 110, 371.94, -0.50, 12.24, 9.82, 87.23
0, 1158349, 3089, 133, 375.25, -0.88, 12.00, 9.48, 78.04
0, 1165006, 3299, 154, 375.25, -1.12, 11.30, 10.08, 70.55
0, 1172021, 3525, 177, 379.12, -1.12, 11.30, 10.08, 61.70
0, 1178093, 3640, 192, 381.87, -1.37, 11.96, 9.71, 53.33
0, 1184851, 3676, 195, 381.87, -1.69, 11.68, 9.88, 43.37
0, 1191557, 3672, 197, 384.75, -1.69, 11.37, 9.88, 32.93
0, 1200648, 3666, 198, 387.75, -1.87, 11.91, 9.77, 18.13
0, 1210576, 3650, 201, 388.94, -1.87, 11.85, 9.77, 1.50
0, 1219374, 3606, 202, 388.94, -1.94, 11.85, 9.75, -13.29
0, 1227234, 3518, 203, 388.81, -1.94, 11.91, 9.82, -26.27
0, 1234014, 3422, 204, 388.81, -1.94, 11.66, 9.84, -37.10
0, 1241343, 3270, 205, 388.62, -1.94, 11.82, 9.78, -48.26
0, 1250830, 2906, 213, 387.87, -2.00, 11.39, 9.60, -61.59
0, 1260242, 2545, 228, 386.62, -2.00, 11.39, 9.60, -73.26
0, 1267989, 2334, 226, 384.31, -2.06, 11.69, 10.06, -81.50
0, 1273693, 2105, 207, 384.31, -2.06, 12.17, 10.14, -86.69
0, 1279676, 1846, 185, 380.50, -2.19, 12.17, 10.14, -91.27
0, 1287518, 1529, 156, 377.19, -2.12, 11.32, 10.01, -95.86
0, 1295278, 1202, 126, 377.19, -1.75, 11.77, 9.85, -98.75
0, 1304588, 736, 82, 373.87, -1.44, 12.30, 9.73, -100.00
0, 1312764, 406, 51, 369.75, -1.44, 11.96, 9.90, -99.07
0, 1321092, 88, 21, 365.75, -1.06, 11.96, 9.90, -96.19
0, 1326806, -23, 10, 361.00, -0.69, 12.55, 9.79, -93.11
0, 1333531, -81, 5, 361.00, -0.69, 12.04, 9.89, -88.39
0, 1340813, -84, 4, 356.87, -0.37, 12.59, 9.74, -82.00
0, 1350858, -82, 4, 353.62, -0.19, 12.16, 9.80, -71.18
0, 1361193, -77, 3, 352.44, -0.13, 12.16, 9.80, -57.93
0, 1369809, -71, 2, 352.31, -0.13, 11.98, 9.89, -45.52
0, 1375519, -64, 1, 352.31, -0.13, 12.03, 9.79, -36.75
0, 1383897, -58, 0, 352.37, -0.13, 12.03, 9.80, -23.30
0, 1392036, -47, -3, 352.44, -0.13, 11.99, 9.75, -9.78
0, 1401469, -24, -7, 352.50, -0.13, 12.06, 9.79, 6.10
0, 1411132, 52, -8, 352.56, -0.06, 12.06, 9.79, 22.21
0, 1419110, 186, -9, 352.69, -0.06, 12.12, 9.68, 35.08
0, 1424815, 313, -10, 352.69, -0.06, 12.33, 9.68, 43.91
0, 1430524, 479, -12, 353.00, 0.00, 12.33, 9.77, 52.34
0, 1437582, 734, -17, 353.87, 0.00, 12.41, 9.73, 62.08
0, 1444588, 892, -54, 353.87, 0.00, 11.83, 9.78, 70.89
0, 1452986, 1003, -57, 355.75, 0.00, 11.46, 10.90, 80.13
0, 1461865, 1163, -54, 358.62, 0.13, 11.46, 10.90, 88.15
0, 1469710, 1332, -38, 361.44, 0.44, 11.97, 8.46, 93.61
0, 1475427, 1481, -25, 361.44, 0.44, 12.32, 9.56, 96.56
0, 1481140, 1643, -8, 362.81, 0.44, 12.21, 9.56, 98.61
0, 1489020, 1819, 11, 364.62, 0.25, 12.21, 9.73, 99.94
0, 1498034, 2057, 33, 366.87, 0.06, 12.14, 9.85, 99.30
0, 1506542, 2384, 63, 369.44, -0.19, 11.65, 9.84, 96.60
0, 1513710, 2683, 94, 369.44, -0.19, 12.30, 9.71, 92.78
0, 1521620, 2905, 116, 371.69, -0.44, 12.30, 9.71, 87.00
0, 1527337, 3064, 130, 374.94, -0.75, 11.93, 9.52, 81.86
0, 1533832, 3272, 151, 374.94, -0.75, 11.31, 10.07, 75.09
0, 1540941, 3523, 176, 378.87, -1.06, 12.02, 10.07, 66.66
0, 1550676, 3700, 199, 381.81, -1.31, 11.57, 9.80, 53.58
0, 1560516, 3722, 201, 384.75, -1.62, 11.57, 9.62, 38.91
0, 1567341, 3715, 203, 387.94, -1.87, 11.39, 9.91, 28.08
0, 1574242, 3707, 204, 387.94, -1.87, 11.65, 9.91, 16.75
0, 1580530, 3695, 206, 389.31, -1.87, 11.65, 9.75, 6.22
0, 1588663, 3659, 207, 389.44, -1.94, 11.83, 9.71, -7.47
0, 1597845, 3567, 208, 389.31, -1.94, 11.85, 9.74, -22.76
0, 1607260, 3439, 209, 389.12, -1.94, 11.75, 9.86, -37.86
0, 1614042, 3317, 210, 389.12, -1.94, 11.80, 9.69, -48.17
0, 1621897, 3033, 216, 388.50, -2.00, 11.80, 9.69, -59.32
0, 1627601, 2778, 226, 387.31, -2.06, 11.62, 9.75, -66.77
0, 1634204, 2545, 233, 387.31, -2.06, 11.24, 9.75, -74.63
0, 1641210, 2349, 230, 385.69, -2.06, 12.34, 9.56, -81.95
0, 1650351, 1967, 196, 382.31, -2.12, 11.43, 10.05, -89.77
0, 1660117, 1580, 161, 378.44, -2.19, 11.43, 9.86, -95.78
0, 1666788, 1325, 138, 378.44, -1.94, 11.61, 9.66, -98.40
0, 1673760, 973, 105, 375.44, -1.94, 12.16, 9.66, -99.81
0, 1679476, 693, 78, 371.44, -1.56, 12.16, 9.85, -99.94
0, 1687399, 368, 48, 367.62, -1.56, 11.47, 9.98, -98.59
0, 1694421, 99, 22, 367.62, -1.25, 12.60, 9.72, -95.92
0, 1704264, -61, 6, 363.19, -0.81, 11.92, 9.75, -89.93
0, 1713143, -86, 4, 358.62, -0.50, 12.65, 9.75, -82.41
0, 1721163, -83, 3, 354.81, -0.19, 12.65, 9.75, -74.02
0, 1726882, -81, 3, 352.75, -0.19, 12.48, 9.84, -67.21
0, 1732590, -77, 2, 352.75, -0.13, 11.94, 9.84, -59.78
0, 1740240, -73, 2, 352.31, -0.13, 11.94, 9.79, -48.98
0, 1749190, -67, 1, 352.37, -0.13, 12.09, 9.82, -35.32
0, 1758571, -58, -1, 352.37, -0.13, 12.04, 9.77, -20.14
0, 1765158, -46, -3, 352.37, -0.13, 12.03, 9.77, -9.17
0, 1772987, -27, -7, 352.44, -0.06, 11.95, 9.77, 4.01
0, 1778968, 6, -8, 352.56, -0.06, 11.95, 9.85, 14.05
0, 1786621, 108, -9, 352.62, -0.06, 12.06, 9.80, 26.67
0, 1792568, 221, -10, 352.62, 0.00, 12.41, 9.80, 36.18
0, 1801913, 451, -13, 352.87, 0.00, 12.36, 9.73, 50.36
0, 1811837, 773, -22, 353.62, 0.00, 12.36, 9.63, 64.04
0, 1818512, 893, -59, 355.25, 0.00, 11.80, 9.84, 72.26
0, 1825526, 949, -56, 355.25, 0.00, 11.17, 9.84, 79.91
0, 1831229, 1045, -55, 357.69, 0.06, 11.69, 11.05, 85.31
0, 1839083, 1210, -49, 360.69, 0.44, 11.69, 8.12, 91.45
0, 1848049, 1427, -30, 362.06, 0.44, 12.46, 10.47, 96.50
0, 1857935, 1698, -2, 363.50, 0.37, 12.14, 9.61, 99.51
0, 1864706, 1842, 13, 363.50, 0.37, 12.17, 9.80, 99.99
0, 1872955, 2072, 34, 365.62, 0.19, 11.54, 9.80, 98.81
0, 1879024, 2299, 55, 368.19, -0.06, 11.54, 9.83, 96.72
0, 1886713, 2623, 87, 370.56, -0.06, 12.50, 9.87, 92.63
0, 1892860, 2813, 109, 370.56, -0.25, 12.12, 9.87, 88.24
0, 1902357, 3063, 130, 373.19, -0.50, 11.38, 9.54, 79.61
0, 1912441, 3397, 163, 376.94, -0.88, 11.38, 10.06, 68.22
0, 1919663, 3614, 187, 380.37, -1.12, 11.78, 9.75, 58.84
0, 1926316, 3687, 197, 380.37, -1.12, 11.91, 9.75, 49.42
0, 1932389, 3694, 199, 383.06, -1.44, 11.30, 9.59, 40.28
0, 1940152, 3690, 200, 386.25, -1.69, 11.30, 9.85, 27.99
0, 1949327, 3681, 202, 388.75, -1.81, 11.52, 9.73, 12.87
0, 1959131, 3657, 204, 389.19, -1.87, 11.79, 9.75, -3.62
0, 1965905, 3612, 205, 389.19, -1.87, 11.81, 9.75, -14.98
0, 1973926, 3505, 206, 389.12, -1.87, 11.92, 9.75, -28.17
0, 1979638, 3424, 206, 389.00, -1.87, 11.92, 9.82, -37.26
0, 1987478, 3258, 209, 388.69, -1.87, 12.09, 9.84, -49.17
0, 1994021, 3015, 214, 388.69, -1.94, 11.59, 9.84, -58.45
0, 2002920, 2635, 229, 387.56, -1.94, 11.22, 9.72, -69.92
0, 2012704, 2374, 228, 386.06, -2.00, 11.22, 9.84, -80.71
0, 2019559, 2119, 209, 383.25, -2.06, 12.01, 9.45, -86.98
0, 2026591, 1817, 182, 383.25, -2.06, 11.48, 9.45, -92.20
0, 2032517, 1577, 160, 379.19, -2.12, 11.38, 10.11, -95.60
0, 2040285, 1258, 131, 376.37, -2.00, 11.38, 9.74, -98.61
0, 2049623, 786, 87, 372.69, -1.69, 12.11, 9.85, -100.00
0, 2059592, 373, 48, 368.69, -1.37, 11.35, 9.67, -98.74
0, 2066385, 110, 23, 368.69, -1.37, 12.49, 9.65, -96.29
0, 2074465, -38, 9, 364.44, -0.94, 12.04, 9.65, -91.73
0, 2080632, -79, 5, 359.75, -0.56, 12.04, 9.89, -87.11
0, 2088781, -78, 4, 355.81, -0.56, 12.87, 9.77, -79.56
0, 2095983, -75, 4, 355.81, -0.25, 12.58, 9.83, -71.64
0, 2105537, -72, 3, 353.12, -0.13, 11.99, 9.82, -59.53
0, 2114483, -66, 2, 352.44, -0.13, 12.07, 9.74, -46.78
0, 2124478, -58, 1, 352.44, -0.06, 11.97, 9.74, -31.30
0, 2132204, -48, -1, 352.44, -0.06, 11.99, 9.72, -18.70
0, 2141467, -35, -4, 352.50, -0.06, 12.03, 9.84, -3.20
0, 2150262, -1, -7, 352.62, -0.06, 12.03, 9.83, 11.60
0, 2160021, 111, -9, 352.69, 0.00, 12.11, 9.76, 27.71
0, 2166808, 238, -10, 352.69, 0.00, 12.25, 9.80, 38.50
0, 2174810, 441, -12, 352.87, 0.00, 12.34, 9.80, 50.56
0, 2180702, 639, -14, 353.31, 0.00, 12.34, 9.68, 58.86
0, 2187928, 873, -32, 354.56, 0.00, 12.61, 9.68, 68.25
0, 2194696, 934, -61, 354.56, 0.06, 11.32, 9.84, 76.13
0, 2203496, 1075, -55, 356.69, 0.06, 11.91, 9.86, 84.87
0, 2213060, 1272, -43, 359.75, 0.25, 11.91, 9.43, 92.26
0, 2219924, 1441, -28, 361.94, 0.19, 11.98, 10.23, 96.10
0, 2226726, 1635, -9, 363.31, 0.19, 12.05, 10.23, 98.63
0, 2232686, 1773, 6, 363.31, 0.06, 12.09, 9.77, 99.79
0, 2240380, 1950, 23, 365.25, -0.19, 12.09, 9.60, 99.79
0, 2248423, 2224, 48, 367.69, -0.37, 11.68, 9.90, 98.01
0, 2257587, 2610, 85, 370.19, -0.37, 12.52, 9.83, 93.78
0, 2265464, 2856, 112, 370.19, -0.69, 12.09, 9.83, 88.36
0, 2272639, 3052, 129, 372.62, -1.00, 12.09, 9.64, 82.06
0, 2279019, 3257, 150, 376.19, -1.00, 11.46, 9.99, 75.46
0, 2286382, 3518, 175, 376.19, -1.31, 11.74, 9.99, 66.75
0, 2292684, 3663, 194, 380.00, -1.56, 11.84, 9.71, 58.48
0, 2300755, 3714, 199, 382.75, -1.87, 11.31, 9.80, 46.94
0, 2310381, 3712, 201, 385.94, -2.06, 11.31, 9.88, 32.06
0, 2317156, 3703, 203, 388.69, -2.06, 11.56, 9.82, 21.06
0, 2325368, 3691, 205, 388.69, -2.06, 11.78, 9.82, 7.37
0, 2331076, 3675, 206, 389.37, -2.12, 11.78, 9.71, -2.25
0, 2339069, 3605, 206, 389.37, -2.12, 11.84, 9.74, -15.66
0, 2346984, 3508, 207, 389.25, -2.12, 11.78, 9.80, -28.65
0, 2355756, 3378, 209, 389.25, -2.12, 11.63, 9.80, -42.46
0, 2364467, 3147, 213, 388.94, -2.19, 11.56, 9.76, -55.25
0, 2371320, 2855, 224, 388.06, -2.19, 11.56, 9.65, -64.48
0, 2378532, 2575, 231, 386.75, -2.19, 11.32, 9.88, -73.28
0, 2385372, 2391, 230, 386.75, -2.25, 11.90, 9.88, -80.62
0, 2392105, 2131, 210, 384.69, -2.31, 11.97, 10.14, -86.80
0, 2400961, 1752, 176, 380.87, -2.31, 11.37, 10.03, -93.22
0, 2410468, 1390, 143, 377.50, -2.00, 11.37, 9.68, -97.80
0, 2417379, 1061, 113, 377.50, -2.00, 11.97, 9.68, -99.56
0, 2425676, 658, 75, 374.12, -1.69, 11.29, 9.80, -99.89
0, 2431388, 433, 54, 370.06, -1.31, 12.03, 9.74, -98.99
0, 2439405, 121, 24, 366.19, -1.31, 12.03, 9.91, -96.17
0, 2447147, -27, 10, 361.50, -0.94, 12.49, 9.88, -91.79
0, 2455811, -78, 5, 361.50, -0.56, 12.24, 9.88, -85.03
0, 2464496, -74, 4, 357.31, -0.37, 12.56, 9.75, -76.45
0, 2471352, -71, 4, 353.94, -0.31, 12.56, 9.84, -68.50
0, 2478238, -68, 3, 352.62, -0.31, 12.13, 9.84, -59.61
0, 2485253, -63, 3, 352.62, -0.31, 12.00, 9.76, -49.72
0, 2492099, -58, 2, 352.44, -0.31, 11.98, 9.72, -39.40
0, 2501028, -51, 1, 352.50, -0.25, 12.03, 9.76, -25.17
0, 2509921, -39, -2, 352.56, -0.25, 12.03, 9.82, -10.43
0, 2517442, -22, -5, 352.62, -0.25, 11.94, 9.82, 2.22
0, 2525165, 25, -7, 352.62, -0.25, 11.98, 9.76, 15.18
0, 2530979, 99, -8, 352.69, -0.25, 11.98, 9.76, 24.78
0, 2538723, 247, -9, 352.81, -0.19, 12.28, 9.76, 37.18
0, 2545717, 412, -10, 352.81, -0.19, 12.47, 9.75, 47.84
0, 2553258, 657, -13, 353.12, -0.19, 12.42, 9.85, 58.59
0, 2561813, 892, -43, 354.25, -0.19, 12.42, 9.88, 69.62
0, 2568813, 919, -64, 356.12, -0.19, 11.49, 10.28, 77.59
0, 2576699, 1023, -55, 358.94, -0.06, 11.82, 10.28, 85.27
0, 2582982, 1153, -55, 358.94, 0.31, 11.28, 8.97, 90.31
0, 2590611, 1333, -38, 361.56, 0.31, 11.28, 10.02, 95.07
0, 2598879, 1565, -16, 362.31, 0.31, 11.84, 9.71, 98.46
0, 2608844, 1807, 10, 364.00, 0.19, 12.06, 9.89, 100.00
0, 2616694, 2005, 28, 364.00, 0.00, 12.16, 9.89, 99.23
0, 2624627, 2292, 54, 366.31, -0.25, 11.67, 9.59, 96.69
0, 2630562, 2544, 78, 369.00, -0.25, 11.67, 9.76, 93.65
0, 2638549, 2811, 108, 371.25, -0.44, 12.23, 9.76, 88.10
0, 2645308, 2983, 123, 371.25, -0.75, 12.01, 9.70, 82.15
0, 2654464, 3258, 150, 374.25, -1.12, 11.33, 9.64, 72.41
0, 2662205, 3523, 177, 378.19, -1.37, 11.33, 9.70, 62.82
0, 2669215, 3661, 195, 381.25, -1.37, 12.04, 9.83, 53.21
0, 2677053, 3690, 197, 383.94, -1.62, 11.65, 9.83, 41.59
0, 2682991, 3685, 199, 383.94, -1.87, 11.32, 9.59, 32.30
0, 2690599, 3680, 200, 387.19, -1.87, 11.32, 9.84, 19.93
0, 2698750, 3667, 202, 389.00, -2.00, 11.91, 9.71, 6.32
0, 2708718, 3630, 204, 389.19, -2.06, 11.78, 9.71, -10.46
0, 2716368, 3557, 204, 389.19, -2.06, 11.83, 9.74, -23.16
0, 2723262, 3458, 205, 389.06, -2.06, 11.81, 9.87, -34.28
0, 2730376, 3327, 207, 388.94, -2.06, 11.81, 9.78, -45.27
0, 2738221, 3073, 211, 388.44, -2.12, 11.81, 9.78, -56.64
0, 2744990, 2780, 223, 388.44, -2.12, 11.49, 9.68, -65.65
0, 2751756, 2535, 229, 387.25, -2.19, 11.60, 9.48, -73.81
0, 2761190, 2257, 222, 385.44, -2.19, 11.60, 9.25, -83.56
0, 2768801, 1940, 193, 381.62, -2.25, 12.15, 9.25, -89.90
0, 2777121, 1611, 163, 377.87, -2.31, 11.45, 9.90, -95.14
0, 2783265, 1381, 143, 377.87, -2.12, 11.76, 9.63, -97.81
0, 2790890, 1008, 108, 374.87, -2.12, 11.76, 9.85, -99.67
0, 2799046, 622, 71, 371.12, -1.81, 12.22, 9.91, -99.84
0, 2808724, 238, 35, 367.31, -1.44, 11.82, 9.91, -97.60
0, 2816868, 12, 13, 367.31, -1.06, 12.66, 9.80, -93.70
0, 2824086, -66, 6, 362.87, -0.69, 11.87, 9.69, -88.76
0, 2830962, -74, 5, 358.37, -0.69, 11.87, 9.90, -82.84
0, 2839137, -72, 4, 354.69, -0.37, 12.59, 9.90, -74.36
0, 2847164, -68, 4, 354.25, -0.31, 12.29, 9.78, -64.66
0, 2855785, -64, 3, 354.25, -0.25, 11.98, 9.71, -52.94
0, 2863697, -57, 2, 354.31, -0.25, 11.94, 9.85, -41.19
0, 2870745, -51, 1, 354.37, -0.25, 11.99, 9.76, -30.10
0, 2879109, -42, 0, 354.44, -0.25, 11.99, 9.76, -16.40
0, 2886731, -29, -4, 354.50, -0.25, 11.96, 9.73, -3.62
0, 2893009, -7, -6, 354.50, -0.25, 11.98, 9.79, 6.95
0, 2900522, 60, -7, 354.62, -0.25, 11.98, 9.76, 19.50
0, 2909334, 205, -8, 354.81, -0.19, 12.23, 9.76, 33.80
0, 2917053, 369, -10, 354.81, -0.19, 12.37, 9.73, 45.72
0, 2923801, 571, -12, 355.62, -0.13, 12.28, 9.72, 55.52
0, 2930941, 817, -23, 357.19, -0.13, 12.28, 9.78, 65.10
0, 2939075, 928, -63, 359.56, -0.13, 11.94, 10.91, 74.87
0, 2948451, 1073, -55, 362.69, -0.13, 11.32, 10.91, 84.37
0, 2957352, 1257, -44, 364.19, 0.19, 11.77, 8.05, 91.44
0, 2964136, 1421, -30, 364.19, 0.31, 12.48, 10.38, 95.47
0, 2970927, 1614, -11, 365.81, 0.31, 12.29, 9.37, 98.24
0, 2979116, 1802, 9, 367.87, 0.25, 12.29, 9.37, 99.88
0, 2986813, 1990, 26, 370.50, 0.06, 12.14, 9.87, 99.68
0, 2992811, 2197, 46, 370.50, -0.19, 11.61, 9.78, 98.37
0, 3000456, 2513, 75, 372.81, -0.19, 12.30, 9.83, 95.24
0, 3009489, 2825, 109, 375.56, -0.37, 12.30, 9.83, 89.51
0, 3017749, 3051, 129, 379.44, -0.69, 11.98, 9.53, 82.46
0, 3024563, 3274, 152, 379.44, -1.00, 11.30, 10.08, 75.43
0, 3031457, 3523, 176, 382.75, -1.00, 12.03, 9.77, 67.31
0, 3039322, 3687, 197, 385.62, -1.31, 12.03, 9.77, 56.94
0, 3047072, 3724, 200, 388.94, -1.56, 11.52, 9.89, 45.75
0, 3054017, 3720, 202, 388.94, -1.87, 11.35, 9.93, 35.05
0, 3061542, 3713, 203, 391.00, -1.87, 11.65, 9.71, 22.92
0, 3069465, 3702, 205, 391.31, -2.00, 11.65, 9.71, 9.75
0, 3077525, 3677, 207, 391.25, -2.06, 11.80, 9.73, -3.82
0, 3084120, 3624, 207, 391.25, -2.06, 11.82, 9.77, -14.88
0, 3091049, 3530, 208, 391.12, -2.06, 11.82, 9.83, -26.30
0, 3099129, 3410, 209, 390.69, -2.06, 11.75, 9.83, -39.16
0, 3108288, 3203, 213, 389.56, -2.06, 11.84, 9.80, -52.84
0, 3114956, 2935, 222, 389.56, -2.12, 11.65, 9.65, -62.03
0, 3121664, 2653, 232, 388.06, -2.12, 11.65, 9.64, -70.48
0, 3129522, 2436, 232, 385.44, -2.19, 11.34, 9.64, -79.23
0, 3136279, 2206, 217, 385.44, -2.25, 11.86, 8.85, -85.65
0, 3142576, 1927, 192, 381.50, -2.31, 11.47, 10.28, -90.64
0, 3150613, 1598, 162, 378.56, -2.31, 11.38, 9.65, -95.51
0, 3160100, 1206, 127, 374.81, -2.25, 11.38, 9.65, -99.01
0, 3167824, 818, 90, 370.81, -1.94, 12.18, 9.84, -99.99
0, 3174480, 530, 62, 370.81, -1.56, 11.45, 9.67, -99.48
0, 3181250, 258, 37, 366.69, -1.56, 12.52, 9.67, -97.68
0, 3189285, 25, 14, 361.94, -1.19, 12.52, 9.98, -93.90
0, 3196912, -61, 6, 358.00, -0.81, 11.99, 9.75, -88.71
0, 3203950, -71, 5, 358.00, -0.50, 12.79, 9.83, -82.63
0, 3211848, -69, 5, 355.19, -0.50, 12.48, 9.76, -74.42
0, 3219730, -66, 4, 354.31, -0.31, 12.48, 9.76, -64.91
0, 3227452, -62, 3, 354.31, -0.25, 11.96, 9.80, -54.49
0, 3234203, -56, 2, 354.31, -0.25, 12.07, 9.79, -44.62
0, 3242095, -50, 1, 354.37, -0.25, 11.98, 9.76, -32.35
0, 3250970, -41, 0, 354.44, -0.25, 11.97, 9.82, -17.89
0, 3260667, -26, -4, 354.50, -0.19, 11.97, 9.82, -1.64
0, 3268401, 6, -6, 354.56, -0.19, 11.93, 9.80, 11.37
0, 3275073, 78, -7, 354.56, -0.19, 12.15, 9.69, 22.45
0, 3281843, 200, -8, 354.75, -0.19, 12.34, 9.82, 33.40
0, 3289501, 370, -10, 355.19, -0.13, 12.34, 9.82, 45.25
0, 3297330, 606, -13, 356.56, -0.13, 12.42, 9.64, 56.60
0, 3303690, 817, -22, 356.56, -0.13, 11.97, 9.79, 65.09
0, 3311470, 920, -66, 358.69, -0.13, 11.10, 9.86, 74.46
0, 3319587, 989, -55, 361.69, -0.13, 11.10, 9.86, 82.87
0, 3327095, 1134, -55, 363.75, 0.00, 11.71, 11.27, 89.27
0, 3333854, 1285, -42, 363.75, 0.00, 12.40, 10.68, 93.81
0, 3341195, 1477, -25, 364.62, 0.37, 12.08, 10.68, 97.37
0, 3349666, 1708, -1, 366.56, 0.31, 12.08, 9.48, 99.62
0, 3359484, 1925, 20, 369.00, 0.25, 12.12, 9.54, 99.69
0, 3366555, 2150, 41, 369.00, 0.00, 11.65, 9.89, 98.05
0, 3373177, 2408, 65, 371.56, 0.00, 12.51, 9.84, 95.26
0, 3381339, 2724, 98, 373.87, -0.25, 12.11, 9.84, 90.18
0, 3389501, 2931, 118, 377.12, -0.44, 12.11, 9.65, 83.40
0, 3397375, 3146, 138, 380.94, -0.75, 11.51, 9.54, 75.37
0, 3405136, 3398, 164, 380.94, -1.12, 11.65, 9.74, 66.15
0, 3413066, 3613, 188, 383.69, -1.12, 11.93, 9.76, 55.57
0, 3420899, 3676, 196, 386.44, -1.37, 11.93, 9.76, 44.14
0, 3428660, 3674, 197, 389.44, -1.62, 11.50, 9.67, 32.06
0, 3435418, 3668, 198, 389.44, -1.75, 11.43, 9.76, 21.08
0, 3442138, 3659, 200, 390.81, -1.75, 11.84, 9.76, 9.90
0, 3450256, 3639, 202, 390.81, -1.75, 11.84, 9.76, -3.77
0, 3459934, 3565, 203, 390.75, -1.81, 11.85, 9.72, -19.95
0, 3466607, 3486, 204, 390.75, -1.81, 11.89, 9.78, -30.82
0, 3473422, 3374, 205, 390.50, -1.81, 11.91, 9.80, -41.52
0, 3481721, 3149, 208, 389.81, -1.81, 11.50, 9.80, -53.80
0, 3489821, 2808, 221, 388.50, -1.87, 11.50, 9.71, -64.77
0, 3497635, 2524, 228, 386.31, -1.94, 11.26, 9.69, -74.22
0, 3504648, 2333, 226, 386.31, -2.00, 12.10, 9.41, -81.60
0, 3512530, 2012, 199, 382.44, -2.00, 11.51, 10.14, -88.54
0, 3520676, 1688, 170, 379.12, -2.00, 11.51, 10.14, -94.07
0, 3528243, 1406, 145, 375.87, -1.81, 11.49, 9.75, -97.62
0, 3535477, 1063, 113, 375.87, -1.50, 12.01, 9.69, -99.53
0, 3542416, 722, 81, 371.87, -1.50, 11.27, 9.69, -99.98
0, 3550601, 393, 50, 368.06, -1.12, 11.27, 9.72, -98.75
0, 3560302, 54, 17, 363.37, -0.75, 12.33, 9.99, -94.87
0, 3567258, -49, 7, 359.19, -0.37, 12.24, 9.62, -90.51
0, 3573852, -78, 5, 359.19, -0.37, 12.66, 9.79, -85.24
0, 3582254, -75, 4, 355.81, -0.13, 12.64, 9.79, -77.01
0, 3590333, -72, 4, 354.44, -0.06, 12.64, 9.84, -67.63
0, 3598156, -68, 3, 354.25, 0.00, 11.99, 9.76, -57.36
0, 3606314, -62, 2, 354.25, 0.00, 12.01, 9.75, -45.59
0, 3613965, -55, 1, 354.31, 0.00, 11.96, 9.79, -33.77
0, 3622156, -47, 0, 354.37, 0.00, 12.03, 9.79, -20.49
0, 3630279, -35, -3, 354.44, 0.00, 12.03, 9.79, -6.94
0, 3638090, -13, -6, 354.50, 0.06, 11.95, 9.76, 6.22
0, 3645080, 41, -7, 354.50, 0.06, 12.07, 9.77, 17.91
0, 3651861, 146, -9, 354.62, 0.06, 12.33, 9.77, 29.01
0, 3661075, 337, -10, 354.94, 0.13, 12.33, 9.78, 43.46
0, 3667735, 514, -12, 356.00, 0.13, 12.47, 9.86, 53.28
0, 3674370, 745, -17, 356.00, 0.13, 12.49, 9.65, 62.39
0, 3682333, 905, -62, 357.87, 0.13, 11.40, 9.65, 72.29
0, 3690171, 1006, -55, 360.56, 0.19, 11.40, 9.96, 80.76
0, 3698036, 1154, -54, 363.31, 0.50, 12.02, 9.92, 87.85
0, 3704801, 1302, -41, 363.31, 0.50, 11.91, 9.62, 92.71
0, 3713221, 1525, -20, 364.62, 0.56, 12.04, 9.62, 97.08
0, 3721403, 1735, 2, 366.44, 0.50, 12.04, 9.83, 99.46
0, 3728594, 1888, 17, 368.75, 0.25, 12.04, 9.75, 99.99
0, 3736839, 2137, 40, 371.37, 0.25, 11.74, 9.61, 98.79
0, 3743531, 2398, 64, 371.37, 0.06, 12.11, 9.61, 96.41
0, 3751423, 2716, 97, 373.56, -0.19, 12.10, 9.93, 92.04
0, 3761316, 2982, 122, 376.75, -0.44, 12.10, 9.59, 84.27
0, 3767984, 3187, 142, 380.62, -0.81, 11.49, 9.74, 77.70
0, 3774837, 3430, 167, 380.62, -0.81, 11.71, 9.92, 69.93
0, 3782725, 3649, 191, 383.56, -1.06, 11.90, 9.92, 59.83
0, 3790505, 3715, 199, 386.56, -1.37, 11.90, 9.83, 48.84
0, 3798320, 3717, 201, 389.75, -1.62, 11.32, 9.65, 36.96
0, 3805093, 3711, 202, 389.75, -1.62, 11.52, 9.76, 26.13
0, 3813601, 3701, 204, 391.19, -1.75, 11.82, 9.76, 12.07
0, 3821754, 3680, 206, 391.25, -1.81, 11.82, 9.72, -1.64
0, 3829330, 3623, 206, 391.19, -1.81, 11.89, 9.72, -14.36
0, 3837996, 3511, 208, 391.00, -1.81, 11.85, 9.91, -28.62
0, 3844923, 3413, 209, 391.00, -1.81, 11.61, 9.91, -39.58
0, 3852095, 3256, 211, 390.37, -1.81, 11.56, 9.81, -50.37
0, 3861915, 2863, 223, 389.12, -1.87, 11.56, 9.64, -63.92
0, 3868575, 2615, 231, 387.44, -1.94, 11.34, 9.51, -72.13
0, 3875337, 2441, 231, 387.44, -1.94, 11.88, 9.98, -79.54
0, 3883530, 2141, 211, 384.06, -2.00, 11.98, 9.98, -87.12
0, 3890930, 1822, 182, 380.44, -2.06, 11.98, 10.06, -92.55
0, 3898993, 1500, 153, 377.56, -1.94, 11.31, 9.62, -96.83
0, 3905875, 1204, 126, 377.56, -1.94, 11.84, 9.85, -99.07
0, 3914348, 774, 85, 373.50, -1.62, 11.37, 9.85, -100.00
0, 3922544, 433, 53, 369.56, -1.31, 11.37, 9.77, -98.96
0, 3930240, 131, 25, 365.12, -0.88, 11.96, 9.85, -96.26
0, 3938542, -30, 9, 360.56, -0.88, 12.58, 9.67, -91.54
0, 3945574, -75, 5, 360.56, -0.50, 12.16, 9.67, -86.14
0, 3952853, -73, 4, 356.75, -0.19, 12.61, 9.89, -79.28
0, 3962534, -70, 4, 354.69, 0.00, 12.61, 9.82, -68.32
0, 3970143, -66, 3, 354.31, 0.00, 12.12, 9.75, -58.42
0, 3977093, -60, 2, 354.31, 0.00, 12.00, 9.87, -48.54
0, 3985955, -54, 2, 354.31, 0.00, 12.00, 9.72, -34.98
0, 3994718, -46, 0, 354.37, 0.00, 12.02, 9.81, -20.82
0, 4004753, -32, -3, 354.44, 0.06, 12.04, 9.73, -4.05
0, 4013681, 1, -7, 354.50, 0.06, 12.07, 9.73, 10.97
0, 4021100, 78, -8, 354.62, 0.06, 12.07, 9.71, 23.29
0, 4026870, 180, -9, 354.62, 0.06, 12.14, 9.75, 32.62
0, 4034839, 359, -10, 354.81, 0.13, 12.49, 9.75, 44.98
0, 4041603, 556, -12, 355.50, 0.13, 12.52, 9.86, 54.85
0, 4049663, 829, -24, 357.12, 0.13, 12.52, 9.77, 65.67
0, 4057262, 918, -66, 359.56, 0.13, 11.72, 9.86, 74.77
0, 4065015, 920, -66, 359.56, 0.13, 11.77, 9.86, 82.78
0, 4073367, 923, -66, 362.69, 0.37, 11.12, 8.78, 89.84
0, 4080761, 925, -66, 363.81, 0.69, 11.12, 9.74, 94.60
0, 4089158, 928, -66, 363.87, 0.69, 11.84, 9.71, 98.23
0, 4098993, 952, -63, 363.87, 0.69, 12.13, 9.85, 99.97
0, 4108863, 1196, -51, 363.94, 0.69, 12.16, 9.54, 98.97
0, 4115638, 1391, -34, 363.94, 0.69, 12.62, 10.12, 96.70
0, 4123754, 1638, -9, 364.31, 0.62, 11.93, 10.12, 92.32
0, 4131282, 1802, 9, 366.56, 0.50, 11.93, 9.73, 86.71
0, 4139327, 1961, 25, 369.44, 0.50, 12.00, 9.71, 79.18
0, 4146644, 2143, 42, 369.44, 0.25, 11.50, 9.71, 71.07
0, 4153430, 2312, 58, 372.00, 0.00, 12.19, 9.85, 62.57
0, 4163234, 2500, 77, 373.94, -0.19, 12.19, 9.79, 48.89
0, 4170142, 2573, 85, 376.37, -0.37, 11.86, 9.76, 38.42
0, 4176854, 2584, 86, 376.37, -0.37, 11.69, 9.72, 27.75
0, 4186384, 2575, 90, 378.56, -0.56, 11.64, 9.72, 12.03
0, 4192754, 2560, 93, 379.87, -0.69, 12.01, 9.77, 1.32
0, 4200659, 2529, 98, 380.12, -0.75, 12.01, 9.72, -11.98
0, 4208518, 2461, 100, 380.00, -0.75, 11.80, 9.96, -24.98
0, 4215797, 2343, 104, 380.00, -0.75, 11.87, 9.96, -36.65
0, 4223563, 2141, 108, 379.69, -0.81, 11.87, 9.84, -48.48
0, 4230471, 1918, 116, 378.87, -0.88, 11.60, 9.75, -58.31
0, 4239208, 1585, 136, 377.12, -0.88, 11.45, 9.58, -69.60
0, 4246494, 1468, 138, 377.12, -0.94, 11.83, 9.58, -77.87
0, 4252873, 1375, 136, 374.19, -1.06, 12.65, 9.60, -84.16
0, 4261868, 1144, 116, 370.75, -1.19, 12.65, 10.31, -91.35
0, 4268663, 959, 99, 369.00, -1.19, 11.73, 9.84, -95.40
0, 4276062, 755, 81, 369.00, -1.19, 11.37, 9.85, -98.39
0, 4284839, 535, 61, 367.00, -1.06, 12.14, 9.85, -99.95
0, 4291609, 333, 43, 364.31, -0.81, 12.13, 9.80, -99.66
0, 4299735, 82, 20, 361.69, -0.81, 12.13, 9.79, -97.61
0, 4307472, -34, 9, 359.12, -0.62, 11.44, 9.84, -93.95
0, 4315523, -73, 5, 359.12, -0.37, 12.78, 9.84, -88.45
0, 4323472, -71, 5, 356.12, -0.13, 12.78, 9.77, -81.42
0, 4330378, -69, 4, 354.62, 0.00, 12.49, 9.80, -74.13
0, 4339075, -65, 4, 354.31, 0.00, 12.03, 9.76, -63.53
0, 4346111, -60, 3, 354.31, 0.00, 12.03, 9.76, -53.95
0, 4352678, -55, 2, 354.31, 0.00, 11.95, 9.75, -44.32
0, 4361476, -49, 1, 354.37, 0.00, 11.95, 9.79, -30.59
0, 4367996, -40, 0, 354.44, 0.00, 12.02, 9.77, -19.96
0, 4375840, -30, -2, 354.44, 0.06, 11.97, 9.77, -6.87
0, 4383409, -9, -5, 354.50, 0.06, 12.02, 9.79, 5.88
0, 4390926, 50, -7, 354.56, 0.06, 12.02, 9.75, 18.45
0, 4398763, 173, -8, 354.69, 0.06, 12.15, 9.75, 31.24
0, 4405125, 304, -9, 354.69, 0.13, 12.39, 9.81, 41.22
0, 4412899, 517, -12, 355.19, 0.13, 12.39, 9.71, 52.77
0, 4419049, 728, -16, 356.56, 0.13, 12.36, 9.87, 61.28
0, 4426572, 903, -52, 356.56, 0.13, 11.84, 9.87, 70.78
0, 4434887, 922, -66, 358.69, 0.13, 11.39, 9.84, 79.96
0, 4441657, 924, -66, 361.75, 0.25, 11.15, 11.21, 86.28
0, 4449747, 926, -66, 363.75, 0.25, 11.15, 10.14, 92.35
0, 4457845, 929, -66, 363.87, 0.62, 12.01, 9.54, 96.71
0, 4465743, 931, -66, 363.87, 0.69, 12.14, 9.54, 99.23
0, 4473487, 932, -66, 363.87, 0.69, 12.14, 9.63, 100.00
0, 4480558, 938, -65, 363.94, 0.69, 12.04, 9.91, 99.21
0, 4489335, 1129, -58, 363.94, 0.69, 11.94, 9.66, 96.28
0, 4497619, 1354, -37, 364.00, 0.69, 13.33, 10.00, 91.58
0, 4506506, 1604, -12, 364.00, 0.69, 12.02, 10.00, 84.57
0, 4515522, 1782, 7, 365.62, 0.62, 12.00, 9.77, 75.51
0, 4522374, 1881, 17, 368.25, 0.37, 12.00, 9.74, 67.45
0, 4529084, 1980, 27, 370.87, 0.37, 11.65, 9.74, 58.69
0, 4538593, 2120, 41, 372.62, 0.13, 11.96, 9.74, 45.02
0, 4545612, 2198, 48, 372.62, 0.00, 12.03, 9.74, 34.16
0, 4552420, 2218, 50, 374.06, -0.19, 11.95, 9.78, 23.18
0, 4560975, 2206, 55, 375.50, -0.31, 11.95, 9.79, 8.96
0, 4567793, 2192, 58, 376.44, -0.31, 11.67, 9.79, -2.52
0, 4575443, 2162, 63, 376.44, -0.37, 12.08, 9.57, -15.36
0, 4582443, 2104, 66, 376.44, -0.44, 11.94, 9.68, -26.88
0, 4590861, 1990, 72, 376.25, -0.44, 11.94, 9.88, -40.23
0, 4598940, 1821, 78, 375.75, -0.50, 11.87, 9.88, -52.29
0, 4605909, 1580, 86, 375.75, -0.50, 11.56, 9.73, -61.92
0, 4613520, 1242, 103, 374.69, -0.62, 11.38, 9.73, -71.46
0, 4619697, 1082, 108, 372.81, -0.62, 11.38, 9.66, -78.34
0, 4627471, 958, 97, 369.37, -0.75, 11.97, 9.66, -85.79
0, 4636180, 797, 83, 369.37, -0.81, 11.98, 10.16, -92.38
0, 4642794, 665, 72, 365.87, -0.75, 11.95, 9.86, -96.07
0, 4650765, 506, 58, 364.12, -0.75, 11.95, 9.53, -98.92
0, 4659243, 261, 36, 362.31, -0.62, 11.87, 9.78, -100.00
0, 4667096, 54, 16, 362.31, -0.44, 11.46, 9.78, -99.18
0, 4674771, -48, 7, 360.37, -0.25, 12.28, 9.76, -96.70
0, 4681013, -89, 4, 357.87, 0.00, 12.28, 9.81, -93.49
0, 4689599, -92, 3, 355.37, 0.00, 12.78, 9.77, -87.39
0, 4696985, -91, 3, 355.37, 0.06, 12.43, 9.77, -80.68
0, 4703081, -90, 2, 354.25, 0.06, 11.98, 9.73, -74.19
0, 4712139, -86, 2, 354.06, 0.06, 11.98, 9.82, -63.13
0, 4719176, -81, 1, 354.06, 0.06, 12.05, 9.76, -53.51
0, 4727018, -76, 0, 354.06, 0.13, 12.00, 9.76, -41.91
0, 4736270, -68, -1, 354.12, 0.13, 11.99, 9.76, -27.30
0, 4742751, -59, -2, 354.12, 0.13, 12.06, 9.83, -16.65
0, 4750770, -48, -5, 354.19, 0.13, 12.06, 9.79, -3.21
0, 4759179, -19, -8, 354.31, 0.13, 12.06, 9.79, 10.94
0, 4766767, 56, -9, 354.31, 0.19, 12.11, 9.75, 23.53
0, 4773653, 180, -10, 354.44, 0.19, 12.29, 9.77, 34.63
0, 4780041, 325, -12, 354.69, 0.19, 12.29, 9.78, 44.51
0, 4789213, 606, -16, 355.62, 0.19, 12.46, 9.78, 57.77
0, 4796892, 849, -32, 355.62, 0.19, 12.51, 9.57, 67.82
0, 4806064, 899, -67, 357.56, 0.25, 11.22, 9.79, 78.33
0, 4814810, 901, -67, 360.31, 0.50, 11.69, 10.86, 86.61
0, 4821562, 904, -67, 363.06, 0.50, 11.69, 8.75, 91.73
0, 4828993, 906, -67, 363.62, 0.75, 11.55, 10.26, 95.98
0, 4839047, 908, -67, 363.62, 0.75, 11.99, 9.57, 99.34
0, 4847585, 909, -67, 363.69, 0.75, 11.84, 9.57, 99.96
0, 4856369, 910, -67, 363.69, 0.75, 12.04, 9.79, 98.44
0, 4865016, 910, -67, 363.69, 0.75, 12.05, 9.87, 94.83
0, 4872076, 910, -67, 363.69, 0.75, 12.05, 9.68, 90.40
0, 4879543, 910, -67, 363.69, 0.75, 11.96, 9.78, 84.32
0, 4889209, 909, -67, 363.69, 0.75, 12.06, 9.78, 74.48
0, 4896907, 908, -67, 363.69, 0.75, 12.07, 9.81, 65.22
0, 4903952, 905, -67, 363.69, 0.75, 11.96, 9.80, 55.78
0, 4911587, 901, -67, 363.62, 0.75, 11.96, 9.78, 44.66
0, 4919196, 895, -67, 363.62, 0.75, 12.03, 9.78, 32.85
0, 4927147, 887, -67, 363.62, 0.75, 12.00, 9.80, 19.94
0, 4934051, 876, -65, 363.56, 0.75, 11.97, 9.79, 8.42
0, 4941500, 853, -56, 363.44, 0.75, 11.97, 9.64, -4.12
0, 4949611, 800, -50, 363.37, 0.75, 11.94, 9.68, -17.70
0, 4957714, 691, -43, 363.12, 0.69, 11.95, 9.68, -30.94
0, 4964482, 574, -30, 363.12, 0.62, 11.75, 9.86, -41.56
0, 4971139, 409, -18, 362.69, 0.62, 11.75, 9.57, -51.48
0, 4979204, 97, -15, 361.50, 0.50, 11.43, 9.57, -62.63
0, 4987886, -65, -2, 359.62, 0.37, 11.40, 9.76, -73.33
0, 4994395, -67, -2, 359.62, 0.25, 11.95, 9.71, -80.33
0, 5001566, -69, -1, 356.44, 0.25, 11.48, 10.05, -86.92
0, 5009939, -72, -1, 354.19, 0.19, 11.48, 9.63, -93.01
0, 5018058, -76, -1, 354.12, 0.19, 12.07, 9.63, -97.15
0, 5025796, -79, -1, 354.12, 0.19, 12.13, 9.89, -99.41
0, 5032560, -80, 0, 354.06, 0.19, 11.97, 9.87, -100.00
0, 5041081, -81, 0, 354.06, 0.19, 12.04, 9.70, -98.89
0, 5049721, -82, 0, 354.00, 0.13, 12.04, 9.78, -95.69
0, 5058641, -82, 0, 354.00, 0.13, 12.03, 9.78, -90.26
0, 5066214, -81, 0, 354.00, 0.13, 11.99, 9.79, -84.05
0, 5073608, -80, 0, 354.00, 0.13, 12.02, 9.77, -76.66
0, 5081468, -79, 0, 354.00, 0.13, 12.00, 9.77, -67.51
0, 5090232, -77, -1, 354.00, 0.13, 12.00, 9.77, -55.92
0, 5098359, -73, -1, 354.00, 0.13, 12.03, 9.78, -44.07
0, 5105406, -67, -2, 354.00, 0.19, 12.05, 9.80, -33.12
0, 5112185, -61, -3, 354.06, 0.19, 12.02, 9.82, -22.15
0, 5119841, -52, -5, 354.06, 0.19, 12.02, 9.82, -9.41
0, 5127553, -34, -9, 354.19, 0.19, 11.99, 9.75, 3.57
0, 5134018, 2, -11, 354.19, 0.19, 11.96, 9.76, 14.42
0, 5141657, 97, -13, 354.25, 0.19, 11.96, 9.64, 27.01
0, 5149294, 244, -14, 354.44, 0.25, 12.30, 9.64, 39.14
0, 5156052, 408, -15, 354.44, 0.25, 12.45, 9.75, 49.35
0, 5162819, 633, -18, 355.12, 0.25, 12.32, 9.69, 58.93
0, 5170223, 868, -36, 356.69, 0.25, 12.32, 9.69, 68.53
0, 5177975, 901, -67, 359.06, 0.25, 11.50, 9.81, 77.43
0, 5185525, 902, -67, 359.06, 0.37, 11.77, 10.18, 84.84
0, 5192633, 905, -67, 362.25, 0.75, 11.21, 9.54, 90.56
0, 5200637, 907, -67, 363.44, 0.75, 11.21, 9.99, 95.44
0, 5208809, 909, -67, 363.50, 0.81, 11.81, 9.99, 98.63
0, 5215885, 910, -67, 363.50, 0.81, 11.97, 9.89, 99.89
0, 5222616, 911, -67, 363.50, 0.81, 12.20, 9.62, 99.77
0, 5230263, 911, -67, 363.50, 0.81, 12.20, 9.91, 98.08
0, 5239611, 911, -67, 363.56, 0.81, 11.99, 9.91, 93.81
0, 5248197, 911, -67, 363.56, 0.81, 11.96, 9.80, 87.83
0, 5256281, 910, -67, 363.56, 0.81, 12.08, 9.72, 80.52
0, 5262957, 910, -67, 363.56, 0.81, 12.03, 9.78, 73.35
0, 5271055, 909, -67, 363.56, 0.81, 12.03, 9.81, 63.42
0, 5279666, 905, -67, 363.50, 0.81, 12.00, 9.81, 51.57
0, 5288050, 900, -67, 363.50, 0.81, 12.03, 9.76, 38.99
0, 5293759, 894, -67, 363.50, 0.81, 12.05, 9.74, 29.97
0, 5301381, 886, -67, 363.44, 0.81, 11.98, 9.76, 17.49
0, 5310035, 870, -61, 363.37, 0.81, 11.98, 9.76, 3.00
0, 5317784, 842, -55, 363.25, 0.81, 12.00, 9.74, -10.05
0, 5323721, 791, -51, 363.25, 0.81, 12.01, 9.58, -19.94
0, 5331119, 671, -43, 363.12, 0.75, 12.01, 9.58, -31.97
0, 5339638, 513, -24, 362.81, 0.69, 11.93, 9.85, -45.20
0, 5346390, 322, -18, 362.81, 0.62, 11.59, 9.55, -55.04
0, 5353087, 57, -15, 361.81, 0.62, 11.70, 10.03, -64.09
0, 5361278, -64, -3, 360.12, 0.44, 11.70, 10.03, -74.05
0, 5369051, -67, -2, 357.50, 0.31, 11.09, 9.86, -82.19
0, 5375862, -70, -1, 357.50, 0.25, 11.73, 10.53, -88.18
0, 5382573, -73, -1, 354.37, 0.19, 12.02, 9.86, -92.94
0, 5391647, -76, -1, 354.00, 0.19, 12.02, 9.56, -97.48
0, 5400579, -79, 0, 353.94, 0.19, 12.02, 9.81, -99.72
0, 5409914, -81, 0, 353.87, 0.19, 11.98, 9.81, -99.66
0, 5417772, -81, 0, 353.87, 0.19, 12.04, 9.77, -97.69
0, 5424292, -81, 0, 353.87, 0.19, 11.99, 9.71, -94.76
0, 5431682, -81, 0, 353.87, 0.19, 12.02, 9.79, -90.06
0, 5441505, -81, 0, 353.87, 0.19, 12.01, 9.76, -81.66
0, 5450434, -80, 0, 353.87, 0.19, 12.01, 9.76, -72.08
0, 5459996, -78, 0, 353.87, 0.19, 12.01, 9.73, -60.03
0, 5466648, -75, -1, 353.87, 0.19, 12.01, 9.78, -50.70
0, 5473579, -70, -1, 353.87, 0.19, 12.05, 9.77, -40.31
0, 5481963, -65, -2, 353.87, 0.19, 11.94, 9.75, -27.02
0, 5491704, -56, -4, 353.94, 0.19, 11.94, 9.75, -10.92
0, 5499987, -37, -9, 354.00, 0.19, 11.92, 9.79, 3.02
0, 5507699, 5, -11, 354.06, 0.19, 11.92, 9.87, 15.95
0, 5513906, 80, -13, 354.06, 0.19, 12.24, 9.65, 26.18
0, 5521778, 232, -14, 354.19, 0.25, 12.24, 9.65, 38.72
0, 5529498, 420, -15, 354.62, 0.25, 12.43, 9.74, 50.35
0, 5537308, 685, -18, 355.87, 0.31, 12.46, 9.88, 61.26
0, 5545133, 884, -54, 355.87, 0.31, 11.97, 9.85, 71.12
0, 5552987, 902, -67, 358.00, 0.31, 11.47, 10.99, 79.78
0, 5562198, 903, -67, 361.00, 0.31, 11.31, 10.99, 88.14
0, 5570514, 906, -67, 363.19, 0.62, 11.31, 8.32, 93.88
0, 5577949, 908, -67, 363.37, 0.81, 12.02, 9.68, 97.45
0, 5586048, 910, -67, 363.37, 0.81, 12.14, 9.92, 99.60
0, 5595019, 911, -67, 363.37, 0.81, 12.11, 9.92, 99.81
0, 5602917, 911, -67, 363.37, 0.81, 11.86, 9.66, 98.12
0, 5612228, 911, -67, 363.44, 0.81, 12.05, 9.75, 93.89
0, 5620846, 911, -67, 363.44, 0.81, 12.05, 9.75, 87.92
0, 5630384, 911, -67, 363.44, 0.81, 12.00, 9.81, 79.16
0, 5639899, 910, -67, 363.44, 0.81, 11.99, 9.77, 68.38
0, 5646961, 907, -67, 363.44, 0.81, 12.02, 9.76, 59.24
0, 5654766, 904, -67, 363.37, 0.81, 11.98, 9.77, 48.15
0, 5662899, 898, -67, 363.37, 0.81, 12.05, 9.77, 35.73
0, 5670706, 890, -67, 363.31, 0.81, 12.05, 9.74, 23.16
0, 5677357, 880, -66, 363.25, 0.81, 12.00, 9.76, 12.13
0, 5684195, 862, -59, 363.25, 0.81, 11.95, 9.65, 0.64
0, 5692830, 826, -53, 363.19, 0.81, 11.94, 9.67, -13.87
0, 5701426, 729, -47, 363.06, 0.81, 11.94, 9.67, -28.03
0, 5710934, 562, -30, 362.75, 0.75, 11.92, 9.95, -42.99
0, 5717583, 401, -18, 362.19, 0.62, 11.60, 9.55, -52.81
0, 5724446, 128, -16, 362.19, 0.62, 11.69, 10.09, -62.26
0, 5732628, -72, 0, 360.75, 0.56, 10.87, 10.09, -72.43
0, 5741310, -68, -2, 358.69, 0.37, 10.87, 9.65, -81.71
0, 5749359, -71, -1, 355.12, 0.31, 12.96, 9.52, -88.76
0, 5756276, -74, -1, 355.12, 0.19, 11.72, 9.93, -93.51
0, 5763374, -76, -1, 353.87, 0.19, 11.92, 9.93, -97.07
0, 5771501, -79, -1, 353.81, 0.19, 11.92, 9.73, -99.44
0, 5779154, -80, 0, 353.81, 0.19, 12.02, 9.72, -99.97
0, 5787860, -81, 0, 353.75, 0.19, 12.00, 9.82, -98.56
0, 5795974, -81, 0, 353.75, 0.19, 11.95, 9.75, -95.33
0, 5803879, -81, 0, 353.75, 0.19, 12.04, 9.78, -90.47
0, 5813002, -81, 0, 353.75, 0.19, 11.97, 9.78, -82.87
0, 5821641, -80, 0, 353.75, 0.19, 11.98, 9.74, -73.87
0, 5830828, -79, 0, 353.75, 0.19, 11.98, 9.77, -62.59
0, 5839636, -75, -1, 353.75, 0.19, 12.00, 9.77, -50.37
0, 5847228, -70, -1, 353.75, 0.19, 11.98, 9.73, -38.93
0, 5855409, -64, -2, 353.75, 0.19, 12.06, 9.80, -25.90
0, 5863662, -55, -4, 353.81, 0.19, 11.97, 9.80, -12.26
0, 5871385, -40, -8, 353.81, 0.19, 11.97, 9.78, 0.73
0, 5878037, -11, -10, 353.94, 0.25, 12.04, 9.79, 11.91
0, 5884798, 59, -12, 353.94, 0.25, 12.12, 9.81, 23.13
0, 5893732, 218, -14, 354.00, 0.25, 12.38, 9.81, 37.46
0, 5901250, 389, -15, 354.31, 0.31, 12.38, 9.72, 48.88
0, 5909507, 660, -18, 355.25, 0.31, 12.48, 9.86, 60.51
0, 5915465, 852, -31, 355.25, 0.31, 12.09, 9.80, 68.19
0, 5922512, 904, -68, 357.06, 0.31, 12.09, 9.80, 76.37
0, 5930372, 903, -68, 359.75, 0.44, 11.24, 11.40, 84.23
0, 5939220, 905, -68, 362.62, 0.88, 11.47, 8.41, 91.31
0, 5948091, 908, -68, 363.25, 0.88, 11.66, 10.25, 96.36
0, 5956261, 910, -68, 363.25, 0.88, 12.08, 9.65, 99.12
0, 5964481, 911, -68, 363.25, 0.88, 11.85, 9.92, 100.00
0, 5972756, 912, -68, 363.25, 0.88, 11.85, 9.92, 98.95
0, 5980886, 912, -68, 363.31, 0.88, 11.93, 9.80, 96.04
0, 5990390, 912, -68, 363.31, 0.88, 12.06, 9.78, 90.37
0, 5998665, 912, -68, 363.31, 0.88, 11.93, 9.83, 83.54
0, 6008634, 911, -68, 363.31, 0.88, 12.02, 9.81, 73.17
0, 6015410, 909, -68, 363.31, 0.88, 12.05, 9.79, 64.93
0, 6023657, 906, -68, 363.31, 0.88, 11.95, 9.79, 53.76
0, 6032920, 902, -68, 363.25, 0.88, 12.07, 9.70, 40.00
0, 6042809, 894, -68, 363.25, 0.88, 12.00, 9.81, 24.24
0, 6051614, 880, -65, 363.19, 0.88, 12.00, 9.81, 9.62
0, 6060621, 854, -57, 363.12, 0.88, 11.93, 9.72, -5.54
0, 6066616, 818, -52, 363.12, 0.88, 12.02, 9.65, -15.59
0, 6074413, 709, -46, 363.00, 0.81, 12.03, 9.65, -28.40
0, 6082121, 578, -32, 362.81, 0.69, 12.03, 9.96, -40.58
0, 6090027, 387, -18, 362.31, 0.62, 11.77, 9.57, -52.36
0, 6098713, 58, -15, 361.06, 0.62, 11.60, 9.87, -64.23
0, 6105725, -69, -1, 361.06, 0.44, 11.19, 9.87, -72.82
0, 6112687, -67, -2, 359.19, 0.37, 11.19, 9.58, -80.34
0, 6118395, -69, -2, 356.06, 0.25, 12.48, 10.06, -85.69
0, 6125290, -71, -1, 356.06, 0.25, 11.47, 9.59, -91.09
0, 6133456, -75, -1, 353.81, 0.19, 11.97, 9.59, -95.89
0, 6143333, -78, -1, 353.75, 0.19, 12.13, 9.95, -99.27
0, 6152207, -80, 0, 353.69, 0.19, 11.93, 9.77, -99.96
0, 6162095, -81, 0, 353.69, 0.19, 11.93, 9.71, -98.10
0, 6168745, -81, 0, 353.62, 0.19, 12.00, 9.77, -95.32
0, 6175533, -81, 0, 353.62, 0.19, 12.02, 9.80, -91.24
0, 6183890, -81, 0, 353.62, 0.19, 11.99, 9.80, -84.59
0, 6193471, -80, 0, 353.62, 0.19, 12.02, 9.73, -74.92
0, 6201665, -79, 0, 353.62, 0.19, 12.02, 9.77, -65.09
0, 6210642, -76, -1, 353.62, 0.19, 11.96, 9.79, -52.90
0, 6217009, -71, -1, 353.62, 0.19, 12.03, 9.73, -43.50
0, 6226284, -66, -2, 353.62, 0.19, 12.07, 9.79, -28.95
0, 6236317, -58, -3, 353.69, 0.19, 11.96, 9.81, -12.43
0, 6246556, -38, -9, 353.69, 0.19, 12.06, 9.81, 4.79
0, 6253400, -2, -11, 353.75, 0.25, 11.80, 9.77, 16.26
0, 6261474, 108, -13, 353.87, 0.25, 11.80, 9.66, 29.50
0, 6267437, 227, -14, 353.87, 0.25, 12.32, 9.86, 38.93
0, 6275381, 431, -15, 354.00, 0.31, 12.49, 9.86, 50.88
0, 6283319, 704, -19, 354.62, 0.31, 12.42, 9.79, 61.91
0, 6293229, 897, -68, 356.19, 0.31, 11.27, 9.85, 74.11
0, 6301105, 901, -67, 358.69, 0.37, 11.27, 9.86, 82.34
0, 6309181, 904, -67, 361.81, 0.37, 11.55, 8.98, 89.28
0, 6314900, 906, -67, 361.81, 0.75, 11.35, 8.98, 93.20
0, 6322643, 908, -67, 363.06, 0.88, 11.35, 10.16, 97.13
0, 6329343, 910, -67, 363.12, 0.88, 11.90, 9.76, 99.19
0, 6339088, 911, -67, 363.19, 0.88, 11.80, 9.58, 99.93
0, 6347993, 911, -67, 363.19, 0.88, 12.13, 9.90, 98.26
0, 6355974, 911, -67, 363.19, 0.88, 12.05, 9.84, 94.88
0, 6364873, 911, -67, 363.19, 0.88, 11.91, 9.84, 89.09
0, 6374431, 911, -67, 363.19, 0.88, 12.08, 9.65, 80.65
0, 6383830, 910, -67, 363.19, 0.88, 12.07, 9.84, 70.31
0, 6393571, 908, -67, 363.19, 0.88, 11.95, 9.77, 57.74
0, 6401332, 904, -67, 363.19, 0.88, 11.95, 9.71, 46.60
0, 6410912, 898, -67, 363.12, 0.88, 12.08, 9.81, 31.77
0, 6417741, 888, -67, 363.12, 0.88, 12.04, 9.77, 20.67
0, 6425829, 876, -63, 363.12, 0.88, 11.88, 9.77, 7.18
0, 6433719, 850, -56, 363.06, 0.88, 12.00, 9.67, -6.11
0, 6441911, 788, -50, 362.94, 0.81, 12.00, 9.66, -19.79
0, 6450128, 666, -42, 362.81, 0.81, 11.91, 9.92, -33.14
0, 6457112, 538, -27, 362.81, 0.75, 11.77, 9.92, -43.99
0, 6463630, 358, -18, 362.44, 0.69, 11.77, 9.50, -53.57
0, 6469516, 122, -15, 361.50, 0.69, 11.50, 9.94, -61.67
0, 6476924, -74, 1, 361.50, 0.56, 11.33, 9.77, -70.99
0, 6485656, -67, -2, 359.87, 0.37, 11.83, 10.51, -80.56
0, 6495494, -70, -2, 357.12, 0.31, 11.51, 10.51, -89.23
0, 6502266, -73, -1, 354.00, 0.25, 12.08, 9.68, -93.79
0, 6510471, -76, -1, 353.69, 0.25, 12.08, 9.60, -97.68
0, 6516499, -79, -1, 353.69, 0.25, 12.09, 9.60, -99.35
0, 6524463, -80, 0, 353.62, 0.25, 11.92, 9.83, -99.98
0, 6531445, -81, 0, 353.62, 0.25, 11.92, 9.75, -99.05
0, 6540934, -81, 0, 353.56, 0.25, 12.05, 9.74, -95.61
0, 6549806, -81, 0, 353.56, 0.25, 12.01, 9.81, -90.17
0, 6558778, -81, 0, 353.56, 0.25, 12.01, 9.74, -82.63
0, 6567400, -80, 0, 353.56, 0.25, 12.02, 9.74, -73.60
0, 6576945, -78, 0, 353.56, 0.25, 12.01, 9.75, -61.80
0, 6586598, -75, -1, 353.56, 0.25, 12.02, 9.80, -48.25
0, 6596591, -68, -2, 353.56, 0.25, 11.94, 9.80, -32.88
0, 6604045, -61, -3, 353.56, 0.25, 11.98, 9.79, -20.79
0, 6613902, -50, -5, 353.62, 0.25, 11.98, 9.73, -4.33
0, 6620473, -31, -9, 353.69, 0.25, 12.06, 9.75, 6.74
0, 6627633, 24, -12, 353.69, 0.25, 12.08, 9.75, 18.71
0, 6635877, 150, -13, 353.75, 0.25, 12.25, 9.78, 32.13
0, 6644659, 336, -15, 353.87, 0.31, 12.49, 9.79, 45.75
0, 6652040, 549, -16, 354.31, 0.31, 12.49, 9.86, 56.43
0, 6660240, 835, -28, 355.62, 0.31, 12.40, 9.81, 67.27
0, 6666143, 900, -68, 355.62, 0.37, 11.80, 9.81, 74.28
0, 6674089, 904, -68, 357.69, 0.37, 11.80, 10.30, 82.56
0, 6681264, 905, -68, 360.69, 0.56, 11.49, 8.93, 88.76
0, 6690409, 907, -68, 362.87, 0.88, 11.12, 9.63, 94.78
0, 6699403, 910, -68, 363.06, 0.88, 11.82, 9.98, 98.51
0, 6706528, 911, -68, 363.06, 0.88, 12.15, 9.98, 99.86
0, 6716164, 912, -68, 363.12, 0.88, 12.19, 9.73, 99.40
0, 6725992, 912, -68, 363.12, 0.88, 11.93, 9.57, 96.23
0, 6735563, 912, -68, 363.12, 0.88, 12.00, 9.83, 90.62
0, 6744479, 912, -68, 363.12, 0.88, 12.08, 9.76, 83.27
0, 6751888, 911, -68, 363.12, 0.88, 12.00, 9.75, 75.72
0, 6761657, 910, -68, 363.12, 0.88, 12.00, 9.81, 63.99
0, 6769559, 907, -68, 363.12, 0.88, 12.02, 9.77, 53.21
0, 6778629, 902, -68, 363.12, 0.88, 12.03, 9.76, 39.70
0, 6787534, 894, -68, 363.12, 0.88, 12.04, 9.76, 25.53
0, 6796913, 881, -65, 363.06, 0.88, 12.04, 9.74, 9.99
0, 6803511, 861, -60, 363.00, 0.88, 11.99, 9.67, -1.12
0, 6812703, 811, -51, 362.94, 0.88, 11.99, 9.76, -16.53
0, 6819659, 730, -46, 362.81, 0.88, 11.90, 9.85, -27.96
0, 6827523, 585, -33, 362.81, 0.81, 11.87, 9.85, -40.40
0, 6835508, 388, -19, 362.50, 0.75, 11.44, 9.81, -52.31
0, 6843275, 91, -15, 361.87, 0.62, 11.55, 10.04, -62.99
0, 6851626, -67, -2, 360.44, 0.62, 11.55, 9.72, -73.26
0, 6859928, -67, -2, 358.19, 0.50, 11.21, 9.72, -82.04
0, 6865639, -70, -1, 358.19, 0.37, 11.87, 9.61, -87.16
0, 6872577, -72, -1, 354.75, 0.31, 11.87, 9.89, -92.28
0, 6879525, -75, -1, 353.62, 0.31, 11.95, 9.65, -96.15
0, 6889423, -78, -1, 353.56, 0.25, 11.97, 9.70, -99.38
0, 6899720, -80, 0, 353.56, 0.25, 11.96, 9.70, -99.81
0, 6907279, -81, 0, 353.56, 0.25, 12.07, 9.79, -98.21
0, 6916140, -81, 0, 353.50, 0.25, 11.99, 9.75, -94.31
0, 6923154, -81, 0, 353.50, 0.25, 11.99, 9.75, -89.74
0, 6930467, -80, 0, 353.50, 0.25, 12.01, 9.76, -83.63
0, 6939941, -80, 0, 353.50, 0.25, 12.03, 9.78, -73.85
0, 6949791, -78, 0, 353.50, 0.25, 12.00, 9.78, -61.69
0, 6957315, -75, -1, 353.50, 0.25, 12.01, 9.76, -51.24
0, 6965842, -70, -1, 353.50, 0.25, 11.99, 9.79, -38.41
0, 6972745, -64, -2, 353.50, 0.25, 11.99, 9.75, -27.43
0, 6979755, -57, -3, 353.50, 0.25, 11.99, 9.80, -15.90
0, 6988688, -45, -7, 353.56, 0.25, 12.01, 9.80, -0.91
0, 6997483, -10, -10, 353.56, 0.31, 11.90, 9.76, 13.87
0, 7003778, 53, -12, 353.69, 0.31, 12.16, 9.75, 24.28
0, 7011871, 202, -14, 353.75, 0.31, 12.16, 9.79, 37.25
0, 7017813, 338, -15, 353.75, 0.37, 12.43, 9.79, 46.34
0, 7024674, 550, -16, 354.00, 0.37, 12.46, 9.83, 56.25
0, 7031038, 782, -23, 354.87, 0.37, 12.46, 9.75, 64.78
0, 7040183, 903, -68, 356.75, 0.37, 11.89, 9.78, 75.71
0, 7050018, 903, -68, 359.50, 0.44, 11.28, 9.78, 85.45
0, 7057045, 906, -68, 359.50, 0.88, 11.30, 8.23, 90.99
0, 7063693, 908, -68, 362.44, 0.88, 11.30, 10.11, 95.06
0, 7070008, 909, -68, 363.00, 0.94, 12.04, 9.51, 97.82
0, 7078111, 911, -68, 363.00, 0.94, 12.19, 9.51, 99.74
0, 7087132, 912, -68, 363.00, 0.94, 12.01, 9.93, 99.68
0, 7096679, 912, -68, 363.00, 0.94, 11.83, 9.69, 97.12
0, 7103382, 912, -68, 363.06, 0.94, 12.09, 9.78, 93.82
0, 7113012, 912, -68, 363.06, 0.94, 11.99, 9.73, 87.00
0, 7120885, 912, -68, 363.06, 0.94, 11.99, 9.77, 79.71
0, 7130278, 911, -68, 363.06, 0.94, 12.00, 9.80, 69.19
0, 7139920, 908, -68, 363.00, 0.94, 12.04, 9.76, 56.59
0, 7148718, 904, -68, 363.00, 0.94, 12.00, 9.76, 43.79
0, 7154610, 898, -68, 363.00, 0.94, 12.04, 9.74, 34.66
0, 7162867, 891, -67, 363.00, 0.94, 12.04, 9.77, 21.31
0, 7170398, 878, -64, 362.94, 0.94, 12.02, 9.72, 8.77
0, 7178467, 853, -57, 362.87, 0.94, 11.99, 9.72, -4.82
0, 7185449, 807, -52, 362.87, 0.88, 11.91, 9.59, -16.51
0, 7192261, 715, -46, 362.75, 0.81, 12.02, 9.99, -27.70
0, 7200588, 569, -31, 362.50, 0.81, 12.02, 9.99, -40.87
0, 7207361, 412, -19, 362.50, 0.75, 11.62, 9.64, -51.00
0, 7213879, 166, -16, 362.06, 0.75, 11.62, 9.77, -60.13
0, 7219992, -52, -11, 360.75, 0.56, 11.67, 9.77, -68.03
0, 7226650, -66, -3, 360.75, 0.44, 10.87, 9.50, -75.81
0, 7232850, -67, -2, 358.94, 0.37, 12.97, 10.01, -82.20
0, 7240862, -70, -2, 355.75, 0.37, 11.80, 9.42, -89.12
0, 7250363, -73, -1, 353.50, 0.31, 11.80, 9.85, -95.21
0, 7259005, -77, -1, 353.50, 0.25, 11.88, 9.85, -98.64
0, 7266226, -79, -1, 353.50, 0.25, 12.04, 9.74, -99.91
0, 7272582, -80, 0, 353.44, 0.25, 12.02, 9.66, -99.80
0, 7280416, -81, 0, 353.44, 0.25, 12.02, 9.83, -98.09
0, 7290081, -81, 0, 353.37, 0.25, 11.95, 9.78, -93.63
0, 7299383, -81, 0, 353.37, 0.25, 12.04, 9.78, -87.00
0, 7306223, -80, 0, 353.37, 0.25, 11.99, 9.77, -80.75
0, 7312995, -79, 0, 353.37, 0.25, 12.00, 9.77, -73.51
0, 7320511, -78, 0, 353.37, 0.25, 12.00, 9.77, -64.35
0, 7329109, -75, -1, 353.37, 0.25, 12.02, 9.78, -52.63
0, 7336505, -71, -1, 353.37, 0.25, 12.00, 9.79, -41.64
0, 7343639, -66, -2, 353.37, 0.25, 12.03, 9.75, -30.44
0, 7352114, -59, -3, 353.44, 0.25, 12.03, 9.76, -16.57
0, 7360522, -46, -7, 353.44, 0.31, 11.96, 9.76, -2.47
0, 7368237, -19, -10, 353.50, 0.31, 11.94, 9.77, 10.51
0, 7374215, 31, -12, 353.50, 0.31, 12.13, 9.76, 20.46
0, 7381282, 147, -13, 353.62, 0.31, 12.13, 9.76, 31.95
0, 7389508, 325, -15, 353.75, 0.37, 12.38, 9.72, 44.74
0, 7397241, 545, -16, 353.75, 0.37, 12.50, 9.77, 55.99
0, 7403580, 771, -22, 354.44, 0.37, 12.10, 9.82, 64.50
0, 7411673, 901, -68, 356.06, 0.37, 12.10, 9.82, 74.30
0, 7419367, 903, -68, 358.37, 0.37, 11.18, 9.82, 82.33
0, 7426408, 905, -68, 358.37, 0.69, 11.61, 11.27, 88.47
0, 7432869, 907, -68, 361.50, 0.94, 11.66, 10.29, 93.01
0, 7441716, 909, -68, 362.87, 0.94, 12.03, 9.59, 97.44
0, 7451185, 911, -68, 362.87, 0.94, 12.03, 9.55, 99.77
0, 7460093, 912, -68, 362.94, 0.94, 11.82, 9.55, 99.66
0, 7467810, 913, -68, 362.94, 0.94, 11.99, 9.84, 97.74
0, 7474700, 913, -68, 362.94, 0.94, 12.08, 9.77, 94.63
0, 7482068, 913, -68, 362.94, 0.94, 11.92, 9.64, 89.90
0, 7491595, 912, -68, 362.94, 0.94, 12.04, 9.80, 81.74
0, 7501398, 912, -68, 362.94, 0.94, 12.04, 9.80, 71.16
0, 7510044, 909, -68, 362.94, 0.94, 12.07, 9.81, 60.20
0, 7516714, 906, -68, 362.94, 0.94, 11.94, 9.69, 50.86
0, 7523714, 902, -68, 362.94, 0.88, 12.06, 9.81, 40.37
0, 7532180, 895, -68, 362.87, 0.88, 12.03, 9.75, 26.95
0, 7540595, 884, -66, 362.87, 0.88, 12.03, 9.75, 13.06
0, 7548704, 863, -60, 362.81, 0.88, 11.93, 9.72, -0.57
0, 7554410, 840, -55, 362.81, 0.88, 11.96, 9.70, -10.17
0, 7562132, 758, -49, 362.69, 0.88, 11.96, 9.70, -22.99
0, 7567843, 668, -43, 362.69, 0.81, 12.01, 9.76, -32.24
0, 7573932, 552, -30, 362.56, 0.81, 11.73, 9.56, -41.77
0, 7581154, 359, -18, 362.19, 0.75, 11.73, 9.56, -52.49
0, 7589532, 46, -15, 361.19, 0.62, 11.51, 9.91, -63.95
0, 7597259, -64, -2, 361.19, 0.44, 11.25, 9.84, -73.39
0, 7604610, -66, -2, 359.50, 0.44, 12.48, 9.63, -81.23
0, 7612359, -69, -2, 356.69, 0.37, 12.48, 9.63, -88.13
0, 7618063, -71, -1, 356.69, 0.25, 11.55, 9.58, -92.26
0, 7624166, -74, -1, 353.75, 0.25, 11.99, 9.64, -95.73
0, 7631861, -77, -1, 353.44, 0.25, 12.14, 9.90, -98.67
0, 7640912, -79, -1, 353.37, 0.25, 12.14, 9.90, -99.99
0, 7650703, -81, 0, 353.37, 0.25, 11.92, 9.71, -98.81
0, 7659516, -81, 0, 353.31, 0.25, 12.03, 9.74, -95.45
0, 7665864, -81, 0, 353.31, 0.25, 12.03, 9.80, -91.72
0, 7672766, -80, 0, 353.31, 0.25, 12.03, 9.80, -86.48
0, 7680787, -80, 0, 353.31, 0.25, 11.97, 9.78, -78.92
0, 7690577, -79, 0, 353.31, 0.25, 11.99, 9.77, -67.76
0, 7698277, -76, -1, 353.31, 0.25, 12.01, 9.80, -57.67
0, 7704825, -73, -1, 353.31, 0.25, 12.00, 9.77, -48.32
0, 7712791, -69, -2, 353.31, 0.25, 12.00, 9.77, -36.17
0, 7720652, -63, -2, 353.31, 0.25, 12.00, 9.77, -23.53
0, 7727305, -54, -4, 353.31, 0.25, 11.94, 9.80, -12.51
0, 7734127, -41, -7, 353.37, 0.25, 11.94, 9.79, -1.04
0, 7742536, -7, -11, 353.44, 0.25, 11.96, 9.79, 13.09
0, 7751272, 89, -13, 353.50, 0.31, 11.96, 9.82, 27.50
0, 7758574, 225, -14, 353.69, 0.31, 12.21, 9.82, 39.09
0, 7764652, 371, -15, 353.69, 0.31, 12.42, 9.82, 48.30
0, 7770792, 569, -17, 354.06, 0.37, 12.42, 9.70, 57.09
0, 7776494, 780, -23, 354.06, 0.37, 12.40, 9.74, 64.70
0, 7783304, 896, -68, 355.25, 0.37, 11.39, 10.09, 73.01
0, 7792761, 904, -68, 357.31, 0.37, 11.69, 9.57, 82.93
0, 7802948, 906, -68, 360.44, 0.50, 11.19, 9.57, 91.26
0, 7811175, 909, -68, 362.69, 0.94, 11.19, 9.34, 96.04
0, 7816883, 910, -68, 362.69, 0.94, 11.83, 10.03, 98.27
0, 7822933, 911, -68, 362.81, 0.94, 11.91, 10.03, 99.64
0, 7831343, 912, -68, 362.81, 0.88, 11.91, 9.60, 99.84
0, 7841086, 913, -68, 362.87, 0.88, 12.17, 9.60, 97.55
0, 7850996, 913, -68, 362.87, 0.94, 12.04, 9.95, 92.54
0, 7859785, 913, -68, 362.87, 0.94, 11.90, 9.70, 85.93
0, 7866512, 912, -68, 362.87, 0.94, 12.10, 9.73, 79.59
0, 7876427, 912, -68, 362.87, 0.94, 12.02, 9.79, 68.42
0, 7885393, 909, -68, 362.87, 0.94, 12.02, 9.74, 56.65
0, 7893639, 905, -68, 362.87, 0.94, 12.07, 9.81, 44.69
0, 7903341, 898, -68, 362.87, 0.94, 12.01, 9.81, 29.53
0, 7911699, 887, -67, 362.81, 0.94, 12.01, 9.73, 15.82
0, 7918396, 870, -62, 362.81, 0.94, 11.92, 9.80, 4.60
0, 7925065, 845, -56, 362.81, 0.94, 12.00, 9.59, -6.63
0, 7933233, 776, -50, 362.69, 0.94, 11.98, 9.59, -20.27
0, 7941764, 651, -40, 362.56, 0.88, 11.98, 9.88, -34.09
0, 7951055, 473, -23, 362.25, 0.75, 11.83, 9.82, -48.34
0, 7958109, 244, -18, 361.56, 0.75, 11.57, 9.95, -58.38
0, 7964291, 4, -14, 361.56, 0.69, 11.57, 9.95, -66.51
0, 7970246, -67, -2, 360.19, 0.50, 11.59, 9.75, -73.66
0, 7975958, -68, -2, 360.19, 0.50, 11.38, 9.83, -79.82
0, 7983606, -69, -2, 358.06, 0.44, 11.67, 10.54, -86.90
0, 7993197, -72, -1, 354.69, 0.31, 12.10, 9.57, -93.73
0, 8003064, -76, -1, 353.37, 0.25, 12.08, 9.57, -98.21
0, 8012166, -79, -1, 353.37, 0.25, 12.08, 9.80, -99.93
0, 8019809, -80, 0, 353.31, 0.25, 11.94, 9.85, -99.57
0, 8026541, -81, 0, 353.31, 0.25, 12.07, 9.72, -97.88
0, 8034231, -81, 0, 353.31, 0.25, 12.00, 9.78, -94.42
0, 8043458, -81, 0, 353.25, 0.25, 12.00, 9.82, -88.18
0, 8053152, -80, 0, 353.25, 0.25, 12.03, 9.82, -79.33
0, 8062494, -79, 0, 353.25, 0.25, 12.03, 9.76, -68.80
0, 8069905, -77, -1, 353.25, 0.25, 11.99, 9.80, -59.22
0, 8077947, -74, -1, 353.25, 0.25, 11.96, 9.79, -47.79
0, 8086145, -68, -2, 353.25, 0.25, 11.99, 9.72, -35.23
0, 8094686, -62, -3, 353.31, 0.25, 12.03, 9.79, -21.44
0, 8103605, -51, -5, 353.31, 0.25, 12.03, 9.79, -6.57
0, 8112459, -27, -9, 353.37, 0.31, 12.03, 9.77, 8.34
0, 8119138, 21, -12, 353.44, 0.31, 12.04, 9.76, 19.48
0, 8125984, 125, -13, 353.44, 0.31, 12.17, 9.64, 30.65
0, 8133838, 291, -14, 353.56, 0.31, 12.49, 9.64, 42.94
0, 8142605, 535, -16, 353.81, 0.37, 12.41, 9.83, 55.77
0, 8152829, 866, -35, 354.69, 0.37, 11.81, 9.70, 69.18
0, 8160964, 902, -67, 356.56, 0.44, 11.81, 9.83, 78.40
0, 8166738, 903, -67, 356.56, 0.44, 11.55, 9.83, 84.06
0, 8172670, 905, -67, 359.44, 0.44, 11.55, 8.77, 89.05
0, 8179348, 907, -67, 362.37, 0.62, 11.10, 9.69, 93.60
0, 8188901, 909, -67, 363.00, 0.62, 11.96, 9.79, 98.03
0, 8198199, 910, -67, 363.06, 0.62, 12.11, 9.93, 99.91
0, 8206545, 912, -67, 363.06, 0.62, 12.14, 9.62, 99.51
0, 8214598, 912, -67, 363.06, 0.62, 12.06, 9.62, 97.27
0, 8223086, 912, -67, 363.06, 0.62, 12.06, 9.83, 92.96
0, 8231122, 912, -67, 363.06, 0.62, 12.02, 9.78, 87.13
0, 8240327, 911, -67, 363.06, 0.62, 12.04, 9.79, 78.50
0, 8249888, 910, -67, 363.06, 0.62, 12.02, 9.77, 67.55
0, 8258388, 908, -67, 363.06, 0.62, 12.01, 9.77, 56.33
0, 8265561, 903, -67, 363.06, 0.62, 12.00, 9.77, 45.95
0, 8273608, 898, -67, 363.06, 0.62, 12.00, 9.77, 33.52
0, 8280566, 890, -67, 363.00, 0.62, 12.02, 9.70, 22.26
0, 8288375, 879, -65, 362.94, 0.62, 11.95, 9.76, 9.27
0, 8296624, 854, -57, 362.94, 0.62, 11.98, 9.75, -4.62
0, 8306512, 782, -50, 362.81, 0.56, 11.90, 9.75, -21.12
0, 8313506, 683, -44, 362.62, 0.50, 11.90, 9.96, -32.47
0, 8319210, 575, -33, 362.12, 0.50, 11.88, 9.76, -41.40
0, 8325121, 425, -21, 362.12, 0.44, 11.54, 9.76, -50.25
0, 8331578, 182, -17, 361.00, 0.31, 11.54, 9.56, -59.35
0, 8339134, -66, -3, 359.06, 0.13, 11.47, 9.92, -69.09
0, 8347293, -66, -2, 359.06, 0.13, 11.22, 9.63, -78.35
0, 8356708, -68, -2, 355.75, 0.06, 12.12, 9.63, -87.18
0, 8363952, -71, -1, 353.62, 0.00, 12.12, 9.86, -92.50
0, 8369662, -74, -1, 353.56, 0.00, 11.99, 9.92, -95.72
0, 8375803, -77, -1, 353.56, 0.00, 11.89, 9.92, -98.20
0, 8383773, -79, -1, 353.56, 0.00, 12.03, 9.71, -99.85
0, 8393714, -80, 0, 353.50, 0.00, 12.05, 9.77, -99.37
0, 8403572, -81, 0, 353.44, 0.00, 11.97, 9.86, -96.16
0, 8411824, -81, 0, 353.44, 0.00, 11.97, 9.77, -91.42
0, 8419330, -80, 0, 353.44, 0.00, 12.01, 9.74, -85.58
0, 8428142, -79, 0, 353.44, 0.00, 12.02, 9.77, -76.98
0, 8437026, -79, 0, 353.44, 0.00, 12.03, 9.76, -66.60
0, 8446778, -76, -1, 353.44, 0.00, 12.02, 9.81, -53.49
0, 8456967, -71, -1, 353.44, 0.00, 11.92, 9.75, -38.27
0, 8464938, -64, -2, 353.50, 0.00, 11.97, 9.75, -25.55
0, 8472357, -55, -4, 353.50, 0.00, 11.97, 9.77, -13.29
0, 8478308, -44, -7, 353.56, 0.00, 12.04, 9.79, -3.30
0, 8486077, -17, -10, 353.56, 0.00, 12.00, 9.83, 9.78
0, 8494881, 63, -12, 353.69, 0.00, 12.11, 9.83, 24.39
0, 8504415, 231, -14, 353.87, 0.06, 12.38, 9.73, 39.59
0, 8512233, 415, -15, 354.50, 0.06, 12.38, 9.73, 51.32
0, 8518176, 614, -17, 354.50, 0.06, 12.47, 9.73, 59.64
0, 8524317, 836, -27, 355.94, 0.06, 12.47, 9.77, 67.62
0, 8530379, 903, -69, 358.19, 0.13, 12.11, 9.76, 74.78
0, 8540253, 905, -68, 361.44, 0.31, 11.27, 11.39, 84.75
0, 8550007, 907, -68, 362.94, 0.62, 11.08, 8.22, 92.29
0, 8558913, 910, -68, 363.00, 0.62, 12.18, 9.52, 97.01
0, 8566312, 911, -68, 363.00, 0.62, 12.15, 9.52, 99.28
0, 8574574, 913, -68, 363.00, 0.62, 11.89, 9.83, 99.98
0, 8581717, 913, -68, 363.00, 0.62, 11.89, 9.91, 99.03
0, 8591287, 913, -68, 363.06, 0.62, 11.89, 9.77, 95.52
0, 8601167, 913, -68, 363.06, 0.62, 12.08, 9.69, 89.29
0, 8610451, 913, -68, 363.06, 0.62, 11.94, 9.86, 81.18
0, 8617222, 912, -68, 363.06, 0.62, 12.02, 9.77, 74.00
0, 8627013, 911, -68, 363.00, 0.62, 12.06, 9.72, 61.94
0, 8636948, 907, -68, 363.00, 0.62, 12.00, 9.75, 47.99
0, 8646812, 901, -68, 363.00, 0.62, 12.02, 9.77, 32.81
0, 8656839, 889, -67, 362.94, 0.62, 12.08, 9.77, 16.45
0, 8664851, 870, -62, 362.87, 0.62, 12.04, 9.74, 3.02
0, 8671705, 845, -56, 362.81, 0.62, 12.04, 9.66, -8.52
0, 8678418, 788, -52, 362.62, 0.62, 11.88, 9.74, -19.72
0, 8686366, 664, -43, 362.62, 0.56, 11.95, 9.74, -32.63
0, 8695082, 501, -25, 362.31, 0.50, 11.63, 9.91, -46.12
0, 8704340, 205, -17, 361.31, 0.37, 11.63, 9.85, -59.35
0, 8712161, -56, -9, 359.69, 0.25, 11.63, 9.99, -69.41
0, 8717867, -65, -2, 359.69, 0.25, 11.02, 9.99, -76.01
0, 8723827, -67, -2, 357.12, 0.13, 11.02, 9.50, -82.14
0, 8729535, -69, -2, 354.00, 0.13, 14.26, 9.44, -87.24
0, 8738054, -71, -1, 354.00, 0.06, 11.47, 9.85, -93.34
0, 8747369, -75, -1, 353.50, 0.00, 11.97, 9.91, -97.80
0, 8757023, -79, -1, 353.50, 0.00, 12.12, 9.91, -99.89
0, 8765413, -80, -1, 353.44, 0.00, 11.96, 9.75, -99.56
0, 8772900, -80, 0, 353.44, 0.00, 11.96, 9.82, -97.58
0, 8780746, -80, 0, 353.37, 0.00, 11.99, 9.75, -93.85
0, 8790644, -80, 0, 353.37, 0.00, 12.02, 9.78, -86.81
0, 8799564, -79, 0, 353.37, 0.00, 11.95, 9.80, -78.40
0, 8808664, -79, 0, 353.37, 0.00, 12.03, 9.80, -68.00
0, 8815562, -76, -1, 353.37, 0.00, 12.03, 9.78, -59.03
0, 8823400, -74, -1, 353.37, 0.00, 11.97, 9.76, -47.88
0, 8832231, -68, -2, 353.44, 0.00, 11.97, 9.76, -34.33
0, 8841569, -61, -3, 353.44, 0.00, 12.00, 9.75, -19.19
0, 8850574, -49, -6, 353.50, 0.00, 11.93, 9.79, -4.13
0, 8859493, -20, -10, 353.56, 0.00, 11.93, 9.79, 10.88
0, 8865194, 25, -12, 353.56, 0.00, 11.93, 9.85, 20.37
0, 8870897, 114, -13, 353.69, 0.00, 12.09, 9.85, 29.67
0, 8876597, 232, -14, 353.69, 0.06, 12.31, 9.67, 38.70
0, 8883372, 402, -15, 354.06, 0.13, 12.56, 9.67, 48.95
0, 8891319, 666, -18, 355.31, 0.13, 12.56, 9.83, 60.16
0, 8900178, 885, -57, 357.50, 0.13, 12.03, 9.85, 71.38
0, 8909525, 902, -67, 360.50, 0.13, 11.18, 9.85, 81.48
0, 8915240, 904, -67, 360.50, 0.19, 11.18, 10.64, 86.68
0, 8920954, 906, -67, 362.69, 0.19, 11.59, 10.64, 91.07
0, 8926701, 907, -67, 362.69, 0.56, 11.57, 8.89, 94.64
0, 8934026, 909, -67, 362.87, 0.62, 11.93, 10.15, 97.90
0, 8943534, 910, -67, 362.94, 0.62, 11.84, 9.55, 99.90
0, 8952564, 912, -67, 362.94, 0.62, 12.04, 9.77, 99.43
0, 8961216, 912, -67, 362.94, 0.62, 12.04, 9.91, 96.82
0, 8969651, 912, -67, 362.94, 0.62, 12.06, 9.83, 92.30
0, 8979333, 912, -67, 362.94, 0.62, 11.92, 9.77, 84.82
0, 8989110, 911, -67, 362.94, 0.62, 12.06, 9.80, 74.98
0, 8997911, 910, -67, 362.94, 0.62, 12.07, 9.80, 64.37
0, 9006778, 906, -67, 362.94, 0.62, 11.96, 9.86, 52.26
0, 9013814, 902, -67, 362.94, 0.62, 11.96, 9.80, 41.81
0, 9020488, 896, -67, 362.87, 0.62, 12.02, 9.80, 31.34
0, 9028259, 888, -67, 362.81, 0.62, 11.99, 9.80, 18.67
0, 9036281, 874, -63, 362.81, 0.62, 11.99, 9.78, 5.26
0, 9044807, 839, -55, 362.75, 0.62, 11.93, 9.73, -9.10
0, 9053162, 761, -49, 362.62, 0.62, 11.89, 9.74, -22.99
0, 9061483, 630, -39, 362.37, 0.62, 11.89, 9.94, -36.37
0, 9067358, 519, -26, 362.37, 0.56, 11.79, 9.94, -45.40
0, 9073061, 351, -19, 361.69, 0.56, 11.79, 9.57, -53.74
0, 9078972, 111, -16, 360.31, 0.44, 11.56, 9.57, -61.86
0, 9085626, -73, 1, 360.31, 0.31, 11.20, 9.80, -70.27
0, 9093833, -67, -2, 358.12, 0.19, 12.14, 9.69, -79.41
0, 9102842, -69, -2, 354.62, 0.13, 11.49, 10.32, -87.69
0, 9112007, -72, -1, 353.44, 0.13, 11.49, 9.68, -94.04
0, 9117718, -75, -1, 353.44, 0.00, 12.08, 9.68, -96.87
0, 9123624, -78, -1, 353.44, 0.00, 12.08, 9.88, -98.86
0, 9129431, -79, -1, 353.37, 0.00, 12.18, 9.88, -99.86
0, 9137677, -80, 0, 353.37, 0.00, 11.93, 9.81, -99.63
0, 9146742, -80, 0, 353.37, 0.00, 12.03, 9.72, -97.17
0, 9155843, -80, 0, 353.31, 0.00, 12.03, 9.80, -92.42
0, 9162768, -80, 0, 353.31, 0.00, 12.03, 9.79, -87.34
0, 9170648, -80, 0, 353.31, 0.00, 11.97, 9.76, -80.12
0, 9180168, -79, 0, 353.31, 0.00, 12.01, 9.76, -69.53
0, 9189381, -77, -1, 353.31, 0.00, 12.04, 9.77, -57.58
0, 9198044, -73, -1, 353.31, 0.00, 12.00, 9.77, -45.07
0, 9206670, -67, -2, 353.37, 0.00, 12.02, 9.77, -31.66
0, 9213701, -60, -3, 353.37, 0.00, 12.02, 9.78, -20.22
0, 9220748, -51, -5, 353.44, 0.00, 12.04, 9.83, -8.47
0, 9228600, -33, -9, 353.44, 0.00, 12.02, 9.83, 4.75
0, 9236347, 14, -11, 353.50, 0.06, 11.98, 9.80, 17.71
0, 9244066, 121, -13, 353.62, 0.06, 12.32, 9.62, 30.33
0, 9252154, 286, -14, 353.87, 0.13, 12.49, 9.84, 43.00
0, 9260853, 527, -16, 354.75, 0.13, 12.49, 9.84, 55.73
0, 9266557, 731, -20, 354.75, 0.13, 12.39, 9.68, 63.45
0, 9272510, 883, -50, 356.50, 0.13, 12.39, 9.84, 70.87
0, 9278423, 905, -68, 359.12, 0.13, 11.70, 9.84, 77.54
0, 9287474, 905, -68, 359.12, 0.13, 11.58, 10.08, 86.23
0, 9296196, 908, -68, 362.12, 0.44, 11.17, 9.39, 92.72
0, 9303964, 910, -68, 362.87, 0.69, 11.78, 10.06, 96.82
0, 9312603, 911, -68, 362.87, 0.69, 11.78, 9.88, 99.42
0, 9320291, 912, -68, 362.87, 0.69, 12.02, 9.64, 99.98
0, 9330181, 913, -68, 362.87, 0.69, 12.18, 9.87, 98.22
0, 9340162, 913, -68, 362.94, 0.69, 12.04, 9.82, 93.69
0, 9349882, 913, -68, 362.94, 0.69, 11.97, 9.82, 86.73
0, 9358622, 913, -68, 362.94, 0.69, 12.07, 9.72, 78.48
0, 9364578, 912, -68, 362.94, 0.69, 12.02, 9.81, 71.88
0, 9372119, 910, -68, 362.94, 0.69, 11.99, 9.81, 62.49
0, 9380796, 907, -68, 362.87, 0.69, 11.99, 9.75, 50.44
0, 9390355, 902, -68, 362.87, 0.69, 12.03, 9.75, 35.93
0, 9398980, 893, -68, 362.81, 0.69, 12.07, 9.79, 22.04
0, 9406166, 879, -64, 362.81, 0.69, 11.93, 9.78, 10.09
0, 9412943, 859, -59, 362.75, 0.69, 11.93, 9.74, -1.32
0, 9420003, 824, -54, 362.69, 0.69, 11.94, 9.74, -13.18
0, 9427714, 734, -48, 362.69, 0.62, 11.96, 9.71, -25.92
0, 9434552, 621, -39, 362.44, 0.50, 11.82, 9.78, -36.85
0, 9442070, 460, -23, 362.00, 0.50, 11.51, 9.54, -48.31
0, 9450921, 148, -16, 360.81, 0.44, 11.51, 9.95, -60.78
0, 9459806, -69, 0, 358.94, 0.25, 11.54, 9.95, -71.95
0, 9465519, -66, -2, 358.94, 0.19, 11.53, 9.73, -78.29
0, 9471231, -67, -2, 355.81, 0.19, 11.53, 9.73, -83.91
0, 9476940, -69, -2, 355.81, 0.06, 11.76, 10.49, -88.75
0, 9483656, -72, -1, 353.50, 0.06, 12.02, 9.83, -93.39
0, 9492234, -75, -1, 353.44, 0.06, 11.98, 9.53, -97.57
0, 9501242, -78, -1, 353.37, 0.06, 11.98, 9.80, -99.76
0, 9510943, -80, -1, 353.31, 0.06, 11.97, 9.80, -99.56
0, 9517514, -80, -1, 353.31, 0.06, 12.09, 9.81, -97.91
0, 9524260, -80, -1, 353.31, 0.06, 11.98, 9.71, -94.96
0, 9531334, -80, -1, 353.31, 0.06, 11.98, 9.76, -90.56
0, 9540679, -80, -1, 353.31, 0.06, 12.00, 9.79, -82.79
0, 9549781, -79, -1, 353.31, 0.06, 12.02, 9.79, -73.24
0, 9558437, -78, -1, 353.31, 0.06, 12.01, 9.75, -62.57
0, 9564534, -75, -1, 353.31, 0.06, 12.02, 9.78, -54.23
0, 9572032, -71, -1, 353.31, 0.06, 11.98, 9.73, -43.21
0, 9581006, -66, -2, 353.31, 0.06, 11.98, 9.73, -29.13
0, 9589600, -58, -3, 353.37, 0.06, 12.00, 9.76, -15.01
0, 9597271, -44, -7, 353.37, 0.06, 11.92, 9.80, -2.14
0, 9604357, -20, -10, 353.44, 0.06, 11.89, 9.87, 9.79
0, 9612710, 59, -12, 353.50, 0.06, 11.89, 9.87, 23.66
0, 9618415, 151, -13, 353.50, 0.13, 12.16, 9.77, 32.88
0, 9624328, 279, -14, 353.69, 0.13, 12.16, 9.77, 42.11
0, 9630223, 437, -16, 354.31, 0.13, 12.35, 9.77, 50.90
0, 9636901, 671, -18, 354.31, 0.13, 12.47, 9.81, 60.25
0, 9643832, 877, -42, 355.81, 0.19, 11.89, 9.78, 69.14
0, 9652319, 903, -68, 358.25, 0.19, 11.53, 11.14, 78.73
0, 9661699, 905, -67, 361.44, 0.25, 11.53, 11.14, 87.46
0, 9667413, 907, -67, 361.44, 0.69, 11.09, 8.08, 91.72
0, 9673365, 908, -67, 362.75, 0.69, 11.09, 8.08, 95.25
0, 9679460, 910, -67, 362.81, 0.69, 11.95, 9.59, 97.87
0, 9687727, 911, -67, 362.81, 0.69, 12.18, 9.87, 99.77
0, 9695429, 912, -67, 362.81, 0.69, 12.15, 9.96, 99.81
0, 9703366, 913, -67, 362.87, 0.69, 11.86, 9.68, 98.08
0, 9712611, 913, -67, 362.87, 0.69, 11.86, 9.68, 93.87
0, 9720072, 913, -67, 362.87, 0.69, 12.02, 9.75, 88.80
0, 9729054, 912, -67, 362.87, 0.69, 12.04, 9.83, 80.85
0, 9736664, 911, -67, 362.87, 0.69, 12.00, 9.73, 72.66
0, 9744042, 910, -67, 362.87, 0.69, 12.04, 9.76, 63.58
0, 9752637, 907, -67, 362.87, 0.69, 12.02, 9.78, 51.77
0, 9761449, 902, -67, 362.81, 0.69, 12.02, 9.78, 38.54
0, 9767167, 895, -67, 362.81, 0.69, 12.07, 9.74, 29.48
0, 9773876, 887, -67, 362.81, 0.69, 11.94, 9.72, 18.51
0, 9781736, 873, -63, 362.75, 0.69, 11.94, 9.72, 5.36
0, 9790427, 839, -55, 362.62, 0.69, 12.06, 9.67, -9.27
0, 9798130, 768, -50, 362.62, 0.62, 12.01, 9.77, -22.08
0, 9804511, 667, -43, 362.50, 0.56, 11.96, 9.88, -32.43
0, 9813133, 501, -26, 362.12, 0.56, 11.96, 9.88, -45.78
0, 9818840, 343, -18, 362.12, 0.50, 11.57, 9.68, -54.11
0, 9824646, 110, -16, 361.19, 0.50, 11.57, 9.68, -62.07
0, 9830753, -71, 0, 359.56, 0.31, 11.71, 10.05, -69.80
0, 9836863, -66, -2, 359.56, 0.19, 10.89, 9.51, -76.79
0, 9844979, -68, -2, 357.00, 0.13, 12.72, 9.75, -84.81
0, 9853051, -70, -2, 353.75, 0.13, 11.93, 9.90, -91.21
0, 9863038, -74, -1, 353.37, 0.06, 11.93, 9.90, -96.79
0, 9869698, -77, -1, 353.31, 0.06, 11.91, 9.87, -99.00
0, 9876307, -79, -1, 353.31, 0.06, 12.01, 9.74, -99.95
0, 9883285, -80, -1, 353.31, 0.06, 12.04, 9.84, -99.62
0, 9892913, -80, 0, 353.25, 0.06, 11.95, 9.76, -96.90
0, 9902778, -80, 0, 353.25, 0.06, 12.02, 9.78, -91.48
0, 9912888, -80, 0, 353.25, 0.06, 12.02, 9.78, -83.30
0, 9920191, -79, 0, 353.25, 0.06, 12.01, 9.74, -75.88
0, 9927938, -78, -1, 353.25, 0.06, 12.03, 9.79, -66.75
0, 9935297, -76, -1, 353.25, 0.06, 12.00, 9.79, -57.03
0, 9943463, -73, -1, 353.25, 0.06, 12.00, 9.73, -45.22
0, 9952985, -67, -2, 353.25, 0.06, 11.99, 9.77, -30.38
0, 9963029, -58, -3, 353.31, 0.06, 11.99, 9.77, -13.90
0, 9969490, -45, -6, 353.37, 0.06, 11.89, 9.77, -3.05
0, 9975383, -26, -10, 353.37, 0.06, 11.96, 9.75, 6.88
0, 9983237, 38, -12, 353.44, 0.13, 12.07, 9.75, 19.99
0, 9991652, 168, -13, 353.56, 0.13, 12.07, 9.80, 33.64
0, 10000759, 365, -15, 354.06, 0.19, 12.31, 9.73, 47.64
