********************************************************************************
Obsolete PIO Core v6.1.11 is used (previous was 6.1.14)
Please remove multiple PIO Cores from a system:
https://docs.platformio.org/en/latest/core/installation/troubleshooting.html
********************************************************************************
--- Terminal on /dev/cu.usbmodem14303 | 230400 8-N-1
--- Available filters and text transformations: colorize, debug, default, direct, hexlify, log2file, nocontrol, printable, send_on_enter, time
--- More details at https://bit.ly/pio-monitor-filters
--- Quit: Ctrl+C | Menu: Ctrl+T | Help: Ctrl+T followed by Ctrl+H
start
pain
Waiting for ODrive...
pin
found ODrive
DC voltage: 24.00
Enabling closed loop control...
ODrive running!
end time:10000000
0, 34, 65536, -65536, -7.00, -0.13, 11.98, 9.51, 100.00
0, 9380, 404, -11, -7.00, -0.13, 11.98, 9.59, 98.75
0, 17131, 981, -35, -7.00, -0.13, 11.99, 9.94, 95.86
0, 23893, 1195, -51, -7.00, -0.06, 13.43, 9.94, 92.00
0, 31039, 1379, -33, -5.69, 0.06, 10.11, 9.16, 86.62
0, 40967, 1642, -7, 0.62, 0.37, 11.25, 8.60, 77.09
0, 50973, 1806, 11, 4.69, 0.19, 11.11, 10.51, 65.30
0, 61039, 1897, 20, 7.31, -0.06, 11.11, 8.86, 51.58
0, 67174, 1937, 25, 9.56, -0.06, 11.91, 8.86, 42.46
0, 73061, 1953, 26, 9.56, -0.25, 12.05, 9.71, 33.28
0, 79160, 1949, 27, 10.88, -0.31, 12.05, 9.60, 23.43
0, 87236, 1941, 30, 11.63, -0.31, 11.71, 9.79, 10.02
0, 96193, 1921, 36, 11.94, -0.31, 12.01, 9.73, -5.06
0, 105260, 1868, 42, 11.94, -0.37, 11.99, 9.58, -20.21
0, 113686, 1742, 51, 11.88, -0.44, 11.81, 9.58, -33.87
0, 119571, 1622, 56, 11.69, -0.44, 11.81, 9.93, -43.02
0, 125271, 1482, 60, 11.69, -0.50, 11.63, 9.93, -51.48
0, 131210, 1274, 70, 11.19, -0.56, 11.75, 9.84, -59.79
0, 140886, 905, 86, 9.75, -0.69, 11.27, 9.62, -72.01
0, 149942, 798, 82, 7.50, -0.81, 13.21, 9.57, -81.72
0, 159197, 691, 73, 3.94, -0.88, 13.21, 10.54, -89.69
0, 165967, 591, 65, 3.94, -0.88, 11.91, 10.54, -94.14
0, 171678, 465, 54, 1.37, -0.81, 11.91, 9.77, -96.95
0, 177558, 282, 38, 0.25, -0.81, 11.82, 9.74, -98.90
0, 184873, 93, 21, 0.25, -0.75, 11.70, 9.82, -99.97
0, 193937, -34, 10, -1.06, -0.56, 12.49, 9.82, -99.19
0, 203759, -108, 4, -3.31, -0.31, 12.56, 9.82, -95.74
0, 212582, -117, 3, -5.94, -0.19, 12.25, 9.78, -90.40
0, 218286, -116, 3, -7.37, -0.19, 12.25, 9.86, -85.88
0, 224014, -115, 2, -7.37, -0.13, 12.10, 9.86, -80.54
0, 229776, -114, 2, -8.00, -0.13, 12.10, 9.77, -74.42
0, 237679, -112, 1, -8.13, -0.13, 11.99, 9.74, -64.89
0, 246856, -107, 1, -8.13, -0.13, 12.03, 9.82, -52.39
0, 256495, -100, -1, -8.06, -0.13, 12.03, 9.77, -37.92
0, 264540, -92, -2, -8.06, -0.13, 12.06, 9.77, -25.06
0, 270246, -85, -3, -8.06, -0.13, 12.06, 9.72, -15.65
0, 276063, -77, -5, -7.94, -0.13, 12.03, 9.72, -5.91
0, 281781, -64, -8, -7.94, -0.06, 12.01, 9.76, 3.73
0, 290378, -18, -10, -7.87, -0.06, 12.05, 9.79, 18.12
0, 299102, 97, -12, -7.75, 0.00, 12.05, 9.73, 32.33
0, 307933, 298, -14, -7.50, 0.00, 12.19, 9.88, 46.01
0, 315880, 549, -17, -7.50, 0.00, 12.54, 9.88, 57.45
0, 321741, 781, -25, -6.75, 0.00, 12.54, 9.69, 65.25
0, 328121, 908, -58, -4.94, 0.00, 12.03, 9.87, 73.00
0, 337503, 1045, -58, -2.19, 0.06, 11.47, 10.70, 82.86
0, 347177, 1214, -47, 1.06, 0.25, 11.77, 10.12, 90.85
0, 357057, 1434, -28, 2.69, 0.44, 11.78, 9.63, 96.52
0, 365100, 1657, -6, 2.69, 0.44, 12.17, 9.63, 99.17
0, 371064, 1797, 10, 4.25, 0.44, 12.17, 9.58, 99.96
0, 376767, 1917, 21, 6.25, 0.25, 12.25, 9.58, 99.77
0, 383529, 2106, 38, 6.25, 0.06, 11.67, 9.89, 98.36
0, 391592, 2417, 68, 8.81, -0.19, 12.56, 9.88, 95.00
0, 400467, 2776, 105, 11.13, -0.44, 12.20, 9.68, 89.29
0, 410401, 3050, 133, 13.81, -0.75, 12.20, 9.76, 80.54
0, 417411, 3268, 152, 17.69, -0.75, 11.57, 9.76, 72.99
0, 423117, 3463, 170, 17.69, -1.12, 11.61, 9.95, 66.09
0, 428823, 3627, 188, 21.06, -1.12, 11.61, 9.74, 58.57
0, 436698, 3714, 202, 23.94, -1.31, 11.82, 9.74, 47.33
0, 445001, 3721, 203, 23.94, -1.62, 11.38, 9.72, 34.58
0, 454436, 3712, 205, 27.12, -1.87, 11.50, 9.84, 19.28
0, 463410, 3697, 207, 29.06, -1.87, 11.84, 9.73, 4.28
0, 469419, 3677, 209, 29.37, -1.87, 11.84, 9.73, -5.85
0, 475355, 3629, 209, 29.37, -1.94, 11.81, 9.73, -15.79
0, 481279, 3558, 210, 29.25, -1.94, 11.75, 9.81, -25.55
0, 490390, 3426, 211, 29.06, -2.00, 11.95, 9.83, -40.04
0, 499353, 3212, 214, 28.56, -2.00, 11.95, 9.70, -53.38
0, 508222, 2837, 227, 27.37, -2.00, 11.69, 9.71, -65.38
0, 515976, 2554, 233, 25.75, -2.06, 11.27, 9.71, -74.68
0, 521821, 2386, 231, 25.75, -2.06, 11.27, 8.96, -80.86
0, 527730, 2143, 213, 22.44, -2.12, 12.02, 8.96, -86.31
0, 534433, 1855, 187, 22.44, -2.19, 11.46, 10.20, -91.45
0, 543743, 1489, 154, 18.56, -2.12, 11.60, 9.88, -96.65
0, 551465, 1133, 121, 15.44, -1.87, 12.06, 9.64, -99.16
0, 560971, 661, 76, 11.31, -1.50, 11.43, 9.69, -99.95
0, 568265, 350, 47, 7.44, -1.50, 11.43, 9.69, -98.82
0, 573978, 122, 25, 7.44, -1.12, 12.55, 10.00, -96.89
0, 580027, -8, 13, 2.81, -1.12, 12.55, 9.67, -93.87
0, 588262, -83, 6, -1.75, -0.75, 11.87, 9.81, -88.19
0, 598028, -87, 5, -5.62, -0.37, 12.71, 9.76, -79.27
0, 608031, -83, 4, -7.44, -0.19, 12.47, 9.76, -67.92
0, 616392, -78, 3, -7.81, -0.13, 12.02, 9.76, -56.94
0, 622098, -73, 3, -7.81, -0.13, 12.01, 9.73, -48.78
0, 628896, -68, 2, -7.75, -0.13, 12.01, 9.78, -38.48
0, 638294, -61, 1, -7.69, -0.13, 11.99, 9.77, -23.44
0, 648081, -50, -2, -7.62, -0.13, 12.03, 9.71, -7.15
0, 656800, -26, -7, -7.56, -0.06, 11.98, 9.71, 7.53
0, 663786, 22, -8, -7.56, -0.06, 12.00, 9.88, 19.19
0, 670261, 119, -9, -7.50, -0.06, 12.00, 9.88, 29.77
0, 676222, 249, -10, -7.31, 0.00, 12.38, 9.78, 39.20
0, 682038, 403, -12, -7.31, 0.00, 12.50, 9.71, 48.01
0, 689782, 675, -16, -6.69, 0.00, 12.50, 9.65, 59.02
0, 698274, 901, -49, -5.06, 0.00, 12.63, 9.86, 69.93
0, 708292, 1043, -55, -2.37, 0.06, 11.23, 9.86, 80.95
0, 716667, 1193, -49, 0.81, 0.13, 12.21, 9.90, 88.41
0, 722369, 1316, -38, 0.81, 0.13, 12.21, 9.38, 92.48
0, 728503, 1471, -24, 2.50, 0.44, 11.81, 9.38, 95.92
0, 735528, 1673, -4, 2.50, 0.44, 12.13, 9.64, 98.59
0, 742833, 1839, 14, 4.12, 0.31, 12.22, 9.74, 99.90
0, 750681, 2033, 32, 6.19, 0.06, 11.62, 9.67, 99.62
0, 759845, 2376, 64, 8.81, 0.06, 11.62, 9.85, 97.10
0, 767862, 2724, 99, 11.19, -0.13, 12.56, 9.85, 92.99
0, 773569, 2898, 119, 11.19, -0.37, 12.13, 9.69, 89.03
0, 779458, 3069, 134, 13.94, -0.37, 12.13, 9.47, 84.08
0, 787305, 3337, 158, 17.94, -0.69, 11.36, 9.47, 76.20
0, 794812, 3613, 185, 17.94, -1.06, 11.90, 10.05, 67.42
0, 802531, 3753, 206, 21.37, -1.31, 11.69, 9.72, 57.27
0, 810680, 3789, 209, 24.44, -1.31, 11.69, 9.67, 45.50
0, 818776, 3785, 210, 27.94, -1.62, 11.27, 9.67, 32.97
0, 824481, 3777, 211, 27.94, -1.87, 11.70, 9.87, 23.75
0, 830503, 3767, 213, 29.75, -1.87, 11.70, 9.73, 13.79
0, 838317, 3750, 215, 30.00, -1.94, 11.80, 9.73, 0.66
0, 847226, 3685, 215, 29.94, -1.94, 11.84, 9.79, -14.31
0, 854923, 3584, 217, 29.94, -2.00, 11.87, 9.91, -26.99
0, 861834, 3478, 218, 29.75, -2.00, 11.72, 9.83, -38.00
0, 869414, 3320, 220, 29.31, -2.00, 11.72, 9.83, -49.48
0, 875122, 3115, 225, 29.31, -2.06, 11.64, 9.75, -57.60
0, 881063, 2846, 233, 28.19, -2.06, 11.44, 9.60, -65.48
0, 889008, 2579, 239, 26.56, -2.06, 11.44, 9.60, -74.99
0, 897620, 2328, 231, 23.81, -2.12, 11.94, 9.82, -83.77
0, 905714, 1976, 198, 23.81, -2.19, 11.87, 10.05, -90.42
0, 913198, 1666, 170, 19.81, -2.19, 11.22, 9.66, -95.07
0, 920234, 1385, 145, 16.94, -2.19, 11.22, 9.66, -98.07
0, 925948, 1095, 118, 16.94, -2.00, 12.03, 9.79, -99.50
0, 931903, 786, 88, 13.13, -1.62, 11.28, 9.84, -100.00
0, 940007, 424, 54, 9.06, -1.62, 12.14, 9.93, -99.07
0, 948950, 77, 21, 4.75, -1.31, 12.14, 9.93, -95.90
0, 958335, -63, 8, -0.13, -0.88, 12.15, 9.64, -90.23
0, 965590, -84, 5, -0.13, -0.50, 13.04, 9.90, -84.30
0, 972078, -82, 5, -4.44, -0.50, 13.04, 9.90, -77.93
0, 977992, -80, 5, -7.00, -0.19, 12.57, 9.73, -71.30
0, 984761, -77, 4, -7.00, -0.13, 12.04, 9.78, -62.86
0, 991747, -73, 3, -7.75, -0.13, 12.04, 9.76, -53.29
0, 1000489, -67, 3, -7.69, -0.13, 12.01, 9.75, -40.28
0, 1009869, -59, 1, -7.69, -0.06, 12.01, 9.75, -25.37
0, 1018469, -49, -1, -7.62, -0.06, 12.03, 9.77, -11.13
0, 1024172, -36, -5, -7.62, -0.06, 11.94, 9.80, -1.54
0, 1030360, -11, -7, -7.56, -0.06, 11.94, 9.80, 8.88
0, 1038635, 67, -9, -7.44, -0.06, 11.98, 9.79, 22.64
0, 1046329, 202, -9, -7.44, 0.00, 12.29, 9.75, 35.05
0, 1052533, 346, -11, -7.31, 0.00, 12.41, 9.91, 44.63
0, 1060970, 617, -14, -6.81, 0.00, 12.41, 9.91, 56.86
0, 1069060, 881, -35, -5.44, 0.00, 12.57, 9.64, 67.52
0, 1074756, 949, -55, -5.44, 0.06, 11.33, 9.93, 74.28
0, 1080852, 1042, -55, -3.19, 0.06, 11.33, 9.16, 80.75
0, 1089141, 1197, -48, 0.00, 0.31, 12.01, 9.16, 88.18
0, 1098709, 1414, -29, 2.12, 0.44, 11.75, 9.78, 94.61
0, 1108074, 1673, -4, 3.69, 0.31, 12.16, 9.73, 98.52
0, 1114744, 1824, 12, 3.69, 0.13, 12.09, 9.71, 99.82
0, 1121515, 1978, 27, 5.62, 0.13, 12.09, 9.71, 99.85
0, 1127216, 2161, 43, 5.62, -0.13, 11.78, 9.65, 98.87
0, 1132923, 2385, 65, 8.13, -0.13, 12.02, 9.87, 96.97
0, 1140748, 2719, 98, 10.56, -0.31, 12.14, 9.69, 92.91
0, 1150280, 2999, 127, 13.00, -0.62, 12.14, 9.69, 85.80
0, 1159371, 3298, 154, 16.62, -1.00, 11.59, 9.73, 76.95
0, 1167001, 3580, 182, 16.62, -1.25, 11.69, 9.93, 68.13
0, 1173308, 3722, 201, 20.44, -1.25, 11.81, 9.93, 59.98
0, 1179475, 3771, 206, 23.37, -1.50, 11.81, 9.80, 51.35
0, 1187281, 3777, 208, 26.81, -1.81, 11.31, 9.62, 39.65
0, 1194665, 3771, 209, 26.81, -1.94, 11.62, 9.71, 27.94
0, 1202569, 3760, 211, 29.37, -1.94, 11.85, 9.75, 14.94
0, 1211431, 3742, 213, 29.94, -1.94, 11.85, 9.75, 0.06
0, 1219550, 3685, 214, 29.87, -2.00, 11.85, 9.68, -13.58
0, 1225255, 3611, 215, 29.87, -2.00, 11.90, 9.89, -23.03
0, 1231248, 3517, 215, 29.75, -2.00, 11.90, 9.89, -32.73
0, 1239369, 3372, 218, 29.44, -2.00, 11.58, 9.81, -45.32
0, 1247917, 3097, 223, 28.50, -2.06, 11.68, 9.70, -57.65
0, 1254873, 2802, 232, 28.50, -2.12, 11.48, 9.76, -66.81
0, 1262755, 2559, 239, 27.00, -2.12, 11.82, 9.41, -76.08
0, 1270595, 2334, 231, 24.75, -2.19, 11.82, 9.41, -83.97
0, 1276292, 2088, 209, 24.75, -2.25, 12.14, 10.53, -88.79
0, 1282183, 1831, 186, 20.94, -2.25, 11.36, 10.53, -92.91
0, 1290165, 1505, 155, 17.81, -2.12, 11.36, 9.99, -97.03
0, 1299874, 1040, 113, 14.56, -1.81, 11.74, 9.85, -99.68
0, 1309930, 563, 67, 10.38, -1.50, 12.27, 9.74, -99.61
0, 1316762, 270, 40, 10.38, -1.06, 11.95, 9.89, -97.93
0, 1323793, 54, 19, 6.25, -1.06, 11.95, 9.89, -94.84
0, 1329508, -27, 11, 1.37, -0.69, 12.41, 9.80, -91.35
0, 1336889, -62, 8, -2.94, -0.31, 12.38, 9.85, -85.60
0, 1343431, -59, 7, -2.94, -0.31, 12.55, 9.73, -79.39
0, 1352046, -57, 7, -6.25, -0.19, 12.13, 9.81, -69.76
0, 1361946, -52, 6, -7.37, -0.13, 12.13, 9.81, -56.89
0, 1370581, -46, 5, -7.44, -0.13, 12.00, 9.83, -44.36
0, 1376286, -39, 4, -7.44, -0.13, 12.02, 9.73, -35.55
0, 1384544, -33, 3, -7.44, -0.13, 12.04, 9.80, -22.23
0, 1392677, -22, 0, -7.37, -0.13, 11.99, 9.72, -8.70
0, 1402148, 2, -4, -7.31, -0.06, 12.06, 9.79, 7.25
0, 1411922, 84, -6, -7.25, -0.06, 12.06, 9.79, 23.50
0, 1419864, 225, -7, -7.12, 0.00, 12.16, 9.70, 36.27
0, 1425564, 359, -8, -7.12, 0.00, 12.37, 9.70, 45.04
0, 1431265, 536, -10, -6.81, 0.00, 12.37, 9.74, 53.40
0, 1438166, 797, -17, -5.81, 0.00, 12.46, 9.77, 62.85
0, 1445125, 936, -54, -5.81, 0.00, 11.62, 9.76, 71.52
0, 1453711, 1067, -54, -3.87, 0.00, 11.66, 10.83, 80.85
0, 1462600, 1234, -44, -0.88, 0.19, 11.86, 10.83, 88.73
0, 1470502, 1413, -29, 1.94, 0.44, 11.86, 10.17, 94.07
0, 1476209, 1569, -14, 1.94, 0.44, 12.34, 9.59, 96.89
0, 1482098, 1728, 2, 3.37, 0.37, 12.09, 9.59, 98.87
0, 1489935, 1894, 19, 5.25, 0.25, 12.09, 9.64, 99.98
0, 1498961, 2148, 42, 7.56, 0.00, 11.93, 9.80, 99.11
0, 1507709, 2498, 75, 10.13, -0.25, 11.86, 9.89, 96.08
0, 1514568, 2775, 105, 10.13, -0.25, 12.23, 9.64, 92.24
0, 1522446, 3001, 127, 12.38, -0.44, 12.23, 9.64, 86.31
0, 1528156, 3181, 143, 15.69, -0.81, 11.73, 9.56, 81.06
0, 1534480, 3406, 164, 15.69, -0.81, 11.57, 9.56, 74.36
0, 1541724, 3650, 190, 19.69, -1.12, 11.90, 10.07, 65.67
0, 1551394, 3773, 206, 22.69, -1.37, 11.36, 9.83, 52.56
0, 1561091, 3787, 209, 25.94, -1.69, 11.36, 9.40, 38.01
0, 1567762, 3779, 210, 25.94, -1.87, 11.51, 9.97, 27.40
0, 1574557, 3769, 212, 28.94, -1.87, 11.69, 9.97, 16.22
0, 1580262, 3758, 213, 30.00, -1.94, 11.69, 9.73, 6.68
0, 1588106, 3723, 214, 30.00, -1.94, 11.81, 9.74, -6.54
0, 1594973, 3655, 215, 30.00, -1.94, 11.86, 9.81, -18.02
0, 1604296, 3526, 217, 29.87, -2.00, 11.70, 9.83, -33.19
0, 1613262, 3381, 219, 29.62, -2.00, 11.82, 9.83, -47.01
0, 1620971, 3135, 224, 28.94, -2.06, 11.82, 9.66, -58.05
0, 1626683, 2878, 232, 28.94, -2.06, 11.55, 9.77, -65.61
0, 1632624, 2649, 239, 27.62, -2.06, 11.41, 9.77, -72.83
0, 1640446, 2431, 237, 26.00, -2.12, 11.41, 9.60, -81.20
0, 1649225, 2079, 208, 22.62, -2.19, 11.85, 10.17, -88.92
0, 1658561, 1696, 173, 18.81, -2.19, 11.49, 9.86, -94.99
0, 1665422, 1439, 150, 18.81, -2.19, 11.60, 9.61, -97.96
0, 1673283, 1059, 114, 15.75, -1.94, 11.60, 9.61, -99.76
0, 1679296, 761, 86, 11.69, -1.94, 12.25, 9.61, -99.95
0, 1686503, 462, 58, 11.69, -1.62, 11.62, 9.69, -98.83
0, 1692954, 197, 33, 7.87, -1.25, 12.57, 10.00, -96.59
0, 1702464, -4, 13, 3.44, -0.81, 11.94, 9.70, -91.22
0, 1712247, -53, 8, -1.12, -0.50, 11.94, 9.74, -83.25
0, 1719146, -50, 8, -4.94, -0.25, 12.62, 9.75, -76.26
0, 1726046, -47, 7, -4.94, -0.25, 12.48, 9.75, -68.24
0, 1731756, -44, 7, -6.94, -0.13, 12.48, 9.80, -60.90
0, 1739754, -40, 6, -7.37, -0.13, 11.93, 9.79, -49.69
0, 1749077, -33, 5, -7.37, -0.13, 12.09, 9.71, -35.50
0, 1758973, -24, 3, -7.31, -0.13, 12.06, 9.78, -19.48
0, 1765823, -11, 0, -7.31, -0.13, 12.04, 9.78, -8.05
0, 1773695, 10, -3, -7.25, -0.13, 12.04, 9.78, 5.21
0, 1779795, 49, -5, -7.19, -0.06, 12.01, 9.86, 15.43
0, 1787325, 157, -6, -7.06, -0.06, 12.12, 9.81, 27.81
0, 1793307, 277, -7, -7.06, -0.06, 12.45, 9.81, 37.34
0, 1802748, 525, -9, -6.81, 0.00, 12.37, 9.73, 51.57
0, 1812685, 855, -21, -6.00, 0.00, 12.37, 9.64, 65.13
0, 1819328, 936, -62, -4.19, 0.00, 11.80, 9.85, 73.20
0, 1826359, 941, -62, -4.19, 0.00, 11.37, 9.85, 80.74
0, 1832063, 943, -62, -1.62, 0.06, 11.27, 11.15, 86.03
0, 1840041, 946, -62, 1.31, 0.44, 11.27, 8.50, 92.09
0, 1848984, 948, -62, 2.19, 0.56, 12.03, 10.24, 96.90
0, 1858853, 951, -62, 2.19, 0.56, 12.15, 9.57, 99.65
0, 1865621, 952, -62, 2.19, 0.56, 12.07, 9.85, 99.95
0, 1873918, 956, -62, 2.25, 0.56, 11.90, 9.85, 98.55
0, 1880000, 1064, -57, 2.25, 0.56, 11.90, 9.87, 96.29
0, 1889828, 1323, -38, 2.25, 0.56, 12.76, 9.81, 90.53
0, 1899734, 1588, -12, 2.44, 0.50, 12.59, 9.72, 82.20
0, 1909611, 1784, 9, 4.19, 0.37, 11.89, 9.75, 71.63
0, 1916382, 1866, 17, 4.19, 0.37, 12.08, 9.75, 63.22
0, 1924106, 1942, 25, 6.75, 0.13, 12.08, 9.79, 52.63
0, 1930037, 1994, 30, 9.25, -0.06, 11.79, 9.81, 43.88
0, 1937322, 2034, 34, 9.25, -0.06, 11.97, 9.81, 32.54
0, 1943689, 2037, 35, 10.81, -0.19, 11.90, 9.80, 22.22
0, 1953506, 2028, 38, 11.88, -0.31, 11.83, 9.75, 5.86
0, 1963575, 2007, 45, 12.63, -0.31, 11.83, 9.73, -11.09
0, 1971023, 1965, 48, 12.88, -0.37, 12.07, 9.59, -23.44
0, 1977575, 1872, 54, 12.88, -0.37, 11.95, 9.59, -34.02
0, 1983739, 1723, 62, 12.75, -0.37, 11.67, 9.93, -43.58
0, 1991363, 1499, 70, 12.56, -0.44, 11.67, 9.81, -54.76
0, 1999461, 1175, 89, 11.94, -0.56, 11.30, 9.73, -65.64
0, 2008358, 940, 94, 10.00, -0.56, 11.74, 9.32, -76.17
0, 2015889, 851, 88, 10.00, -0.69, 11.72, 9.32, -83.76
0, 2023794, 734, 78, 7.00, -0.81, 11.72, 10.02, -90.28
0, 2029726, 640, 70, 3.31, -0.81, 11.81, 9.83, -94.12
0, 2036679, 498, 58, 3.31, -0.88, 11.80, 9.83, -97.42
0, 2043158, 304, 40, 1.69, -0.81, 11.98, 9.73, -99.30
0, 2051646, 81, 20, 0.31, -0.69, 11.98, 9.72, -99.97
0, 2061039, -46, 9, -1.31, -0.50, 11.93, 9.74, -98.33
0, 2067753, -96, 5, -3.87, -0.50, 12.83, 9.69, -95.64
0, 2076115, -105, 3, -3.87, -0.31, 12.25, 9.69, -90.59
0, 2082003, -104, 3, -6.31, -0.19, 12.25, 9.83, -85.95
0, 2090089, -103, 3, -7.50, -0.06, 12.43, 9.84, -78.21
0, 2097680, -101, 3, -7.87, -0.06, 12.01, 9.71, -69.62
0, 2106868, -97, 2, -7.87, -0.06, 12.04, 9.79, -57.71
0, 2115681, -91, 1, -7.87, -0.06, 12.06, 9.79, -44.99
0, 2123545, -84, 0, -7.87, -0.06, 12.06, 9.74, -32.79
0, 2129535, -77, -1, -7.81, -0.06, 11.97, 9.77, -23.10
0, 2137338, -70, -3, -7.81, -0.06, 11.99, 9.77, -10.14
0, 2146827, -51, -7, -7.75, -0.06, 11.99, 9.71, 5.83
0, 2156346, 9, -9, -7.69, -0.06, 11.91, 9.78, 21.71
0, 2165463, 158, -11, -7.62, 0.00, 12.34, 9.78, 36.40
0, 2172718, 337, -13, -7.44, 0.00, 12.34, 9.77, 47.49
0, 2179000, 542, -16, -7.06, 0.00, 12.56, 9.77, 56.52
0, 2185471, 798, -24, -7.06, 0.06, 12.62, 9.67, 65.17
0, 2192237, 917, -60, -5.81, 0.06, 11.35, 9.95, 73.37
0, 2200502, 1041, -58, -3.56, 0.06, 11.35, 10.19, 82.10
0, 2210151, 1221, -46, -0.19, 0.06, 12.00, 9.52, 90.26
0, 2217319, 1385, -32, -0.19, 0.31, 11.86, 9.98, 94.79
0, 2225901, 1624, -9, 2.06, 0.25, 12.19, 9.98, 98.39
0, 2231780, 1769, 7, 3.56, 0.06, 12.19, 9.81, 99.68
0, 2239695, 1937, 23, 5.50, 0.06, 12.20, 9.59, 99.86
0, 2246465, 2134, 41, 5.50, -0.13, 11.60, 9.59, 98.61
0, 2255694, 2497, 75, 8.00, -0.37, 12.12, 9.86, 94.84
0, 2264483, 2825, 112, 10.50, -0.62, 12.15, 9.85, 89.12
0, 2270519, 2980, 126, 12.81, -0.62, 12.15, 9.72, 84.05
0, 2277870, 3187, 144, 16.25, -0.94, 11.47, 9.72, 76.71
0, 2284052, 3386, 163, 16.25, -1.25, 11.70, 10.11, 69.63
0, 2291693, 3612, 187, 20.06, -1.50, 11.70, 9.77, 59.83
0, 2299722, 3709, 199, 22.75, -1.50, 11.86, 9.83, 48.47
0, 2308508, 3718, 202, 25.75, -1.81, 11.42, 9.87, 35.03
0, 2316383, 3710, 203, 25.75, -2.00, 11.54, 9.87, 22.33
0, 2324213, 3698, 205, 28.44, -2.00, 11.54, 9.74, 9.31
0, 2330260, 3684, 207, 29.37, -2.00, 11.86, 9.74, -0.87
0, 2337199, 3637, 208, 29.37, -2.06, 11.88, 9.74, -12.53
0, 2343655, 3566, 209, 29.37, -2.06, 11.77, 9.77, -23.24
0, 2352103, 3458, 210, 29.25, -2.06, 11.77, 9.81, -36.80
0, 2361567, 3266, 212, 28.87, -2.12, 11.77, 9.75, -51.11
0, 2368367, 3003, 218, 28.87, -2.12, 11.62, 9.75, -60.60
0, 2376213, 2662, 232, 28.00, -2.12, 11.32, 9.63, -70.56
0, 2382281, 2488, 233, 26.75, -2.19, 11.32, 9.86, -77.43
0, 2390366, 2206, 218, 24.50, -2.19, 12.02, 10.35, -85.31
0, 2397765, 1894, 190, 24.50, -2.31, 11.45, 10.07, -91.14
0, 2406739, 1540, 158, 20.50, -2.25, 11.64, 10.07, -96.30
0, 2415822, 1132, 121, 17.25, -1.94, 11.98, 9.65, -99.28
0, 2422694, 792, 89, 13.63, -1.62, 11.98, 9.75, -100.00
0, 2429491, 511, 62, 9.69, -1.62, 11.33, 9.75, -99.39
0, 2436467, 224, 35, 9.69, -1.25, 12.48, 9.88, -97.41
0, 2443232, 44, 18, 5.62, -0.81, 12.04, 9.87, -94.20
0, 2452348, -48, 9, 0.88, -0.50, 13.00, 9.86, -87.96
0, 2461982, -54, 8, -3.19, -0.31, 13.00, 9.72, -79.11
0, 2468919, -51, 7, -6.25, -0.31, 12.52, 9.83, -71.43
0, 2477322, -47, 7, -6.25, -0.25, 12.03, 9.83, -60.84
0, 2483022, -43, 6, -7.31, -0.25, 12.02, 9.79, -52.94
0, 2492455, -37, 5, -7.37, -0.25, 11.98, 9.72, -38.84
0, 2501326, -29, 4, -7.37, -0.25, 11.98, 9.79, -24.68
0, 2510330, -18, 2, -7.31, -0.25, 12.06, 9.80, -9.75
0, 2518167, 2, -3, -7.31, -0.25, 11.98, 9.80, 3.45
0, 2526171, 52, -5, -7.25, -0.19, 11.92, 9.82, 16.86
0, 2532104, 131, -5, -7.12, -0.19, 11.92, 9.71, 26.61
0, 2540105, 296, -7, -7.00, -0.19, 12.30, 9.71, 39.33
0, 2547060, 475, -9, -7.00, -0.13, 12.53, 9.74, 49.82
0, 2554602, 740, -13, -6.62, -0.13, 12.42, 9.90, 60.41
0, 2563143, 933, -53, -5.50, -0.13, 12.42, 9.81, 71.22
0, 2570189, 1034, -53, -2.56, -0.13, 11.26, 10.91, 79.03
0, 2578032, 1177, -50, -2.56, 0.00, 11.89, 10.91, 86.42
0, 2584232, 1309, -38, 0.44, 0.31, 11.91, 8.58, 91.20
0, 2591989, 1504, -21, 3.00, 0.31, 11.91, 9.62, 95.77
0, 2600160, 1727, 2, 4.44, 0.31, 12.15, 9.66, 98.81
0, 2610216, 1946, 24, 6.31, 0.13, 12.08, 9.85, 99.99
0, 2618044, 2192, 46, 6.31, -0.06, 11.65, 9.85, 98.92
0, 2626061, 2520, 77, 8.88, -0.31, 12.22, 9.75, 96.04
0, 2631959, 2759, 103, 11.38, -0.31, 12.22, 9.66, 92.80
0, 2640071, 2990, 126, 13.69, -0.56, 12.09, 9.66, 86.86
0, 2647020, 3208, 145, 13.69, -0.88, 11.36, 9.56, 80.47
0, 2656616, 3558, 179, 17.56, -1.25, 11.91, 10.01, 69.86
0, 2664880, 3737, 203, 20.50, -1.50, 11.75, 9.81, 59.25
0, 2671210, 3780, 207, 23.81, -1.50, 11.75, 9.45, 50.33
0, 2679304, 3783, 208, 27.12, -1.81, 11.22, 9.45, 38.11
0, 2686040, 3775, 210, 27.12, -2.00, 11.67, 9.94, 27.39
0, 2692798, 3766, 211, 30.00, -2.06, 11.84, 9.67, 16.28
0, 2700881, 3751, 214, 30.00, -2.06, 11.84, 9.68, 2.73
0, 2710568, 3691, 214, 29.87, -2.06, 11.82, 9.78, -13.55
0, 2718313, 3594, 215, 29.87, -2.12, 11.87, 9.78, -26.34
0, 2725692, 3479, 217, 29.69, -2.12, 11.69, 9.81, -38.10
0, 2732225, 3349, 218, 28.94, -2.12, 11.69, 9.69, -48.03
0, 2740101, 3060, 225, 27.62, -2.12, 11.64, 9.69, -59.22
0, 2746850, 2768, 235, 27.62, -2.19, 11.40, 9.76, -67.98
0, 2754123, 2559, 239, 25.69, -2.25, 11.88, 9.53, -76.44
0, 2762455, 2310, 229, 22.06, -2.25, 11.88, 10.01, -84.71
0, 2770221, 1973, 198, 18.56, -2.31, 11.86, 10.01, -90.92
0, 2778609, 1628, 167, 15.69, -2.31, 11.38, 9.95, -95.88
0, 2784909, 1377, 144, 15.69, -2.12, 11.88, 9.67, -98.35
0, 2792476, 991, 108, 11.56, -2.12, 11.88, 9.87, -99.85
0, 2800710, 599, 70, 7.62, -1.75, 12.26, 9.95, -99.64
0, 2809123, 245, 37, 2.94, -1.44, 11.94, 9.95, -97.45
0, 2816879, 35, 17, 2.94, -1.00, 12.50, 9.74, -93.69
0, 2823139, -36, 10, -1.62, -1.00, 12.37, 9.75, -89.49
0, 2830860, -51, 8, -5.37, -0.62, 12.37, 9.75, -82.94
0, 2838451, -48, 8, -7.06, -0.37, 12.55, 9.75, -75.13
0, 2844685, -45, 7, -7.06, -0.25, 12.13, 9.78, -67.79
0, 2853521, -41, 7, -7.31, -0.25, 12.03, 9.75, -56.14
0, 2862881, -35, 6, -7.31, -0.25, 12.03, 9.80, -42.44
0, 2870691, -27, 4, -7.25, -0.25, 12.03, 9.80, -30.18
0, 2878396, -19, 3, -7.19, -0.25, 12.08, 9.77, -17.58
0, 2884621, -8, 0, -7.19, -0.19, 12.02, 9.77, -7.17
0, 2892157, 13, -3, -7.12, -0.19, 12.02, 9.80, 5.52
0, 2900257, 75, -5, -7.00, -0.19, 12.02, 9.80, 19.06
0, 2907915, 198, -6, -7.00, -0.19, 12.24, 9.79, 31.54
0, 2915350, 361, -7, -6.75, -0.13, 12.45, 9.74, 43.15
0, 2922458, 571, -10, -5.87, -0.13, 12.45, 9.70, 53.62
0, 2930520, 855, -21, -4.12, -0.13, 12.52, 9.70, 64.56
0, 2937350, 952, -57, -4.12, -0.13, 11.60, 9.88, 72.91
0, 2943924, 1051, -53, -1.44, -0.06, 11.89, 10.99, 80.03
0, 2951745, 1201, -48, 1.56, -0.06, 11.94, 8.67, 87.22
0, 2961168, 1418, -29, 3.00, 0.25, 11.94, 8.67, 93.86
0, 2969327, 1645, -7, 4.81, 0.31, 12.41, 10.34, 97.70
0, 2976548, 1815, 11, 4.81, 0.25, 12.05, 9.57, 99.57
0, 2983082, 1963, 26, 7.12, 0.25, 11.81, 9.73, 99.99
0, 2991165, 2229, 50, 9.69, 0.00, 11.81, 9.73, 98.83
0, 2999088, 2562, 81, 12.00, -0.25, 12.05, 9.86, 95.91
0, 3006400, 2830, 111, 12.00, -0.44, 12.11, 9.85, 91.71
0, 3013713, 3036, 130, 15.13, -0.44, 12.11, 9.58, 86.11
0, 3021243, 3285, 153, 19.19, -0.75, 11.52, 9.58, 78.98
0, 3029668, 3596, 183, 22.25, -1.12, 11.77, 10.08, 69.51
0, 3036111, 3734, 202, 22.25, -1.37, 11.82, 9.74, 61.30
0, 3043080, 3787, 207, 25.44, -1.37, 11.29, 9.57, 51.62
0, 3051419, 3793, 209, 28.69, -1.69, 11.29, 9.85, 39.11
0, 3060708, 3785, 211, 30.00, -1.94, 11.63, 9.85, 24.28
0, 3068433, 3771, 213, 30.00, -2.00, 11.74, 9.71, 11.48
0, 3074515, 3755, 214, 30.12, -2.00, 11.74, 9.80, 1.26
0, 3082092, 3700, 215, 30.06, -2.06, 11.74, 9.80, -11.49
0, 3090135, 3601, 216, 29.87, -2.06, 11.87, 9.79, -24.81
0, 3096881, 3504, 217, 29.87, -2.12, 11.64, 9.86, -35.64
0, 3103804, 3378, 219, 29.25, -2.12, 11.67, 9.79, -46.28
0, 3112613, 3079, 225, 28.06, -2.12, 11.67, 9.72, -58.88
0, 3120566, 2750, 238, 26.44, -2.12, 11.50, 9.72, -69.16
0, 3127481, 2560, 240, 26.44, -2.19, 11.67, 9.82, -77.09
0, 3133969, 2375, 235, 23.50, -2.19, 12.37, 9.51, -83.58
0, 3141204, 2063, 206, 19.69, -2.25, 12.37, 9.51, -89.64
0, 3148826, 1737, 177, 16.94, -2.31, 11.43, 9.97, -94.58
0, 3155898, 1455, 151, 16.94, -2.25, 11.55, 9.75, -97.77
0, 3163597, 1076, 116, 13.06, -2.25, 12.26, 9.80, -99.67
0, 3171475, 682, 78, 8.94, -1.87, 12.26, 9.80, -99.87
0, 3179226, 357, 48, 4.62, -1.56, 11.70, 9.72, -98.35
0, 3185537, 120, 25, 4.62, -1.12, 12.63, 9.65, -95.88
0, 3192684, -6, 13, -0.25, -1.12, 12.63, 9.82, -91.77
0, 3200798, -51, 9, -4.31, -0.75, 11.99, 9.82, -85.50
0, 3210195, -48, 8, -6.75, -0.44, 12.58, 9.80, -76.25
0, 3217126, -45, 7, -6.75, -0.25, 12.32, 9.80, -68.19
0, 3223858, -41, 7, -7.31, -0.25, 11.97, 9.78, -59.47
0, 3231693, -36, 6, -7.31, -0.25, 11.97, 9.78, -48.36
0, 3240452, -30, 5, -7.25, -0.25, 12.09, 9.82, -34.96
0, 3248153, -21, 4, -7.25, -0.19, 12.04, 9.70, -22.54
0, 3255229, -11, 1, -7.19, -0.19, 12.02, 9.81, -10.79
0, 3263218, 6, -3, -7.12, -0.19, 12.02, 9.81, 2.66
0, 3271083, 53, -4, -7.00, -0.19, 12.01, 9.81, 15.85
0, 3277732, 144, -5, -7.00, -0.13, 12.21, 9.76, 26.79
0, 3284524, 281, -6, -6.81, -0.13, 12.41, 9.83, 37.62
0, 3291908, 469, -8, -6.25, -0.13, 12.41, 9.83, 48.83
0, 3299729, 737, -12, -4.75, -0.13, 12.48, 9.60, 59.88
0, 3306511, 920, -39, -4.75, -0.13, 11.80, 9.86, 68.63
0, 3314264, 1012, -53, -2.37, -0.13, 11.71, 9.86, 77.52
0, 3322123, 1151, -52, 0.75, -0.06, 11.71, 9.86, 85.18
0, 3329907, 1319, -37, 2.56, 0.13, 11.85, 9.38, 91.30
0, 3336612, 1490, -22, 2.56, 0.37, 12.30, 10.05, 95.32
0, 3343372, 1685, -2, 4.19, 0.37, 12.18, 10.05, 98.14
0, 3351571, 1870, 17, 6.31, 0.31, 12.18, 9.78, 99.85
0, 3361366, 2144, 42, 8.94, 0.13, 11.98, 9.71, 99.39
0, 3368527, 2423, 68, 8.94, -0.13, 11.77, 9.89, 97.35
0, 3375086, 2705, 97, 11.31, -0.13, 12.20, 9.78, 94.23
0, 3383136, 2942, 122, 14.06, -0.31, 11.75, 9.78, 88.83
0, 3391437, 3195, 144, 17.94, -0.62, 11.75, 9.59, 81.56
0, 3399179, 3480, 171, 21.37, -1.00, 11.54, 9.97, 73.34
0, 3405724, 3683, 194, 21.37, -1.25, 12.08, 9.77, 65.41
0, 3413729, 3777, 207, 24.31, -1.25, 11.34, 9.77, 54.63
0, 3421883, 3794, 209, 27.81, -1.56, 11.34, 9.55, 42.64
0, 3429508, 3789, 210, 29.75, -1.75, 11.50, 9.94, 30.70
0, 3436667, 3779, 212, 29.75, -1.75, 11.66, 9.74, 19.02
0, 3443668, 3766, 214, 30.19, -1.75, 11.80, 9.74, 7.33
0, 3451866, 3732, 215, 30.06, -1.81, 11.80, 9.67, -6.48
0, 3461693, 3630, 216, 29.94, -1.81, 11.88, 9.70, -22.84
0, 3468903, 3530, 217, 29.94, -1.81, 11.73, 9.81, -34.48
0, 3475383, 3414, 219, 29.56, -1.81, 11.78, 9.74, -44.51
0, 3483593, 3163, 223, 28.62, -1.87, 11.58, 9.74, -56.43
0, 3491658, 2814, 234, 27.19, -1.87, 11.58, 9.67, -67.10
0, 3499484, 2579, 240, 24.81, -1.94, 11.40, 9.58, -76.27
0, 3506381, 2389, 236, 24.81, -2.00, 12.07, 10.02, -83.26
0, 3514221, 2051, 205, 20.87, -2.00, 11.55, 10.06, -89.83
0, 3522395, 1702, 174, 17.87, -2.00, 11.55, 10.06, -95.01
0, 3529931, 1401, 146, 14.50, -1.75, 11.27, 9.64, -98.20
0, 3537177, 1034, 112, 14.50, -1.75, 12.22, 9.79, -99.77
0, 3544170, 686, 79, 10.31, -1.44, 11.45, 9.79, -99.88
0, 3552226, 350, 47, 6.19, -1.06, 11.45, 9.75, -98.28
0, 3562039, 43, 18, 1.31, -0.62, 12.49, 9.93, -93.90
0, 3568999, -39, 10, -2.94, -0.25, 12.00, 9.62, -89.23
0, 3575672, -54, 8, -2.94, -0.25, 13.33, 9.75, -83.60
0, 3584046, -51, 7, -6.12, -0.06, 12.51, 9.75, -75.05
0, 3592183, -48, 7, -7.25, 0.00, 12.51, 9.82, -65.30
0, 3599981, -43, 6, -7.31, 0.06, 11.94, 9.74, -54.81
0, 3608094, -38, 5, -7.31, 0.06, 12.04, 9.78, -42.90
0, 3615747, -30, 4, -7.25, 0.06, 11.99, 9.74, -30.92
0, 3623809, -22, 3, -7.25, 0.06, 11.99, 9.74, -17.76
0, 3631870, -10, -1, -7.12, 0.06, 12.02, 9.84, -4.26
0, 3639718, 17, -4, -7.06, 0.06, 11.97, 9.77, 8.95
0, 3646240, 74, -5, -7.06, 0.06, 12.13, 9.76, 19.83
0, 3653178, 193, -6, -6.94, 0.13, 12.13, 9.76, 31.13
0, 3661945, 390, -8, -6.56, 0.19, 12.37, 9.75, 44.78
0, 3668159, 570, -10, -6.56, 0.19, 12.42, 9.85, 53.88
0, 3675145, 822, -18, -5.37, 0.19, 12.40, 9.85, 63.41
0, 3683065, 956, -55, -3.25, 0.19, 12.40, 9.85, 73.14
0, 3691062, 1082, -53, -0.31, 0.25, 11.33, 10.42, 81.64
0, 3698405, 1225, -46, -0.31, 0.25, 11.86, 9.10, 88.14
0, 3705117, 1378, -32, 2.19, 0.62, 12.09, 9.80, 92.91
0, 3714455, 1636, -8, 3.62, 0.62, 12.20, 9.80, 97.56
0, 3722328, 1822, 12, 5.56, 0.50, 12.20, 9.75, 99.61
0, 3728979, 1973, 26, 8.06, 0.25, 12.07, 9.85, 99.97
0, 3737012, 2241, 51, 8.06, 0.25, 11.63, 9.68, 98.74
0, 3743798, 2524, 77, 10.56, 0.00, 12.37, 9.68, 96.29
0, 3751609, 2821, 110, 12.94, -0.19, 12.37, 9.69, 91.91
0, 3760429, 3072, 132, 16.50, -0.56, 12.01, 9.53, 85.07
0, 3766773, 3285, 153, 16.50, -0.56, 11.31, 9.99, 78.97
0, 3774615, 3577, 181, 20.37, -0.88, 12.08, 9.99, 70.19
0, 3782452, 3743, 204, 23.25, -1.12, 12.08, 9.83, 60.20
0, 3790260, 3794, 208, 26.69, -1.44, 11.51, 9.42, 49.20
0, 3797009, 3796, 210, 26.69, -1.44, 11.40, 9.95, 39.00
0, 3803850, 3789, 211, 29.37, -1.69, 11.63, 9.95, 28.15
0, 3812675, 3778, 213, 30.19, -1.75, 11.63, 9.66, 13.62
0, 3819965, 3760, 215, 30.19, -1.75, 11.79, 9.70, 1.37
0, 3829345, 3690, 215, 30.06, -1.81, 11.84, 9.70, -14.39
0, 3837209, 3588, 217, 30.06, -1.81, 11.73, 9.70, -27.34
0, 3844056, 3481, 218, 29.81, -1.81, 11.78, 9.91, -38.24
0, 3851917, 3314, 220, 29.00, -1.81, 11.78, 9.84, -50.11
0, 3860604, 2976, 230, 27.62, -1.87, 11.62, 9.75, -62.20
0, 3867206, 2717, 240, 27.62, -1.87, 11.42, 9.55, -70.51
0, 3875064, 2507, 239, 25.75, -1.94, 11.98, 9.55, -79.26
0, 3882833, 2243, 222, 22.19, -2.00, 11.98, 9.41, -86.54
0, 3890696, 1891, 191, 18.75, -2.06, 11.74, 10.00, -92.40
0, 3897449, 1611, 165, 18.75, -2.06, 11.28, 9.59, -96.15
0, 3904357, 1322, 139, 15.81, -1.87, 12.07, 9.59, -98.69
0, 3914046, 820, 91, 11.69, -1.56, 12.07, 9.84, -100.00
0, 3921073, 513, 62, 7.62, -1.19, 11.28, 9.74, -99.28
0, 3927559, 239, 37, 7.62, -1.19, 12.22, 9.79, -97.39
0, 3936021, 24, 16, 2.87, -0.81, 12.23, 9.79, -93.17
0, 3943201, -45, 9, -1.62, -0.37, 12.23, 9.67, -88.10
0, 3951357, -50, 8, -5.37, -0.06, 12.93, 9.88, -80.79
0, 3960614, -47, 7, -7.00, 0.00, 12.58, 9.83, -70.65
0, 3967459, -43, 7, -7.00, 0.00, 12.03, 9.72, -62.03
0, 3975291, -38, 6, -7.31, 0.06, 12.07, 9.72, -51.17
0, 3983056, -32, 5, -7.25, 0.06, 12.07, 9.83, -39.52
0, 3991220, -25, 4, -7.19, 0.06, 12.03, 9.72, -26.54
0, 4000895, -15, 2, -7.12, 0.06, 12.07, 9.76, -10.54
0, 4010838, 10, -3, -7.06, 0.13, 12.00, 9.83, 6.20
0, 4017617, 54, -5, -7.06, 0.13, 11.95, 9.80, 17.54
0, 4025480, 179, -6, -6.94, 0.13, 12.39, 9.80, 30.40
0, 4032534, 332, -7, -6.69, 0.19, 12.39, 9.77, 41.48
0, 4040870, 571, -10, -5.87, 0.19, 12.52, 9.80, 53.82
0, 4050789, 897, -27, -4.06, 0.19, 12.57, 9.81, 67.09
0, 4060608, 941, -61, -1.37, 0.25, 11.32, 10.96, 78.39
0, 4067405, 943, -61, -1.37, 0.25, 11.82, 8.29, 84.98
0, 4075380, 946, -61, 1.56, 0.50, 11.30, 8.29, 91.27
0, 4083034, 949, -61, 2.31, 0.75, 11.30, 10.02, 95.77
0, 4091541, 950, -61, 2.31, 0.75, 11.87, 9.53, 98.90
0, 4101335, 953, -61, 2.31, 0.75, 11.85, 9.94, 99.99
0, 4111274, 959, -61, 2.37, 0.75, 12.12, 9.69, 98.31
0, 4118069, 1097, -57, 2.37, 0.75, 12.13, 9.76, 95.57
0, 4125902, 1309, -39, 2.37, 0.75, 13.26, 9.76, 90.87
0, 4133619, 1518, -19, 2.56, 0.69, 12.00, 9.90, 84.68
0, 4141737, 1715, 1, 4.44, 0.62, 12.00, 9.75, 76.63
0, 4149209, 1825, 13, 7.06, 0.62, 11.99, 9.75, 67.96
0, 4155480, 1894, 20, 7.06, 0.37, 11.57, 9.79, 59.84
0, 4164307, 1980, 28, 9.50, 0.13, 11.57, 9.69, 47.30
0, 4170013, 2026, 33, 11.00, 0.13, 11.94, 9.80, 38.62
0, 4177395, 2050, 35, 11.00, 0.00, 11.98, 9.80, 26.87
0, 4185505, 2043, 37, 12.06, -0.06, 11.88, 9.81, 13.50
0, 4193022, 2030, 40, 12.88, -0.13, 11.88, 9.73, 0.87
0, 4201135, 2007, 46, 13.06, -0.13, 12.07, 9.60, -12.77
0, 4208650, 1955, 50, 13.06, -0.19, 12.00, 9.75, -25.20
0, 4217256, 1815, 57, 12.94, -0.19, 11.97, 9.75, -38.92
0, 4225161, 1606, 66, 12.69, -0.25, 11.97, 9.89, -50.82
0, 4231991, 1386, 77, 11.94, -0.31, 11.44, 9.80, -60.37
0, 4241100, 1012, 96, 10.06, -0.31, 11.67, 9.58, -71.85
0, 4247853, 915, 94, 10.06, -0.44, 11.56, 9.58, -79.29
0, 4254668, 826, 86, 7.12, -0.56, 12.55, 9.85, -85.75
0, 4263435, 690, 74, 3.44, -0.69, 12.55, 9.85, -92.39
0, 4269733, 587, 66, 1.75, -0.69, 11.92, 9.59, -95.93
0, 4277509, 397, 49, 1.75, -0.69, 11.85, 9.59, -98.80
0, 4285551, 156, 27, 0.37, -0.56, 11.75, 9.77, -99.98
0, 4293058, 21, 15, -1.25, -0.44, 11.75, 9.79, -99.43
0, 4301200, -64, 7, -3.75, -0.44, 12.60, 9.87, -97.04
0, 4308076, -95, 5, -3.75, -0.25, 12.50, 9.76, -93.59
0, 4317231, -94, 4, -6.12, 0.00, 12.27, 9.76, -87.07
0, 4325155, -93, 4, -7.31, 0.06, 12.27, 9.84, -79.74
0, 4331991, -91, 3, -7.69, 0.06, 12.00, 9.78, -72.28
0, 4340864, -88, 3, -7.69, 0.06, 12.01, 9.74, -61.17
0, 4349682, -82, 2, -7.69, 0.06, 12.02, 9.76, -48.79
0, 4358661, -75, 1, -7.69, 0.13, 11.99, 9.77, -35.07
0, 4367355, -67, -1, -7.62, 0.13, 11.99, 9.77, -21.02
0, 4375228, -57, -2, -7.56, 0.13, 11.99, 9.81, -7.89
0, 4382047, -41, -6, -7.50, 0.13, 12.05, 9.80, 3.59
0, 4390946, 12, -8, -7.44, 0.13, 12.02, 9.82, 18.48
0, 4397428, 96, -9, -7.44, 0.13, 12.24, 9.82, 29.09
0, 4404214, 241, -11, -7.25, 0.19, 12.39, 9.79, 39.82
0, 4412012, 455, -14, -6.75, 0.19, 12.39, 9.75, 51.50
0, 4418886, 704, -17, -6.75, 0.19, 12.59, 9.75, 61.06
0, 4427003, 899, -58, -5.37, 0.25, 11.64, 9.90, 71.29
0, 4434090, 1001, -57, -2.94, 0.25, 11.80, 9.82, 79.14
0, 4442023, 1141, -54, 0.31, 0.37, 11.80, 10.41, 86.59
0, 4450008, 1317, -38, 2.31, 0.37, 11.77, 10.41, 92.52
0, 4456822, 1494, -22, 2.31, 0.69, 12.42, 10.19, 96.26
0, 4466002, 1748, 4, 3.87, 0.62, 12.05, 9.74, 99.28
0, 4472858, 1894, 19, 6.00, 0.44, 12.05, 9.65, 100.00
0, 4479616, 2077, 36, 8.56, 0.44, 11.93, 9.87, 99.40
0, 4488310, 2401, 66, 8.56, 0.25, 11.83, 9.87, 96.73
0, 4494905, 2681, 94, 11.00, 0.00, 12.15, 9.85, 93.33
0, 4502755, 2910, 120, 13.56, -0.25, 12.15, 9.65, 87.77
0, 4510574, 3125, 138, 17.25, -0.25, 11.80, 9.46, 80.71
0, 4518448, 3382, 163, 17.25, -0.56, 11.45, 9.46, 72.19
0, 4526012, 3626, 188, 20.81, -0.88, 11.45, 9.76, 62.80
0, 4532933, 3726, 202, 23.50, -1.12, 11.98, 9.84, 53.32
0, 4541501, 3748, 204, 26.69, -1.12, 11.50, 9.48, 40.59
0, 4548553, 3742, 206, 26.69, -1.44, 11.48, 9.48, 29.46
0, 4555010, 3734, 207, 29.19, -1.62, 11.66, 9.68, 18.91
0, 4564101, 3721, 209, 29.75, -1.69, 11.66, 9.76, 3.70
0, 4570802, 3694, 210, 29.69, -1.69, 11.81, 9.74, -7.59
0, 4578659, 3612, 211, 29.69, -1.75, 11.94, 9.74, -20.69
0, 4587659, 3494, 212, 29.56, -1.75, 11.60, 9.79, -35.24
0, 4594418, 3384, 214, 29.25, -1.81, 11.80, 9.79, -45.65
0, 4602437, 3126, 218, 28.31, -1.81, 11.80, 9.67, -57.22
0, 4610487, 2771, 230, 26.94, -1.81, 11.43, 9.67, -67.79
0, 4617848, 2543, 236, 26.94, -1.87, 11.53, 9.72, -76.37
0, 4625684, 2306, 229, 24.62, -1.94, 11.96, 9.47, -84.20
0, 4632404, 2014, 201, 20.62, -2.00, 11.96, 10.06, -89.76
0, 4641326, 1648, 168, 17.50, -2.00, 11.43, 10.06, -95.35
0, 4648189, 1380, 144, 17.50, -1.81, 11.71, 9.75, -98.19
0, 4654912, 1041, 113, 14.00, -1.44, 12.27, 9.70, -99.70
0, 4663815, 614, 72, 9.94, -1.12, 12.27, 9.69, -99.73
0, 4670608, 333, 46, 5.87, -1.12, 11.70, 9.97, -98.25
0, 4678468, 75, 21, 5.87, -0.69, 12.66, 9.97, -94.92
0, 4686270, -26, 11, 1.06, -0.31, 12.01, 9.63, -89.98
0, 4693663, -44, 9, -3.19, -0.06, 12.01, 9.79, -83.86
0, 4701665, -41, 8, -6.19, -0.06, 12.55, 9.80, -75.77
0, 4708828, -38, 8, -6.19, 0.00, 12.27, 9.80, -67.36
0, 4717964, -34, 7, -7.12, 0.06, 12.00, 9.74, -55.23
0, 4725649, -28, 6, -7.19, 0.06, 12.09, 9.79, -44.00
0, 4732101, -21, 5, -7.12, 0.06, 12.09, 9.80, -33.99
0, 4741431, -14, 4, -7.06, 0.06, 12.01, 9.80, -18.84
0, 4748678, -1, 0, -7.06, 0.06, 12.00, 9.83, -6.73
0, 4755123, 17, -2, -7.00, 0.06, 11.99, 9.72, 4.12
0, 4763318, 77, -4, -6.94, 0.06, 11.99, 9.76, 17.84
0, 4770475, 183, -5, -6.75, 0.13, 12.18, 9.76, 29.55
0, 4778251, 347, -6, -6.75, 0.19, 12.36, 9.78, 41.79
0, 4784921, 529, -8, -6.37, 0.19, 12.46, 9.89, 51.72
0, 4793095, 817, -16, -5.12, 0.19, 12.46, 9.63, 62.98
0, 4801356, 956, -56, -3.06, 0.19, 12.22, 10.07, 73.15
0, 4811481, 1115, -52, -0.13, 0.25, 11.53, 9.38, 83.67
0, 4819342, 1274, -41, -0.13, 0.56, 11.95, 9.38, 90.17
0, 4827260, 1469, -24, 2.25, 0.62, 12.23, 9.64, 95.12
0, 4834189, 1669, -4, 3.69, 0.50, 12.16, 9.81, 98.07
0, 4843143, 1875, 18, 5.62, 0.50, 12.16, 9.78, 99.89
0, 4851392, 2102, 38, 8.06, 0.31, 12.04, 9.78, 99.57
0, 4858719, 2383, 64, 8.06, 0.06, 11.73, 9.60, 97.66
0, 4867387, 2746, 102, 10.63, -0.13, 12.22, 9.89, 93.49
0, 4874190, 2941, 122, 13.06, -0.44, 12.22, 9.55, 88.82
0, 4881506, 3157, 140, 16.75, -0.44, 11.77, 9.90, 82.49
0, 4890168, 3465, 170, 20.50, -0.81, 11.50, 9.90, 73.39
0, 4896363, 3662, 191, 20.50, -1.06, 12.07, 9.91, 65.91
0, 4903763, 3760, 205, 23.37, -1.06, 12.07, 9.52, 56.04
0, 4912065, 3784, 207, 26.75, -1.37, 11.34, 9.97, 43.94
0, 4919662, 3778, 209, 29.37, -1.62, 11.52, 9.97, 32.11
0, 4927681, 3769, 211, 29.37, -1.75, 11.67, 9.70, 19.05
0, 4934505, 3757, 212, 30.12, -1.75, 11.83, 9.79, 7.66
0, 4943317, 3720, 214, 30.06, -1.75, 11.83, 9.66, -7.18
0, 4951119, 3642, 214, 29.94, -1.75, 11.84, 9.66, -20.20
0, 4957888, 3544, 215, 29.94, -1.81, 11.78, 9.90, -31.21
0, 4965625, 3414, 218, 29.69, -1.81, 11.76, 9.74, -43.30
0, 4972391, 3238, 221, 28.94, -1.81, 11.76, 9.73, -53.28
0, 4980152, 2909, 231, 27.56, -1.87, 11.62, 9.73, -63.86
0, 4987217, 2648, 239, 27.56, -1.87, 11.37, 9.57, -72.55
0, 4994053, 2474, 238, 25.62, -1.94, 11.37, 10.04, -79.98
0, 5002155, 2174, 215, 21.94, -1.94, 12.15, 10.04, -87.41
0, 5009741, 1845, 186, 18.56, -2.00, 11.49, 10.21, -92.89
0, 5017720, 1523, 157, 18.56, -1.94, 11.38, 9.62, -97.02
0, 5024399, 1225, 130, 15.56, -1.94, 11.38, 9.85, -99.13
0, 5032025, 831, 92, 11.44, -1.56, 12.18, 9.77, -100.00
0, 5041741, 417, 54, 7.44, -1.25, 11.44, 9.77, -98.72
0, 5048633, 148, 28, 7.44, -0.81, 12.58, 9.86, -96.21
0, 5055210, 18, 15, 2.69, -0.44, 11.96, 9.66, -92.60
0, 5063048, -41, 10, -1.75, -0.44, 11.96, 9.87, -86.82
0, 5070982, -39, 9, -5.37, -0.13, 13.33, 9.87, -79.43
0, 5078744, -37, 8, -5.37, 0.00, 12.49, 9.71, -70.82
0, 5085401, -33, 8, -6.94, 0.06, 11.98, 9.73, -62.47
0, 5093879, -29, 7, -7.12, 0.06, 12.08, 9.80, -50.72
0, 5102295, -22, 6, -7.12, 0.06, 12.08, 9.78, -38.02
0, 5112156, -14, 5, -7.06, 0.06, 12.06, 9.78, -22.20
0, 5120425, -1, 1, -7.00, 0.06, 12.03, 9.73, -8.43
0, 5127234, 18, -2, -7.00, 0.13, 12.02, 9.82, 3.03
0, 5133943, 59, -3, -6.94, 0.13, 12.07, 9.73, 14.29
0, 5142781, 183, -5, -6.81, 0.13, 12.07, 9.73, 28.82
0, 5149651, 317, -6, -6.81, 0.19, 12.35, 9.74, 39.70
0, 5155744, 473, -7, -6.50, 0.19, 12.29, 9.87, 48.90
0, 5163747, 751, -11, -5.56, 0.19, 12.29, 9.73, 60.18
0, 5171065, 933, -44, -3.81, 0.19, 12.49, 9.73, 69.55
0, 5177874, 1017, -52, -3.81, 0.19, 11.26, 9.89, 77.32
0, 5184214, 1130, -52, -1.06, 0.44, 11.92, 8.61, 83.65
0, 5193059, 1318, -37, 1.81, 0.44, 11.92, 10.09, 90.86
0, 5201032, 1522, -19, 3.25, 0.62, 12.20, 10.09, 95.64
0, 5207805, 1711, 1, 3.25, 0.56, 12.23, 9.58, 98.34
0, 5214725, 1864, 16, 5.12, 0.56, 12.23, 9.68, 99.78
0, 5222375, 2066, 35, 7.50, 0.37, 12.05, 9.68, 99.80
0, 5230355, 2366, 63, 10.06, 0.19, 11.66, 9.75, 98.05
0, 5237422, 2676, 93, 10.06, -0.06, 12.47, 9.88, 95.02
0, 5244773, 2908, 118, 12.38, -0.06, 11.90, 9.69, 90.44
0, 5252817, 3149, 139, 15.75, -0.31, 11.90, 9.69, 83.85
0, 5261256, 3460, 169, 19.75, -0.69, 11.39, 10.09, 75.27
0, 5268809, 3700, 197, 19.75, -1.00, 12.07, 9.73, 66.30
0, 5274941, 3781, 207, 22.75, -1.00, 11.34, 9.85, 58.23
0, 5282606, 3812, 210, 26.12, -1.25, 11.34, 9.48, 47.27
0, 5291750, 3809, 211, 29.25, -1.56, 11.45, 9.48, 33.18
0, 5298528, 3799, 213, 29.25, -1.75, 11.64, 9.65, 22.21
0, 5305240, 3788, 215, 30.31, -1.75, 11.79, 9.78, 11.06
0, 5313283, 3762, 217, 30.37, -1.75, 11.79, 9.78, -2.48
0, 5321538, 3688, 217, 30.31, -1.75, 11.85, 9.70, -16.32
0, 5329087, 3579, 218, 30.31, -1.81, 11.82, 9.83, -28.71
0, 5335071, 3483, 220, 30.06, -1.81, 11.68, 9.83, -38.21
0, 5343767, 3291, 224, 29.50, -1.81, 11.68, 9.67, -51.29
0, 5351755, 2981, 232, 28.19, -1.87, 11.66, 9.67, -62.35
0, 5358510, 2719, 241, 28.19, -1.87, 11.49, 9.72, -70.83
0, 5365514, 2537, 241, 26.44, -1.87, 11.93, 9.31, -78.65
0, 5373166, 2294, 227, 23.50, -1.94, 11.93, 9.31, -85.94
0, 5381225, 1933, 195, 19.75, -2.00, 11.69, 10.07, -92.07
0, 5389473, 1592, 163, 19.75, -2.00, 11.22, 9.94, -96.59
0, 5395947, 1324, 139, 17.06, -2.00, 12.10, 9.89, -98.84
0, 5403771, 918, 100, 13.19, -1.75, 12.10, 9.89, -99.98
0, 5412113, 540, 65, 9.06, -1.37, 12.26, 9.73, -99.28
0, 5419371, 240, 37, 9.06, -1.06, 12.20, 9.94, -97.08
0, 5425707, 66, 20, 4.69, -1.06, 12.34, 9.75, -93.97
0, 5433421, -20, 11, -0.13, -0.62, 12.34, 9.84, -88.75
0, 5442498, -31, 10, -4.06, -0.25, 12.75, 9.84, -80.68
0, 5450267, -28, 9, -6.50, 0.00, 12.55, 9.72, -72.28
0, 5456308, -25, 9, -6.50, 0.06, 12.04, 9.80, -64.88
0, 5464164, -21, 8, -7.06, 0.06, 12.04, 9.78, -54.27
0, 5472460, -15, 7, -7.00, 0.06, 12.05, 9.78, -42.03
0, 5480168, -8, 6, -7.00, 0.06, 12.03, 9.75, -29.92
0, 5486464, 0, 4, -7.00, 0.06, 12.05, 9.75, -19.64
0, 5494507, 12, 1, -6.94, 0.06, 12.03, 9.74, -6.21
0, 5502607, 37, -2, -6.87, 0.13, 12.03, 9.74, 7.43
0, 5510183, 104, -3, -6.75, 0.13, 11.97, 9.72, 20.07
0, 5516258, 203, -4, -6.75, 0.13, 12.35, 9.77, 29.98
0, 5523668, 361, -5, -6.56, 0.19, 12.35, 9.77, 41.63
0, 5531430, 579, -8, -5.94, 0.19, 12.44, 9.71, 53.14
0, 5537888, 804, -13, -5.94, 0.19, 12.54, 9.81, 62.03
0, 5545845, 957, -54, -4.31, 0.19, 11.28, 9.84, 71.96
0, 5553867, 1079, -51, -1.94, 0.19, 11.28, 9.84, 80.66
0, 5562419, 1247, -43, 1.12, 0.25, 11.97, 10.88, 88.32
0, 5569602, 1414, -29, 1.12, 0.62, 11.91, 8.75, 93.34
0, 5576345, 1605, -11, 2.87, 0.62, 12.33, 9.68, 96.80
0, 5584145, 1802, 10, 4.56, 0.62, 12.05, 9.63, 99.26
0, 5593153, 2017, 30, 6.69, 0.50, 12.05, 9.63, 99.96
0, 5600981, 2296, 56, 9.38, 0.25, 11.63, 9.73, 98.69
0, 5607669, 2585, 83, 9.38, 0.00, 12.37, 9.84, 96.26
0, 5614838, 2844, 113, 11.69, 0.00, 12.37, 9.84, 92.29
0, 5622980, 3081, 133, 14.69, -0.25, 12.02, 9.59, 86.15
0, 5630383, 3340, 158, 14.69, -0.56, 11.30, 9.66, 79.16
0, 5638175, 3632, 187, 18.69, -0.88, 12.06, 10.05, 70.48
0, 5646673, 3782, 208, 22.00, -0.88, 11.46, 9.65, 59.63
0, 5654276, 3824, 211, 25.19, -1.19, 11.46, 9.65, 48.88
0, 5663128, 3824, 213, 28.62, -1.50, 11.39, 9.86, 35.36
0, 5670513, 3815, 214, 28.62, -1.69, 11.68, 9.73, 23.48
0, 5677026, 3804, 216, 30.25, -1.69, 11.83, 9.68, 12.69
0, 5684830, 3781, 218, 30.56, -1.75, 11.80, 9.70, -0.43
0, 5694885, 3691, 219, 30.50, -1.75, 11.86, 9.70, -17.29
0, 5702963, 3574, 220, 30.31, -1.81, 11.86, 9.88, -30.50
0, 5710831, 3442, 222, 29.87, -1.81, 11.62, 9.77, -42.83
0, 5716717, 3305, 225, 29.87, -1.81, 11.63, 9.65, -51.57
0, 5724771, 2976, 234, 28.81, -1.87, 11.63, 9.65, -62.69
0, 5732485, 2692, 243, 27.25, -1.87, 11.47, 9.61, -72.26
0, 5739967, 2510, 242, 27.25, -1.94, 11.85, 9.81, -80.38
0, 5748071, 2228, 221, 24.81, -1.94, 11.76, 9.97, -87.74
0, 5755073, 1908, 192, 20.87, -2.00, 11.34, 9.97, -92.78
0, 5763574, 1550, 160, 18.12, -2.06, 11.34, 9.74, -97.15
0, 5770924, 1220, 130, 14.81, -1.87, 11.67, 9.73, -99.34
0, 5777224, 891, 98, 14.81, -1.87, 12.25, 9.82, -100.00
0, 5785224, 530, 64, 10.50, -1.56, 11.90, 10.03, -99.21
0, 5795270, 136, 27, 6.31, -1.19, 12.57, 10.03, -95.68
0, 5803092, -1, 13, 1.44, -0.81, 12.57, 9.66, -91.02
0, 5810943, -37, 10, -2.81, -0.50, 12.26, 9.85, -84.76
0, 5816861, -34, 9, -2.81, -0.50, 12.59, 9.75, -79.06
0, 5825002, -32, 9, -6.00, -0.37, 12.59, 9.75, -69.94
0, 5832927, -28, 8, -7.00, -0.31, 12.11, 9.77, -59.80
0, 5842799, -23, 7, -7.06, -0.31, 12.02, 9.78, -45.69
0, 5851192, -14, 6, -7.06, -0.31, 12.06, 9.73, -32.70
0, 5858864, -6, 4, -7.06, -0.31, 12.05, 9.86, -20.23
0, 5866976, 6, 1, -7.00, -0.31, 12.02, 9.78, -6.70
0, 5875002, 31, -2, -6.94, -0.31, 12.02, 9.78, 6.82
0, 5882552, 95, -3, -6.81, -0.25, 12.02, 9.82, 19.43
0, 5890267, 222, -4, -6.69, -0.19, 12.25, 9.78, 31.98
0, 5898478, 402, -6, -6.69, -0.19, 12.47, 9.87, 44.75
0, 5905988, 628, -9, -6.25, -0.19, 12.49, 9.62, 55.68
0, 5915522, 926, -31, -5.00, -0.19, 12.49, 9.62, 68.26
0, 5923466, 962, -58, -2.87, -0.19, 11.60, 9.88, 77.40
0, 5930113, 1054, -50, -2.87, 0.13, 11.78, 10.47, 84.00
0, 5938069, 1223, -47, 0.06, 0.13, 11.37, 8.74, 90.50
0, 5947599, 1460, -25, 2.31, 0.31, 13.00, 8.74, 96.14
0, 5954836, 1671, -4, 3.12, 0.25, 12.05, 10.53, 98.77
0, 5963129, 1867, 17, 5.12, 0.06, 12.05, 9.66, 99.99
0, 5969615, 2037, 32, 5.12, -0.19, 12.13, 9.66, 99.57
0, 5976808, 2299, 56, 7.56, -0.19, 11.77, 9.89, 97.73
0, 5984992, 2651, 91, 10.25, -0.44, 12.16, 9.89, 93.89
0, 5994841, 2955, 123, 12.69, -0.69, 11.78, 9.63, 86.91
0, 6002875, 3199, 145, 16.12, -1.06, 11.78, 9.57, 79.43
0, 6010394, 3469, 171, 20.06, -1.37, 11.51, 10.11, 71.12
0, 6016795, 3665, 192, 20.06, -1.37, 12.04, 10.11, 63.13
0, 6024954, 3759, 205, 23.00, -1.62, 12.04, 9.74, 51.91
0, 6032148, 3771, 207, 26.25, -1.94, 11.38, 9.62, 41.19
0, 6040602, 3765, 208, 29.12, -2.06, 11.54, 9.83, 27.83
0, 6048641, 3753, 210, 29.12, -2.06, 11.70, 9.83, 14.60
0, 6055422, 3739, 212, 30.00, -2.12, 11.84, 9.73, 3.22
0, 6063251, 3695, 213, 30.00, -2.12, 11.84, 9.72, -9.96
0, 6069057, 3632, 213, 30.00, -2.12, 11.85, 9.88, -19.64
0, 6076745, 3522, 215, 29.87, -2.12, 11.70, 9.88, -32.14
0, 6084488, 3399, 217, 29.62, -2.19, 11.74, 9.81, -44.19
0, 6093944, 3111, 224, 28.81, -2.19, 11.74, 9.80, -57.87
0, 6101746, 2781, 232, 27.44, -2.25, 11.49, 9.59, -68.06
0, 6108318, 2580, 238, 27.44, -2.25, 11.63, 9.59, -75.75
0, 6115319, 2382, 234, 25.56, -2.31, 11.63, 9.88, -82.91
0, 6121982, 2102, 209, 22.00, -2.37, 11.97, 9.62, -88.65
0, 6128690, 1812, 183, 22.00, -2.37, 11.41, 9.74, -93.31
0, 6136545, 1495, 154, 18.56, -2.31, 11.63, 9.74, -97.24
0, 6146094, 1038, 112, 15.50, -2.00, 12.24, 9.74, -99.72
0, 6154006, 659, 76, 11.31, -1.69, 12.24, 9.82, -99.83
0, 6161861, 342, 47, 7.25, -1.25, 11.77, 9.76, -98.18
0, 6167774, 131, 26, 7.25, -1.25, 12.68, 9.63, -95.80
0, 6175972, -2, 13, 2.56, -0.88, 12.68, 9.63, -90.94
0, 6183813, -33, 10, -1.81, -0.56, 11.98, 9.87, -84.66
0, 6192721, -31, 9, -5.31, -0.37, 12.57, 9.73, -75.75
0, 6201514, -27, 9, -6.87, -0.37, 12.27, 9.72, -65.28
0, 6208514, -22, 8, -6.87, -0.31, 11.98, 9.72, -55.91
0, 6215745, -17, 7, -7.06, -0.31, 11.98, 9.77, -45.41
0, 6223473, -11, 6, -7.00, -0.31, 12.10, 9.75, -33.46
0, 6229755, -3, 5, -7.00, -0.31, 12.03, 9.76, -23.31
0, 6238503, 7, 3, -6.94, -0.25, 12.04, 9.77, -8.77
0, 6248714, 36, -2, -6.87, -0.25, 12.02, 9.77, 8.42
0, 6255699, 93, -3, -6.81, -0.25, 12.06, 9.73, 20.07
0, 6263335, 224, -4, -6.69, -0.19, 12.06, 9.77, 32.48
0, 6269267, 352, -5, -6.69, -0.19, 12.48, 9.77, 41.76
0, 6276427, 558, -7, -6.44, -0.19, 12.48, 9.87, 52.39
0, 6283319, 802, -14, -5.56, -0.19, 12.37, 9.66, 61.91
0, 6291375, 959, -53, -3.69, -0.19, 12.35, 9.87, 71.97
0, 6299623, 1089, -51, -3.69, -0.19, 11.64, 9.87, 80.90
0, 6306327, 1220, -46, -0.88, 0.00, 11.98, 10.30, 87.01
0, 6314412, 1406, -30, 2.00, 0.25, 11.98, 9.82, 92.90
0, 6320339, 1569, -14, 2.00, 0.25, 12.31, 9.68, 96.13
0, 6328089, 1773, 7, 3.50, 0.25, 12.13, 9.68, 98.90
0, 6336253, 1954, 25, 5.37, 0.06, 11.89, 9.71, 99.99
0, 6346376, 2296, 56, 7.75, -0.19, 11.95, 9.75, 98.73
0, 6354221, 2634, 89, 10.31, -0.37, 11.95, 9.91, 95.77
0, 6362241, 2899, 118, 12.69, -0.37, 12.15, 9.68, 91.02
0, 6368463, 3083, 133, 12.69, -0.62, 11.57, 9.68, 86.18
0, 6376619, 3372, 161, 16.12, -1.00, 11.57, 9.50, 78.41
0, 6383497, 3631, 187, 20.06, -1.31, 11.72, 9.75, 70.71
0, 6393154, 3792, 208, 23.06, -1.56, 12.07, 9.91, 58.31
0, 6402270, 3829, 211, 26.50, -1.56, 11.24, 9.41, 45.19
0, 6409221, 3825, 213, 26.50, -1.94, 11.72, 9.41, 34.46
0, 6416244, 3817, 215, 29.50, -2.06, 11.72, 9.75, 23.13
0, 6422913, 3805, 216, 30.50, -2.12, 11.64, 9.75, 12.07
0, 6429672, 3785, 218, 30.50, -2.12, 11.76, 9.71, 0.71
0, 6438267, 3715, 219, 30.56, -2.12, 11.84, 9.76, -13.74
0, 6448189, 3579, 220, 30.50, -2.19, 11.62, 9.76, -30.04
0, 6455020, 3475, 222, 30.25, -2.19, 11.62, 9.82, -40.80
0, 6463283, 3280, 226, 29.56, -2.19, 11.86, 9.71, -53.08
0, 6469228, 3042, 232, 29.56, -2.19, 11.54, 9.71, -61.29
0, 6477002, 2724, 243, 28.31, -2.25, 11.54, 9.74, -71.09
0, 6484146, 2542, 243, 26.69, -2.31, 11.47, 9.25, -79.02
0, 6493622, 2222, 220, 23.62, -2.37, 12.10, 10.67, -87.76
0, 6502700, 1822, 184, 19.81, -2.37, 11.62, 9.97, -94.04
0, 6509700, 1538, 159, 19.81, -2.37, 11.23, 9.97, -97.39
0, 6516468, 1235, 131, 17.12, -2.19, 11.23, 9.56, -99.34
0, 6523119, 889, 98, 13.31, -1.81, 12.21, 9.72, -100.00
0, 6529898, 581, 69, 13.31, -1.81, 11.34, 9.84, -99.38
0, 6538840, 220, 35, 9.19, -1.50, 12.42, 9.83, -96.58
0, 6548783, 9, 14, 4.81, -1.06, 12.10, 9.83, -90.90
0, 6555567, -34, 10, 0.00, -0.69, 13.14, 9.90, -85.55
0, 6563505, -31, 9, -3.94, -0.69, 13.14, 9.71, -77.88
0, 6569660, -29, 9, -3.94, -0.37, 12.57, 9.71, -70.97
0, 6577961, -26, 8, -6.44, -0.31, 11.98, 9.85, -60.45
0, 6585644, -20, 8, -7.06, -0.25, 12.08, 9.73, -49.65
0, 6595462, -14, 7, -7.00, -0.25, 12.04, 9.79, -34.68
0, 6603329, -4, 5, -7.00, -0.25, 12.04, 9.80, -21.97
0, 6611104, 7, 2, -6.94, -0.25, 12.04, 9.80, -9.03
0, 6619253, 29, -1, -6.94, -0.25, 11.98, 9.80, 4.69
0, 6627024, 84, -3, -6.87, -0.25, 11.98, 9.71, 17.70
0, 6633451, 180, -4, -6.75, -0.19, 11.95, 9.76, 28.23
0, 6642329, 365, -5, -6.56, -0.19, 12.33, 9.71, 42.22
0, 6650993, 607, -8, -5.87, -0.13, 12.44, 9.71, 54.96
0, 6657936, 845, -17, -5.87, -0.13, 12.27, 9.81, 64.34
0, 6667183, 994, -53, -4.31, -0.13, 12.27, 9.86, 75.44
0, 6674038, 1109, -51, -2.00, -0.13, 11.26, 10.86, 82.51
0, 6680808, 1246, -44, 1.06, -0.13, 12.09, 8.54, 88.41
0, 6689991, 1467, -24, 1.06, 0.25, 12.13, 9.56, 94.55
0, 6699610, 1728, 2, 2.87, 0.31, 12.19, 9.56, 98.57
0, 6706305, 1870, 17, 4.56, 0.19, 12.03, 9.65, 99.84
0, 6714146, 2077, 36, 6.75, 0.19, 12.03, 9.83, 99.71
0, 6720048, 2293, 56, 6.75, 0.00, 11.67, 9.83, 98.47
0, 6728081, 2637, 89, 9.38, -0.25, 12.46, 9.77, 95.22
0, 6734886, 2865, 114, 11.63, -0.50, 12.46, 9.67, 91.10
0, 6744174, 3137, 138, 14.50, -0.81, 11.98, 9.51, 83.55
0, 6752872, 3458, 169, 18.44, -0.81, 11.35, 10.09, 74.63
0, 6759779, 3686, 194, 18.44, -1.12, 12.10, 10.09, 66.39
0, 6766532, 3777, 207, 21.75, -1.37, 12.10, 9.85, 57.46
0, 6773046, 3806, 209, 24.81, -1.37, 11.35, 9.54, 48.15
0, 6780451, 3803, 211, 24.81, -1.69, 11.43, 9.86, 36.86
0, 6789431, 3795, 212, 28.37, -2.00, 11.66, 9.69, 22.43
0, 6799405, 3780, 215, 30.12, -2.06, 11.85, 9.69, 5.80
0, 6806227, 3753, 216, 30.37, -2.06, 11.83, 9.67, -5.69
0, 6814040, 3670, 217, 30.31, -2.06, 11.83, 9.88, -18.75
0, 6819748, 3589, 218, 30.31, -2.12, 11.68, 9.88, -28.10
0, 6826424, 3473, 219, 30.19, -2.12, 11.68, 9.85, -38.70
0, 6832881, 3339, 222, 29.75, -2.12, 11.74, 9.67, -48.49
0, 6841618, 3013, 231, 28.62, -2.12, 11.65, 9.69, -60.80
0, 6850225, 2690, 241, 28.62, -2.19, 11.43, 9.69, -71.64
0, 6856565, 2539, 241, 27.00, -2.25, 12.00, 9.71, -78.67
0, 6864659, 2278, 226, 24.44, -2.25, 12.00, 9.00, -86.33
0, 6870832, 1998, 200, 24.44, -2.31, 11.58, 9.00, -91.11
0, 6879154, 1643, 168, 20.62, -2.31, 11.18, 9.84, -95.98
0, 6887178, 1309, 138, 17.87, -2.25, 12.04, 9.69, -98.89
0, 6895642, 872, 96, 14.50, -1.94, 12.26, 9.88, -100.00
0, 6904277, 495, 61, 10.25, -1.94, 12.26, 10.02, -99.04
0, 6912268, 179, 31, 6.12, -1.56, 12.18, 10.02, -96.28
0, 6917981, 50, 18, 6.12, -1.19, 12.34, 9.69, -93.24
0, 6924182, -14, 12, 1.25, -1.19, 12.34, 9.76, -88.96
0, 6931344, -26, 10, 1.25, -0.75, 12.79, 9.84, -82.81
0, 6940076, -23, 10, -2.94, -0.44, 12.55, 9.84, -73.69
0, 6949592, -19, 9, -6.00, -0.31, 12.00, 9.79, -61.95
0, 6956288, -14, 8, -6.94, -0.25, 12.08, 9.79, -52.72
0, 6964650, -8, 7, -6.94, -0.25, 12.08, 9.82, -40.25
0, 6970949, -1, 6, -6.94, -0.25, 11.99, 9.82, -30.33
0, 6978869, 7, 5, -6.94, -0.25, 12.04, 9.79, -17.37
0, 6986104, 20, 1, -6.87, -0.25, 12.00, 9.77, -5.26
0, 6995594, 55, -1, -6.81, -0.19, 12.03, 9.81, 10.71
0, 7004527, 153, -3, -6.69, -0.19, 12.03, 9.79, 25.50
0, 7012894, 309, -4, -6.56, -0.19, 12.23, 9.79, 38.84
0, 7018608, 446, -5, -6.56, -0.13, 12.37, 9.79, 47.52
0, 7024560, 643, -8, -6.12, -0.13, 12.37, 9.62, 56.10
0, 7031946, 900, -21, -4.94, -0.13, 12.49, 9.62, 65.94
0, 7040203, 1001, -53, -4.94, -0.13, 11.17, 9.82, 75.73
0, 7049938, 1171, -50, -2.87, 0.06, 11.90, 10.98, 85.38
0, 7056517, 1308, -38, 0.19, 0.31, 12.02, 8.76, 90.62
0, 7064817, 1518, -19, 2.50, 0.31, 12.02, 10.39, 95.63
0, 7070573, 1679, -3, 2.50, 0.25, 12.32, 10.39, 98.01
0, 7078533, 1856, 15, 4.00, 0.06, 11.95, 9.64, 99.79
0, 7085063, 2015, 30, 5.94, -0.19, 11.65, 9.76, 99.90
0, 7093636, 2317, 58, 8.44, -0.19, 11.65, 9.93, 98.22
0, 7103080, 2713, 98, 10.88, -0.37, 12.31, 9.93, 94.00
0, 7110350, 2926, 120, 10.88, -0.62, 12.08, 9.83, 89.12
0, 7116870, 3114, 136, 13.31, -1.00, 12.08, 9.63, 83.61
0, 7122756, 3313, 156, 17.00, -1.00, 11.32, 10.01, 77.76
0, 7130810, 3606, 184, 17.00, -1.31, 11.97, 10.01, 68.54
0, 7139464, 3760, 206, 20.69, -1.56, 11.68, 9.75, 57.22
0, 7148029, 3792, 208, 23.56, -1.87, 11.32, 9.57, 44.83
0, 7155178, 3788, 210, 26.94, -2.00, 11.32, 9.85, 33.76
0, 7163508, 3779, 211, 29.56, -2.00, 11.67, 9.85, 20.25
0, 7169210, 3769, 212, 29.56, -2.06, 11.81, 9.74, 10.76
0, 7175275, 3749, 214, 30.25, -2.06, 11.81, 9.70, 0.56
0, 7182930, 3689, 215, 30.19, -2.06, 11.75, 9.92, -12.31
0, 7191209, 3587, 216, 30.06, -2.12, 11.85, 9.92, -25.99
0, 7199308, 3471, 218, 30.06, -2.12, 11.70, 9.78, -38.89
0, 7206057, 3340, 220, 29.75, -2.12, 11.67, 9.79, -49.10
0, 7213931, 3045, 228, 28.81, -2.12, 11.67, 9.79, -60.20
0, 7219630, 2796, 234, 28.81, -2.19, 11.40, 9.69, -67.58
0, 7225392, 2614, 240, 27.50, -2.19, 11.40, 9.84, -74.41
0, 7232846, 2416, 237, 25.62, -2.25, 11.87, 9.42, -82.19
0, 7241461, 2066, 206, 21.87, -2.31, 12.63, 9.42, -89.57
0, 7250318, 1702, 174, 21.87, -2.31, 11.36, 10.10, -95.19
0, 7256765, 1455, 151, 18.56, -2.06, 11.88, 9.78, -97.95
0, 7264826, 1063, 115, 15.50, -2.06, 11.88, 9.78, -99.78
0, 7270529, 778, 87, 15.50, -1.69, 12.28, 9.84, -99.96
0, 7277466, 488, 60, 11.44, -1.37, 11.93, 9.69, -98.93
0, 7284304, 213, 34, 7.56, -1.37, 11.93, 9.59, -96.60
0, 7293503, 19, 15, 2.87, -0.94, 12.57, 9.85, -91.45
0, 7303251, -27, 11, -1.56, -0.56, 12.21, 9.85, -83.61
0, 7310199, -24, 10, -1.56, -0.31, 12.59, 9.78, -76.62
0, 7316969, -21, 10, -5.12, -0.31, 12.59, 9.83, -68.81
0, 7323040, -18, 9, -6.75, -0.25, 12.14, 9.83, -61.03
0, 7331357, -13, 8, -6.75, -0.25, 12.01, 9.76, -49.37
0, 7339288, -7, 7, -7.00, -0.25, 12.08, 9.74, -37.34
0, 7346986, 1, 6, -6.94, -0.25, 12.02, 9.77, -25.02
0, 7355352, 12, 3, -6.87, -0.25, 12.02, 9.76, -11.16
0, 7363762, 32, -1, -6.81, -0.19, 11.96, 9.76, 2.99
0, 7369477, 63, -2, -6.81, -0.19, 11.98, 9.77, 12.59
0, 7375541, 139, -3, -6.75, -0.19, 11.98, 9.72, 22.65
0, 7383575, 287, -4, -6.62, -0.13, 12.32, 9.72, 35.59
0, 7392044, 484, -6, -6.31, -0.13, 12.48, 9.78, 48.52
0, 7399477, 726, -9, -6.31, -0.13, 12.35, 9.63, 59.07
0, 7406261, 928, -28, -5.25, -0.13, 11.59, 9.87, 67.89
0, 7414155, 998, -53, -3.44, -0.13, 11.59, 9.87, 77.03
0, 7419863, 1091, -49, -3.44, -0.06, 11.85, 9.97, 82.80
0, 7425753, 1213, -48, -0.81, -0.06, 11.77, 9.54, 87.95
0, 7433749, 1397, -31, 2.00, 0.31, 11.77, 10.12, 93.55
0, 7443297, 1659, -5, 3.25, 0.31, 12.66, 10.12, 98.00
0, 7452241, 1858, 16, 5.12, 0.19, 12.13, 9.78, 99.88
0, 7458971, 2022, 31, 5.12, 0.00, 11.84, 9.73, 99.80
0, 7465958, 2264, 53, 7.44, 0.00, 11.84, 9.73, 98.35
0, 7472148, 2520, 77, 10.00, -0.25, 11.99, 9.90, 95.94
0, 7479065, 2787, 106, 10.00, -0.44, 12.14, 9.78, 92.00
0, 7485807, 2969, 123, 12.19, -0.81, 11.64, 9.61, 86.97
0, 7494687, 3241, 148, 15.38, -0.81, 11.64, 9.93, 78.63
0, 7503461, 3564, 179, 19.31, -1.12, 11.62, 9.93, 68.67
0, 7510351, 3723, 200, 19.31, -1.37, 12.07, 9.85, 59.78
0, 7517115, 3773, 206, 22.31, -1.37, 12.07, 9.85, 50.28
0, 7522853, 3775, 207, 25.37, -1.69, 11.32, 9.65, 41.69
0, 7529506, 3770, 208, 25.37, -1.94, 11.53, 9.73, 31.26
0, 7535968, 3763, 210, 28.69, -1.94, 11.70, 9.76, 20.75
0, 7544616, 3750, 212, 30.00, -2.00, 11.70, 9.73, 6.32
0, 7553809, 3711, 213, 30.06, -2.00, 11.85, 9.73, -9.16
0, 7561204, 3632, 214, 30.06, -2.06, 11.84, 9.75, -21.47
0, 7567488, 3538, 215, 30.00, -2.06, 11.84, 9.81, -31.68
0, 7573658, 3431, 216, 29.81, -2.06, 11.69, 9.81, -41.35
0, 7580926, 3248, 220, 29.81, -2.06, 11.71, 9.78, -52.17
0, 7586920, 3005, 227, 29.25, -2.12, 11.46, 9.68, -60.51
0, 7595405, 2667, 238, 28.00, -2.12, 11.46, 9.52, -71.24
0, 7603954, 2457, 236, 26.19, -2.19, 11.65, 9.52, -80.58
0, 7611378, 2189, 217, 26.19, -2.25, 12.78, 10.20, -87.34
0, 7617661, 1913, 192, 22.94, -2.25, 12.78, 9.98, -92.00
0, 7623621, 1665, 170, 19.19, -2.25, 11.45, 9.98, -95.46
0, 7631381, 1348, 141, 19.19, -2.12, 11.51, 9.61, -98.53
0, 7637342, 1044, 113, 16.56, -1.81, 12.23, 9.77, -99.75
0, 7645624, 643, 74, 12.63, -1.81, 11.71, 9.78, -99.77
0, 7655050, 260, 39, 8.56, -1.44, 11.71, 9.78, -97.42
0, 7663121, 47, 18, 4.12, -1.06, 12.66, 9.89, -93.47
0, 7668834, -16, 12, 4.12, -1.06, 11.98, 9.67, -89.61
0, 7674894, -31, 10, -0.56, -0.69, 11.98, 9.67, -84.62
0, 7683096, -29, 9, -4.44, -0.37, 13.45, 9.69, -76.47
0, 7691115, -26, 9, -4.44, -0.25, 12.25, 9.83, -67.09
0, 7697815, -22, 8, -6.62, -0.25, 12.00, 9.71, -58.31
0, 7705891, -17, 7, -7.06, -0.25, 12.11, 9.69, -46.74
0, 7714902, -10, 6, -7.00, -0.25, 12.11, 9.69, -32.83
0, 7722660, 0, 5, -6.94, -0.19, 12.06, 9.78, -20.23
0, 7728729, 10, 2, -6.94, -0.19, 12.03, 9.74, -10.13
0, 7735848, 27, -1, -6.87, -0.19, 12.02, 9.75, 1.86
0, 7745227, 89, -3, -6.81, -0.19, 12.02, 9.78, 17.57
0, 7754221, 224, -4, -6.69, -0.13, 12.26, 9.78, 32.24
0, 7761006, 365, -5, -6.69, -0.13, 12.34, 9.77, 42.83
0, 7767633, 553, -7, -6.44, -0.13, 12.34, 9.77, 52.64
0, 7773756, 773, -11, -4.94, -0.13, 12.35, 9.85, 61.12
0, 7779462, 934, -33, -4.94, -0.13, 12.39, 9.88, 68.44
0, 7786231, 1013, -52, -3.44, -0.13, 11.51, 10.68, 76.29
0, 7795608, 1181, -50, -1.06, -0.06, 12.02, 8.78, 85.52
0, 7805033, 1383, -32, 0.69, 0.25, 12.02, 8.78, 92.64
0, 7812841, 1591, -12, 2.37, 0.37, 12.21, 10.02, 96.78
0, 7818551, 1741, 3, 2.37, 0.37, 12.20, 9.73, 98.75
0, 7824394, 1864, 16, 4.50, 0.25, 12.20, 9.73, 99.82
0, 7831931, 2057, 34, 6.62, 0.06, 11.97, 9.87, 99.77
0, 7838347, 2286, 55, 6.62, -0.19, 11.81, 9.72, 98.46
0, 7846366, 2628, 88, 9.19, -0.19, 12.21, 9.69, 95.21
0, 7856172, 2938, 121, 12.06, -0.37, 11.76, 9.69, 88.89
0, 7864590, 3196, 144, 16.06, -0.69, 11.76, 9.55, 81.51
0, 7870299, 3405, 164, 16.06, -1.06, 11.54, 10.06, 75.57
0, 7876345, 3618, 186, 19.31, -1.06, 12.06, 9.77, 68.52
0, 7884596, 3756, 205, 22.37, -1.31, 12.06, 9.77, 57.76
0, 7894242, 3790, 208, 25.75, -1.56, 11.31, 9.41, 43.78
0, 7903919, 3784, 210, 27.50, -1.87, 11.54, 9.99, 28.60
0, 7911175, 3772, 211, 27.50, -2.00, 11.66, 9.74, 16.69
0, 7917920, 3759, 213, 27.75, -2.00, 11.66, 9.74, 5.40
0, 7923841, 3735, 214, 27.69, -2.00, 11.75, 9.65, -4.57
0, 7929546, 3682, 214, 27.69, -2.06, 11.92, 9.80, -14.15
0, 7936650, 3586, 216, 27.50, -2.06, 11.68, 9.83, -25.87
0, 7946303, 3443, 218, 27.06, -2.06, 11.82, 9.83, -41.18
0, 7956299, 3199, 222, 25.94, -2.06, 11.82, 9.83, -55.87
0, 7964461, 2857, 232, 24.50, -2.12, 11.70, 9.73, -66.72
0, 7970167, 2654, 239, 24.50, -2.12, 11.37, 9.65, -73.57
0, 7976185, 2497, 239, 22.19, -2.12, 11.37, 9.65, -80.05
0, 7983501, 2239, 222, 18.31, -2.19, 11.87, 9.24, -86.81
0, 7990986, 1903, 192, 18.31, -2.25, 11.50, 9.95, -92.37
0, 8000303, 1526, 157, 15.31, -2.25, 11.32, 9.62, -97.22
0, 8009395, 1108, 119, 11.75, -2.25, 12.19, 9.87, -99.66
0, 8016455, 757, 85, 7.62, -1.94, 12.19, 9.87, -99.93
0, 8022161, 521, 63, 3.56, -1.56, 11.39, 9.73, -99.13
0, 8028062, 281, 40, 3.56, -1.56, 12.44, 9.75, -97.33
0, 8035883, 66, 19, -1.25, -1.19, 12.44, 9.75, -93.46
0, 8045028, -19, 11, -5.37, -0.81, 12.10, 9.71, -86.90
0, 8054984, -21, 10, -8.31, -0.44, 13.16, 9.87, -77.41
0, 8062838, -18, 10, -9.31, -0.25, 12.50, 9.82, -68.38
0, 8068725, -14, 9, -9.31, -0.25, 12.02, 9.82, -60.81
0, 8074613, -10, 9, -9.31, -0.19, 12.02, 9.75, -52.65
0, 8081615, -5, 8, -9.31, -0.19, 12.05, 9.84, -42.27
0, 8089665, 1, 7, -9.31, -0.19, 12.00, 9.70, -29.62
0, 8097519, 11, 5, -9.25, -0.19, 12.03, 9.78, -16.75
0, 8107056, 26, 1, -9.19, -0.19, 12.00, 9.78, -0.76
0, 8115153, 63, -1, -9.06, -0.19, 12.00, 9.76, 12.86
0, 8120863, 127, -2, -9.06, -0.19, 12.03, 9.74, 22.33
0, 8126781, 236, -3, -8.94, -0.13, 12.03, 9.74, 31.92
0, 8133448, 383, -4, -8.50, -0.13, 12.33, 9.72, 42.35
0, 8139387, 549, -6, -8.50, -0.06, 12.43, 9.69, 51.19
0, 8147558, 830, -13, -7.19, -0.06, 12.42, 9.83, 62.50
0, 8157134, 969, -60, -5.00, -0.06, 11.21, 9.83, 74.23
0, 8164977, 971, -60, -1.94, -0.06, 11.21, 9.82, 82.42
0, 8170685, 975, -60, -1.94, -0.06, 11.41, 8.31, 87.48
0, 8176392, 977, -60, 0.06, 0.06, 11.41, 8.31, 91.73
0, 8184127, 979, -60, 0.25, 0.44, 11.77, 10.15, 96.13
0, 8193124, 1051, -54, 0.25, 0.44, 12.12, 9.52, 99.19
0, 8201896, 1288, -41, 0.31, 0.44, 12.00, 9.83, 99.98
0, 8209890, 1534, -18, 0.31, 0.44, 13.11, 9.94, 98.80
0, 8216690, 1745, 3, 1.50, 0.37, 13.11, 9.94, 96.39
0, 8222401, 1875, 17, 1.50, 0.37, 12.13, 9.72, 93.38
0, 8228111, 2011, 30, 4.25, 0.13, 11.48, 9.72, 89.51
0, 8236173, 2256, 53, 7.25, -0.19, 12.09, 9.65, 82.65
0, 8245567, 2564, 83, 9.63, -0.37, 12.09, 9.84, 72.73
0, 8255080, 2768, 106, 12.44, -0.62, 12.27, 9.75, 60.84
0, 8262912, 2841, 112, 15.56, -0.94, 11.48, 9.63, 49.87
0, 8268625, 2865, 113, 15.56, -0.94, 11.56, 9.63, 41.30
0, 8274327, 2865, 114, 17.75, -1.06, 11.56, 9.82, 32.37
0, 8280610, 2860, 116, 17.75, -1.06, 11.77, 9.73, 22.19
0, 8288598, 2849, 119, 18.56, -1.12, 11.95, 9.75, 8.90
0, 8297523, 2823, 124, 18.69, -1.12, 11.97, 9.66, -6.13
0, 8307042, 2743, 127, 18.62, -1.19, 11.84, 9.66, -22.00
0, 8314880, 2608, 130, 18.37, -1.25, 11.84, 10.00, -34.66
0, 8320598, 2478, 132, 18.37, -1.25, 11.71, 10.00, -43.52
0, 8326506, 2295, 136, 17.75, -1.25, 11.71, 9.85, -52.26
0, 8332211, 2061, 149, 16.19, -1.31, 11.55, 9.70, -60.20
0, 8340002, 1798, 162, 16.19, -1.31, 11.22, 9.55, -70.14
0, 8349601, 1655, 161, 13.63, -1.37, 12.08, 9.75, -80.71
0, 8359611, 1508, 150, 9.88, -1.56, 12.19, 9.75, -89.48
0, 8366629, 1341, 136, 7.56, -1.56, 12.19, 9.75, -94.12
0, 8372338, 1134, 118, 7.56, -1.56, 11.57, 9.75, -96.93
0, 8378608, 913, 97, 6.25, -1.50, 11.41, 9.75, -98.98
0, 8386797, 658, 74, 4.31, -1.31, 11.83, 9.85, -100.00
0, 8396674, 357, 47, 1.00, -1.00, 12.41, 9.74, -98.69
0, 8406748, 78, 20, -2.19, -0.75, 11.46, 9.87, -94.55
0, 8414706, -1, 13, -5.12, -0.50, 11.46, 9.88, -89.35
0, 8420608, -8, 12, -5.12, -0.50, 12.92, 9.88, -84.45
0, 8426316, -6, 11, -7.94, -0.25, 12.92, 9.80, -78.91
0, 8432987, -4, 11, -9.13, -0.19, 12.46, 9.77, -71.52
0, 8441502, 0, 11, -9.13, -0.19, 12.00, 9.76, -60.79
0, 8450184, 5, 10, -9.19, -0.19, 12.10, 9.78, -48.56
0, 8460031, 12, 9, -9.13, -0.19, 11.98, 9.71, -33.45
0, 8468196, 23, 7, -9.13, -0.19, 11.99, 9.71, -20.20
0, 8475951, 34, 4, -9.06, -0.13, 11.99, 9.75, -7.26
0, 8482632, 53, 2, -8.94, -0.13, 12.02, 9.84, 3.99
0, 8490618, 116, 0, -8.94, -0.13, 12.03, 9.77, 17.36
0, 8499692, 254, -1, -8.81, -0.13, 12.30, 9.76, 32.17
0, 8508626, 438, -3, -8.50, -0.06, 12.37, 9.76, 46.01
0, 8517193, 698, -6, -7.44, -0.06, 12.37, 9.88, 58.30
0, 8523870, 911, -20, -5.69, -0.06, 12.57, 9.89, 67.06
0, 8530690, 987, -60, -5.69, -0.06, 11.40, 9.74, 75.13
0, 8539408, 989, -59, -3.12, 0.00, 11.92, 11.48, 83.98
0, 8549054, 992, -59, -0.31, 0.31, 11.28, 10.30, 91.66
0, 8558841, 995, -59, 0.44, 0.50, 12.37, 10.30, 96.98
0, 8567980, 997, -59, 0.44, 0.50, 12.37, 9.59, 99.57
0, 8575697, 1009, -58, 0.44, 0.50, 11.86, 9.56, 99.93
0, 8582169, 1155, -53, 0.50, 0.50, 12.14, 9.80, 98.92
0, 8590811, 1406, -30, 0.50, 0.50, 12.27, 10.09, 95.75
0, 8600534, 1702, -1, 0.69, 0.50, 11.81, 9.63, 89.76
0, 8610690, 1914, 21, 2.75, 0.31, 12.08, 9.63, 80.94
0, 8617768, 2068, 36, 5.62, 0.06, 12.08, 9.73, 73.38
0, 8623715, 2209, 49, 8.25, 0.06, 11.56, 9.85, 66.21
0, 8629666, 2342, 62, 8.25, -0.19, 12.07, 9.85, 58.37
0, 8637574, 2478, 76, 10.25, -0.37, 11.85, 9.70, 47.06
0, 8647500, 2558, 84, 12.50, -0.56, 11.76, 9.69, 31.71
0, 8657333, 2557, 87, 14.50, -0.75, 11.61, 9.83, 15.63
0, 8665149, 2539, 92, 15.56, -0.81, 11.61, 9.64, 2.52
0, 8670852, 2522, 96, 15.56, -0.81, 11.92, 9.64, -7.09
0, 8676553, 2488, 98, 15.75, -0.81, 11.92, 9.74, -16.63
0, 8682261, 2422, 101, 15.56, -0.81, 11.99, 9.77, -26.02
0, 8690738, 2258, 106, 15.56, -0.88, 11.80, 9.85, -39.51
0, 8700708, 1998, 113, 15.19, -0.94, 11.53, 9.75, -54.32
0, 8710601, 1655, 131, 14.06, -1.00, 11.61, 9.75, -67.50
0, 8717527, 1484, 138, 11.94, -1.06, 11.61, 9.81, -75.63
0, 8723236, 1393, 137, 9.13, -1.06, 11.96, 9.81, -81.57
0, 8728943, 1260, 127, 9.13, -1.19, 11.96, 9.55, -86.75
0, 8735438, 1082, 111, 5.94, -1.31, 12.87, 9.54, -91.66
0, 8744904, 836, 90, 4.12, -1.25, 11.57, 9.87, -96.85
0, 8754861, 598, 68, 1.69, -1.06, 11.89, 9.80, -99.65
0, 8764103, 333, 44, -0.81, -1.06, 12.05, 9.71, -99.74
0, 8770049, 154, 27, -0.81, -0.81, 11.74, 9.71, -98.52
0, 8775965, 49, 18, -3.19, -0.62, 11.74, 9.81, -96.33
0, 8782155, -5, 13, -5.94, -0.62, 11.99, 9.75, -93.00
0, 8791248, -15, 11, -5.94, -0.37, 12.96, 9.83, -86.30
0, 8800920, -13, 11, -8.31, -0.25, 12.29, 9.78, -76.96
0, 8810721, -9, 10, -9.19, -0.19, 11.99, 9.78, -65.41
0, 8818803, -3, 10, -9.25, -0.19, 12.04, 9.74, -54.54
0, 8825478, 2, 9, -9.19, -0.13, 12.04, 9.80, -44.78
0, 8832195, 8, 8, -9.19, -0.13, 12.08, 9.73, -34.39
0, 8841338, 16, 7, -9.19, -0.13, 12.06, 9.75, -19.57
0, 8850863, 30, 3, -9.06, -0.13, 12.02, 9.77, -3.64
0, 8860782, 71, 0, -9.00, -0.13, 12.07, 9.77, 13.04
0, 8867658, 146, -1, -8.88, -0.06, 12.07, 9.84, 24.42
0, 8873367, 251, -1, -8.69, -0.06, 12.13, 9.84, 33.62
0, 8879268, 384, -3, -8.69, -0.06, 12.50, 9.76, 42.81
0, 8885875, 577, -6, -8.06, -0.06, 12.50, 9.84, 52.59
0, 8895099, 887, -18, -6.44, -0.06, 12.50, 9.59, 65.12
0, 8904923, 979, -59, -3.94, 0.00, 11.64, 10.14, 76.74
0, 8914044, 981, -59, -0.88, 0.00, 11.74, 9.66, 85.66
0, 8919742, 985, -59, -0.88, 0.19, 11.16, 9.66, 90.21
0, 8925690, 986, -59, 0.37, 0.56, 11.16, 9.31, 94.08
0, 8931464, 988, -59, 0.37, 0.56, 12.28, 9.87, 96.93
0, 8940589, 990, -59, 0.44, 0.56, 12.01, 9.73, 99.55
0, 8950597, 1043, -55, 0.44, 0.56, 12.25, 9.63, 99.73
0, 8960601, 1313, -38, 0.50, 0.56, 12.04, 9.63, 97.07
0, 8968962, 1564, -15, 0.50, 0.50, 12.04, 9.75, 92.74
0, 8975601, 1746, 4, 1.87, 0.44, 11.97, 9.76, 87.98
0, 8982378, 1878, 18, 4.62, 0.44, 12.15, 9.68, 81.99
0, 8991346, 2059, 35, 4.62, 0.19, 11.64, 9.75, 72.43
0, 9000897, 2283, 56, 7.44, -0.06, 11.84, 9.75, 60.44
0, 9010603, 2468, 75, 9.44, -0.25, 11.98, 9.75, 46.66
0, 9017612, 2541, 83, 11.50, -0.44, 11.98, 9.72, 35.91
0, 9023773, 2552, 85, 13.75, -0.44, 11.79, 9.72, 26.04
0, 9029685, 2543, 87, 13.75, -0.62, 11.65, 9.77, 16.31
0, 9036831, 2531, 91, 15.31, -0.75, 11.94, 9.79, 4.33
0, 9045824, 2509, 96, 15.75, -0.81, 11.94, 9.78, -10.80
0, 9055373, 2426, 99, 15.63, -0.81, 12.03, 9.75, -26.60
0, 9064243, 2262, 105, 15.38, -0.81, 11.96, 9.75, -40.66
0, 9070189, 2105, 108, 15.38, -0.88, 11.62, 9.90, -49.60
0, 9076140, 1914, 114, 14.69, -0.88, 11.62, 9.74, -58.04
0, 9082008, 1681, 131, 14.69, -0.94, 11.58, 9.74, -65.80
0, 9090450, 1452, 137, 13.00, -1.00, 11.68, 9.65, -75.81
0, 9099773, 1281, 128, 10.31, -1.12, 11.95, 9.96, -85.08
0, 9108563, 1065, 110, 6.69, -1.25, 11.62, 10.47, -91.91
0, 9116158, 879, 93, 4.56, -1.25, 11.62, 9.69, -96.19
0, 9122088, 729, 80, 2.50, -1.25, 11.76, 9.69, -98.44
0, 9128029, 589, 67, 2.50, -1.12, 11.76, 9.86, -99.70
0, 9134446, 410, 51, 0.13, -0.88, 11.95, 9.83, -99.95
0, 9143603, 129, 25, -2.31, -0.88, 11.90, 9.75, -98.28
0, 9153139, 0, 13, -4.87, -0.69, 11.62, 9.80, -94.06
0, 9162274, -25, 11, -7.69, -0.50, 12.94, 9.80, -87.74
0, 9168347, -23, 10, -7.69, -0.25, 12.46, 9.82, -82.38
0, 9174530, -21, 10, -9.00, -0.25, 12.46, 9.82, -76.04
0, 9180428, -19, 10, -9.00, -0.13, 12.00, 9.80, -69.22
0, 9187794, -15, 9, -9.25, -0.13, 12.04, 9.77, -59.75
0, 9196698, -10, 8, -9.25, -0.13, 12.05, 9.83, -47.08
0, 9206231, -2, 7, -9.19, -0.13, 12.09, 9.73, -32.36
0, 9214938, 8, 5, -9.13, -0.13, 12.09, 9.78, -18.18
0, 9221238, 19, 3, -9.13, -0.13, 11.98, 9.78, -7.65
0, 9227884, 37, 0, -9.06, -0.06, 11.98, 9.74, 3.54
0, 9234542, 82, -1, -8.94, -0.06, 11.97, 9.76, 14.71
0, 9243391, 209, -2, -8.75, -0.06, 12.22, 9.79, 29.25
0, 9251920, 376, -4, -8.75, 0.00, 12.37, 9.79, 42.65
0, 9261055, 633, -7, -8.19, 0.00, 12.31, 9.75, 56.01
0, 9267806, 857, -17, -6.94, 0.00, 12.31, 9.82, 65.06
0, 9274554, 964, -60, -4.94, 0.00, 12.24, 9.87, 73.26
0, 9282485, 973, -60, -2.06, 0.00, 11.39, 9.87, 81.68
0, 9291090, 975, -60, -2.06, 0.06, 11.15, 8.74, 89.16
0, 9300838, 978, -60, 0.19, 0.44, 11.97, 9.68, 95.36
0, 9310646, 980, -60, 0.44, 0.56, 12.16, 9.79, 99.02
0, 9317646, 982, -60, 0.44, 0.56, 12.16, 9.94, 99.98
0, 9324857, 983, -60, 0.50, 0.56, 11.97, 9.65, 99.51
0, 9332783, 983, -60, 0.50, 0.56, 11.91, 9.78, 97.30
0, 9341687, 983, -60, 0.50, 0.56, 12.07, 9.78, 92.76
0, 9351140, 983, -60, 0.50, 0.56, 11.99, 9.79, 85.66
0, 9360810, 983, -60, 0.50, 0.56, 12.02, 9.78, 76.15
0, 9367696, 981, -60, 0.50, 0.56, 12.08, 9.83, 68.13
0, 9375559, 979, -60, 0.50, 0.56, 12.08, 9.75, 57.86
0, 9384307, 975, -60, 0.50, 0.56, 12.02, 9.74, 45.24
0, 9393506, 968, -60, 0.50, 0.56, 12.02, 9.74, 30.93
0, 9401947, 957, -60, 0.50, 0.56, 12.04, 9.79, 17.13
0, 9409601, 941, -55, 0.50, 0.56, 12.00, 9.82, 4.31
0, 9416714, 913, -48, 0.44, 0.56, 12.00, 9.82, -7.67
0, 9422417, 865, -43, 0.31, 0.56, 11.96, 9.72, -17.20
0, 9428181, 778, -37, 0.31, 0.56, 11.96, 9.88, -26.68
0, 9434086, 667, -26, 0.06, 0.44, 11.93, 9.88, -36.12
0, 9440908, 515, -12, 0.06, 0.37, 11.77, 9.71, -46.58
0, 9448552, 255, -9, -0.62, 0.19, 11.67, 9.76, -57.56
0, 9456316, 8, 3, -2.25, 0.06, 10.95, 10.05, -67.74
0, 9465015, 7, 5, -4.62, 0.06, 10.95, 10.05, -77.76
0, 9470723, 5, 6, -4.62, 0.00, 12.93, 9.83, -83.44
0, 9476449, 2, 6, -7.87, 0.00, 12.93, 9.55, -88.37
0, 9482401, -1, 6, -8.81, -0.06, 11.85, 9.55, -92.61
0, 9491423, -5, 6, -8.81, -0.06, 11.92, 9.84, -97.26
0, 9498990, -9, 7, -8.81, -0.06, 12.02, 9.72, -99.43
0, 9507316, -11, 7, -8.88, -0.06, 12.01, 9.71, -99.95
0, 9516198, -11, 7, -8.94, -0.06, 12.01, 9.85, -98.33
0, 9523040, -11, 7, -8.94, -0.06, 11.97, 9.85, -95.59
0, 9530783, -11, 7, -8.94, -0.06, 12.03, 9.77, -90.95
0, 9536577, -11, 7, -8.94, -0.06, 12.06, 9.75, -86.47
0, 9545506, -11, 7, -8.94, -0.06, 12.06, 9.77, -77.96
0, 9554532, -10, 7, -8.94, -0.06, 11.99, 9.78, -67.56
0, 9563065, -7, 7, -8.88, -0.06, 12.04, 9.78, -56.30
0, 9568766, -3, 6, -8.88, -0.06, 12.05, 9.76, -48.11
0, 9575793, 1, 6, -8.81, -0.06, 12.05, 9.78, -37.41
0, 9583643, 8, 5, -8.75, -0.06, 11.99, 9.78, -24.85
0, 9592148, 18, 2, -8.63, -0.06, 12.03, 9.73, -10.75
0, 9599075, 35, -1, -8.63, -0.06, 12.01, 9.76, 0.90
0, 9606579, 78, -4, -8.50, 0.00, 11.93, 9.83, 13.51
0, 9615015, 184, -5, -8.38, 0.00, 11.93, 9.83, 27.41
0, 9620715, 287, -6, -8.38, 0.00, 12.32, 9.84, 36.51
0, 9626565, 423, -8, -8.00, 0.00, 12.32, 9.84, 45.50
0, 9632490, 605, -9, -8.00, 0.06, 12.36, 9.74, 54.15
0, 9638224, 811, -13, -7.06, 0.06, 12.53, 9.77, 62.01
0, 9645985, 963, -59, -5.31, 0.06, 11.10, 9.84, 71.72
0, 9654831, 974, -60, -2.56, 0.06, 11.10, 11.49, 81.27
0, 9664502, 977, -60, 0.31, 0.31, 11.62, 11.49, 89.65
0, 9670205, 979, -60, 0.31, 0.56, 11.72, 8.36, 93.49
0, 9676279, 981, -60, 0.88, 0.56, 11.72, 8.36, 96.63
0, 9682494, 982, -60, 0.88, 0.56, 12.05, 9.50, 98.79
0, 9691180, 983, -60, 0.88, 0.56, 11.84, 9.66, 100.00
0, 9698692, 984, -60, 0.88, 0.56, 11.99, 9.91, 99.31
0, 9707011, 985, -60, 0.94, 0.56, 12.17, 9.78, 96.70
0, 9716020, 985, -60, 0.94, 0.56, 12.17, 9.78, 91.74
0, 9723451, 984, -60, 0.94, 0.56, 11.92, 9.67, 86.04
0, 9731310, 984, -60, 0.94, 0.56, 12.07, 9.82, 78.56
0, 9738333, 983, -60, 0.94, 0.56, 12.07, 9.79, 70.70
0, 9746511, 981, -60, 0.94, 0.56, 11.97, 9.71, 60.31
0, 9755102, 977, -60, 0.94, 0.56, 11.97, 9.80, 48.17
0, 9763933, 971, -60, 0.94, 0.56, 12.03, 9.80, 34.64
0, 9769636, 963, -60, 0.94, 0.56, 12.02, 9.81, 25.48
0, 9776521, 953, -58, 0.94, 0.56, 12.02, 9.69, 14.11
0, 9784574, 934, -52, 0.88, 0.56, 12.08, 9.69, 0.58
0, 9793291, 897, -46, 0.75, 0.56, 11.99, 9.67, -14.06
0, 9799956, 821, -41, 0.75, 0.50, 12.02, 9.74, -25.07
0, 9807301, 680, -30, 0.56, 0.44, 11.90, 9.87, -36.84
0, 9816030, 475, -10, 0.19, 0.44, 11.90, 9.87, -50.07
0, 9821730, 274, -9, 0.19, 0.31, 11.57, 9.75, -58.14
0, 9827684, 44, -6, -1.06, 0.31, 11.57, 9.75, -66.00
0, 9833563, 6, 5, -3.06, 0.13, 11.47, 10.03, -73.11
0, 9839789, 4, 6, -3.06, 0.06, 12.07, 9.42, -79.85
0, 9847284, 2, 6, -6.19, -0.06, 11.45, 9.47, -86.80
0, 9856027, -2, 6, -8.44, -0.06, 12.01, 9.75, -93.15
0, 9865714, -6, 7, -8.44, -0.06, 12.01, 9.75, -97.83
0, 9872382, -9, 7, -8.50, -0.06, 12.18, 9.99, -99.53
0, 9879223, -10, 7, -8.50, -0.06, 12.05, 9.78, -99.98
0, 9886459, -11, 7, -8.56, -0.06, 12.01, 9.76, -99.01
0, 9896000, -11, 7, -8.56, -0.06, 12.05, 9.80, -95.49
0, 9905647, -11, 7, -8.56, -0.06, 12.03, 9.79, -89.42
0, 9915071, -11, 7, -8.56, -0.06, 12.03, 9.79, -81.21
0, 9920779, -10, 7, -8.56, -0.06, 12.01, 9.76, -75.23
0, 9927894, -9, 7, -8.56, -0.06, 12.01, 9.83, -66.81
0, 9936391, -7, 7, -8.56, -0.06, 12.01, 9.78, -55.50
0, 9944671, -2, 6, -8.50, -0.06, 12.02, 9.78, -43.39
0, 9952600, 4, 6, -8.44, -0.06, 12.04, 9.73, -31.00
0, 9958387, 11, 4, -8.44, -0.06, 12.03, 9.79, -21.59
0, 9966712, 22, 2, -8.38, -0.06, 12.03, 9.79, -7.73
0, 9973373, 39, -1, -8.25, -0.06, 12.03, 9.83, 3.49
0, 9979436, 79, -4, -8.25, -0.06, 11.91, 9.79, 13.67
0, 9986613, 171, -5, -8.13, -0.06, 11.91, 9.84, 25.53
0, 9994749, 319, -6, -7.94, 0.00, 12.27, 9.84, 38.50
0, 10002438, 503, -8, -7.19, 0.06, 12.35, 9.74, 50.11
