********************************************************************************
Obsolete PIO Core v6.1.11 is used (previous was 6.1.14)
Please remove multiple PIO Cores from a system:
https://docs.platformio.org/en/latest/core/installation/troubleshooting.html
********************************************************************************
--- Terminal on /dev/cu.usbmodem14303 | 230400 8-N-1
--- Available filters and text transformations: colorize, debug, default, direct, hexlify, log2file, nocontrol, printable, send_on_enter, time
--- More details at https://bit.ly/pio-monitor-filters
--- Quit: Ctrl+C | Menu: Ctrl+T | Help: Ctrl+T followed by Ctrl+H
start
pain
Waiting for ODrive...
pin
found ODrive
DC voltage: 24.00
Enabling closed loop control...
ODrive running!
end time:10000000
0, 33, -65536, -1, -9.63, 0.00, 12.09, 9.50, 100.00
0, 9485, 483, -26, -9.63, 0.00, 12.04, 9.57, 90.94
0, 17058, 1025, -31, -9.63, 0.00, 12.12, 10.42, 71.70
0, 23810, 1249, -57, -9.63, 0.13, 12.71, 10.42, 47.43
0, 30556, 1337, -44, -8.13, 0.25, 11.43, 9.03, 18.79
0, 40465, 1320, -38, -1.50, 0.50, 10.30, 8.23, -25.61
0, 50104, 1146, -14, 2.44, 0.44, 10.30, 9.93, -64.03
0, 59419, 651, 4, 3.31, 0.31, 11.15, 8.69, -89.84
0, 66064, 173, 16, 2.69, 0.31, 10.91, 8.69, -98.81
0, 72257, -86, -10, 2.69, 0.00, 10.91, 9.32, -99.21
0, 78259, -225, -23, -0.37, 0.00, 10.93, 10.07, -92.21
0, 85629, -327, -33, -0.37, -0.06, 13.56, 9.68, -74.48
0, 95170, -339, -37, -6.69, 0.13, 12.48, 9.52, -39.76
0, 104831, -320, -41, -10.88, 0.25, 12.89, 9.66, 2.80
0, 113883, -253, -52, -12.63, 0.31, 12.29, 9.66, 42.35
0, 119831, -146, -54, -12.88, 0.37, 12.29, 9.57, 64.90
0, 125542, 67, -55, -12.88, 0.37, 11.92, 9.57, 82.18
0, 131497, 407, -58, -12.69, 0.44, 13.42, 9.36, 94.38
0, 141286, 881, -90, -12.00, 0.50, 13.33, 9.76, 99.44
0, 151181, 1207, -60, -9.44, 0.56, 11.20, 11.23, 85.09
0, 161184, 1534, -27, -4.12, 0.81, 11.20, 8.31, 53.57
0, 167169, 1634, -13, -0.25, 0.81, 12.50, 8.31, 29.04
0, 173089, 1647, -11, -0.25, 0.50, 11.48, 10.01, 2.70
0, 178779, 1600, -2, 3.06, 0.25, 11.48, 9.68, -22.83
0, 186538, 1453, 24, 5.75, 0.25, 11.36, 8.93, -54.90
0, 195591, 1083, 30, 5.75, 0.13, 11.02, 10.49, -83.63
0, 205158, 460, 39, 6.19, -0.13, 11.79, 9.10, -98.91
0, 214112, 92, 6, 4.94, -0.25, 10.80, 9.10, -96.71
0, 220059, -110, -13, 1.50, -0.31, 10.80, 10.38, -86.47
0, 225767, -215, -23, 1.50, -0.31, 11.65, 10.38, -70.79
0, 231731, -237, -27, -4.50, -0.06, 13.15, 9.35, -49.41
0, 241565, -226, -30, -8.69, 0.19, 13.18, 9.49, -7.21
0, 251189, -171, -42, -11.38, 0.25, 12.22, 9.50, 35.51
0, 260543, 12, -44, -11.88, 0.31, 12.22, 9.92, 70.76
0, 267192, 299, -47, -11.69, 0.31, 12.20, 9.92, 88.51
0, 272913, 678, -50, -11.69, 0.37, 13.17, 9.48, 97.47
0, 278811, 917, -78, -10.88, 0.37, 13.17, 9.40, 99.91
0, 286498, 1189, -60, -8.13, 0.44, 13.40, 9.98, 92.53
0, 295689, 1524, -28, -8.13, 0.50, 11.54, 8.61, 69.35
0, 305234, 1711, -6, -2.81, 0.69, 12.22, 9.88, 32.84
0, 314457, 1751, 0, 1.06, 0.44, 11.22, 9.88, -8.23
0, 320384, 1695, 7, 4.56, 0.44, 11.22, 9.50, -34.33
0, 326083, 1550, 30, 4.56, 0.13, 11.70, 9.50, -57.13
0, 332030, 1290, 40, 6.81, 0.06, 11.26, 9.06, -76.89
0, 341827, 614, 53, 7.31, -0.13, 11.23, 10.22, -96.87
0, 351156, 267, 21, 5.94, -0.37, 14.12, 8.43, -98.54
0, 360113, -86, -11, 1.50, -0.37, 14.12, 9.94, -83.86
0, 366897, -209, -23, -4.37, -0.37, 11.29, 9.94, -63.49
0, 372608, -215, -27, -4.37, -0.13, 11.29, 9.92, -41.65
0, 378495, -203, -29, -8.19, -0.13, 12.72, 9.34, -16.27
0, 385850, -180, -35, -8.19, 0.19, 13.55, 9.54, 16.84
0, 395426, -54, -42, -11.19, 0.25, 11.85, 9.69, 56.64
0, 405112, 302, -45, -11.63, 0.31, 12.60, 9.69, 86.25
0, 414815, 829, -58, -11.38, 0.37, 13.31, 9.34, 99.58
0, 420712, 1019, -78, -10.38, 0.37, 13.31, 10.08, 98.48
0, 426504, 1220, -57, -10.38, 0.44, 11.42, 10.08, 90.61
0, 432383, 1432, -37, -7.19, 0.56, 11.51, 8.71, 76.32
0, 441776, 1658, -12, -2.12, 0.69, 12.24, 9.18, 42.91
0, 450559, 1723, -5, 1.31, 0.44, 11.19, 9.67, 4.63
0, 460269, 1650, 13, 4.69, 0.19, 11.19, 9.56, -38.27
0, 467031, 1491, 30, 6.69, 0.19, 11.45, 9.56, -64.31
0, 472737, 1221, 34, 6.69, 0.06, 11.45, 8.42, -81.72
0, 478720, 744, 43, 6.94, 0.06, 11.36, 10.36, -94.15
0, 486019, 349, 27, 6.94, -0.13, 11.52, 9.30, -99.99
0, 495134, -44, -7, 5.62, -0.31, 14.43, 9.30, -92.16
0, 505151, -261, -27, 1.25, -0.31, 11.59, 9.15, -65.89
0, 514741, -276, -32, -5.19, 0.00, 13.12, 10.18, -28.18
0, 520636, -253, -37, -9.44, 0.00, 13.12, 9.43, -1.91
0, 526528, -222, -43, -9.44, 0.25, 12.22, 9.43, 24.48
0, 532399, -138, -48, -11.88, 0.31, 11.83, 9.67, 49.07
0, 541243, 148, -49, -12.25, 0.37, 12.72, 9.65, 79.12
0, 550660, 680, -56, -11.88, 0.44, 13.36, 9.38, 97.32
0, 560421, 1003, -78, -10.56, 0.50, 13.36, 11.12, 97.82
0, 567537, 1244, -56, -6.94, 0.50, 11.25, 11.12, 86.23
0, 573243, 1445, -36, -6.94, 0.69, 11.61, 8.53, 70.46
0, 579251, 1594, -19, -2.06, 0.69, 11.61, 9.76, 48.83
0, 586933, 1665, -11, 1.19, 0.75, 12.43, 9.38, 16.20
0, 595573, 1637, -2, 1.19, 0.44, 11.46, 9.38, -22.60
0, 605263, 1463, 23, 4.50, 0.19, 11.68, 9.34, -61.79
0, 614323, 1043, 33, 6.31, 0.13, 11.08, 9.31, -88.00
0, 620204, 600, 45, 6.37, 0.13, 11.08, 9.31, -97.39
0, 625911, 302, 23, 6.37, -0.13, 11.70, 10.24, -99.96
0, 631616, 37, 0, 4.94, -0.25, 13.65, 9.83, -95.91
0, 640493, -218, -23, 0.75, -0.25, 13.65, 8.71, -77.23
0, 649084, -276, -30, -5.56, -0.25, 11.96, 10.01, -47.41
0, 658806, -262, -34, -9.88, 0.06, 13.15, 9.60, -5.43
0, 666624, -215, -43, -9.88, 0.25, 12.19, 9.60, 29.48
0, 672577, -130, -47, -12.00, 0.31, 12.19, 9.43, 53.83
0, 678408, 55, -49, -12.13, 0.31, 12.11, 9.43, 73.93
0, 685149, 401, -52, -12.13, 0.37, 12.56, 9.45, 90.73
0, 692635, 809, -69, -11.88, 0.50, 13.02, 9.44, 99.55
0, 701500, 1098, -68, -10.50, 0.50, 11.15, 11.15, 95.37
0, 711207, 1451, -36, -6.50, 0.69, 11.15, 8.55, 73.55
0, 718561, 1646, -13, -1.56, 0.69, 11.60, 8.55, 47.40
0, 724261, 1709, -5, -1.56, 0.75, 12.46, 9.91, 23.39
0, 729974, 1711, -3, 1.75, 0.75, 12.46, 9.04, -2.23
0, 737718, 1638, 13, 5.19, 0.44, 11.51, 9.08, -36.39
0, 746344, 1409, 31, 5.19, 0.19, 11.62, 9.08, -69.08
0, 755809, 847, 40, 6.87, 0.06, 11.18, 9.93, -92.86
0, 764590, 390, 30, 6.75, -0.19, 10.65, 9.56, -99.99
0, 770575, 139, 10, 4.94, -0.19, 10.65, 9.56, -95.90
0, 776479, -84, -11, 4.94, -0.25, 14.19, 10.50, -85.02
0, 782434, -196, -22, 0.25, -0.31, 11.39, 8.96, -67.95
0, 791347, -211, -26, -5.31, 0.00, 13.40, 9.50, -33.73
0, 800380, -190, -30, -9.31, 0.25, 13.40, 9.60, 6.44
0, 809344, -107, -42, -11.44, 0.25, 12.24, 9.41, 45.27
0, 817213, 101, -43, -11.44, 0.31, 11.84, 9.41, 73.50
0, 822982, 376, -45, -11.50, 0.37, 11.84, 9.43, 88.50
0, 828899, 754, -52, -11.19, 0.37, 12.30, 9.43, 97.66
0, 836373, 1017, -78, -11.19, 0.44, 13.10, 9.67, 99.27
0, 845774, 1357, -45, -9.69, 0.44, 11.11, 10.02, 85.44
0, 854684, 1641, -15, -5.56, 0.69, 11.64, 8.69, 58.23
0, 862548, 1757, 0, -0.75, 0.69, 11.03, 9.86, 26.28
0, 869547, 1781, 3, 2.75, 0.69, 11.03, 9.86, -5.05
0, 875244, 1734, 10, 2.75, 0.37, 11.78, 9.71, -30.33
0, 881257, 1598, 32, 6.00, 0.37, 11.78, 9.05, -54.81
0, 889521, 1229, 43, 7.50, 0.13, 11.50, 10.23, -81.56
0, 899138, 594, 51, 7.37, 0.06, 11.12, 9.78, -98.35
0, 909230, 204, 16, 5.06, -0.19, 11.07, 10.75, -96.26
0, 917550, -106, -13, -0.25, -0.31, 13.85, 10.75, -79.58
0, 923259, -194, -22, -0.25, -0.31, 13.85, 9.43, -61.49
0, 929349, -196, -25, -5.31, -0.31, 11.36, 9.43, -37.73
0, 936111, -182, -28, -5.31, 0.00, 13.55, 9.29, -8.10
0, 944154, -142, -37, -9.19, 0.25, 12.13, 9.55, 27.89
0, 952166, -8, -41, -11.31, 0.31, 11.99, 9.88, 60.11
0, 961209, 358, -44, -11.38, 0.31, 11.99, 9.57, 86.93
0, 969221, 809, -56, -10.94, 0.37, 13.33, 9.57, 98.81
0, 974923, 994, -79, -10.94, 0.44, 12.89, 9.88, 99.47
0, 981237, 1215, -57, -9.25, 0.44, 12.89, 9.30, 92.54
0, 989622, 1521, -28, -4.87, 0.50, 11.17, 8.99, 71.94
0, 999325, 1719, -5, -0.44, 0.69, 11.73, 9.76, 35.62
0, 1009202, 1771, 1, 2.94, 0.69, 11.02, 9.76, -8.24
0, 1017589, 1680, 16, 2.94, 0.37, 11.72, 9.51, -44.55
0, 1023330, 1520, 36, 6.06, 0.37, 11.72, 8.79, -66.04
0, 1029422, 1200, 42, 7.44, 0.19, 11.58, 8.79, -83.97
0, 1036182, 677, 55, 7.44, 0.06, 11.32, 10.65, -96.42
0, 1043732, 322, 26, 7.25, -0.19, 10.89, 9.70, -99.73
0, 1051737, -26, -6, 5.06, -0.31, 13.62, 10.20, -90.68
0, 1060552, -228, -24, -0.81, -0.31, 13.62, 9.89, -67.22
0, 1068466, -248, -29, -6.25, -0.25, 13.15, 9.89, -37.02
0, 1074171, -231, -33, -6.25, -0.25, 13.29, 9.27, -12.10
0, 1079984, -211, -37, -10.19, 0.13, 13.29, 9.27, 14.11
0, 1087857, -123, -45, -11.88, 0.31, 12.26, 9.67, 47.73
0, 1095525, 96, -46, -11.88, 0.37, 11.80, 9.66, 74.75
0, 1103193, 494, -50, -11.81, 0.44, 13.29, 9.31, 92.88
0, 1111699, 886, -80, -11.31, 0.44, 12.94, 9.75, 100.00
0, 1119943, 1160, -63, -9.38, 0.50, 12.94, 9.75, 92.95
0, 1125649, 1363, -44, -9.38, 0.75, 11.02, 8.83, 80.46
0, 1131694, 1556, -24, -4.75, 0.75, 11.02, 9.51, 61.45
0, 1139593, 1677, -9, -0.50, 0.69, 12.37, 9.51, 29.98
0, 1148435, 1688, -4, 2.81, 0.37, 11.05, 9.44, -9.52
0, 1156856, 1587, 13, 2.81, 0.19, 11.63, 9.41, -45.83
0, 1164339, 1357, 31, 5.75, 0.13, 11.80, 8.66, -72.74
0, 1171355, 916, 37, 6.81, 0.13, 11.80, 8.66, -90.52
0, 1177066, 513, 46, 6.81, -0.13, 11.49, 10.73, -98.37
0, 1183071, 241, 19, 6.37, -0.25, 10.91, 9.48, -99.59
0, 1190924, -84, -11, 3.94, -0.25, 13.76, 8.91, -90.22
0, 1200183, -264, -27, -1.94, -0.19, 13.76, 10.14, -64.90
0, 1209673, -274, -32, -7.25, 0.19, 12.99, 10.14, -27.36
0, 1217380, -248, -38, -7.25, 0.31, 13.21, 9.52, 7.13
0, 1223286, -210, -43, -10.88, 0.31, 13.21, 9.52, 33.20
0, 1229048, -103, -48, -12.13, 0.37, 12.20, 9.56, 56.38
0, 1235852, 139, -49, -12.13, 0.44, 12.70, 9.92, 78.75
0, 1243144, 554, -53, -12.06, 0.50, 13.48, 9.40, 94.46
0, 1251618, 904, -86, -11.50, 0.50, 12.51, 9.69, 99.88
0, 1260610, 1203, -59, -9.19, 0.56, 12.51, 9.69, 89.81
0, 1268946, 1499, -31, -4.37, 0.81, 11.15, 8.68, 67.31
0, 1274651, 1633, -14, -4.37, 0.81, 12.39, 9.87, 46.22
0, 1280576, 1689, -7, -0.37, 0.69, 12.39, 9.87, 21.09
0, 1288405, 1676, -3, 3.00, 0.37, 11.13, 9.16, -14.10
0, 1295868, 1581, 13, 3.00, 0.19, 11.45, 9.23, -46.09
0, 1303113, 1349, 31, 5.94, 0.13, 11.27, 9.13, -72.19
0, 1311806, 774, 38, 6.81, 0.13, 11.27, 10.08, -93.19
0, 1319930, 367, 28, 6.19, -0.13, 11.43, 10.08, -100.00
0, 1325629, 129, 9, 6.19, -0.25, 10.86, 8.97, -96.79
0, 1331523, -90, -11, 3.44, -0.25, 10.86, 8.79, -86.76
0, 1339650, -228, -25, -2.62, -0.13, 13.49, 8.79, -63.10
0, 1348416, -234, -28, -7.25, 0.19, 12.99, 9.68, -28.25
0, 1355582, -212, -34, -7.25, 0.31, 13.19, 9.82, 3.76
0, 1363025, -161, -41, -10.69, 0.31, 12.27, 9.43, 36.55
0, 1371141, 15, -44, -11.81, 0.37, 12.27, 9.43, 67.52
0, 1376848, 248, -46, -11.81, 0.44, 12.63, 9.48, 84.11
0, 1382788, 621, -50, -11.69, 0.44, 13.33, 9.58, 95.45
0, 1390628, 941, -83, -11.06, 0.50, 13.33, 9.65, 99.87
0, 1399893, 1262, -54, -8.69, 0.56, 12.75, 9.65, 89.13
0, 1408954, 1578, -22, -3.69, 0.81, 11.66, 8.60, 63.69
0, 1415641, 1701, -6, -3.69, 0.69, 12.38, 9.91, 37.85
0, 1422411, 1745, -2, 0.31, 0.69, 12.38, 9.91, 8.19
0, 1428114, 1714, 3, 0.31, 0.37, 11.04, 9.13, -17.50
0, 1433925, 1630, 21, 3.81, 0.19, 11.57, 8.93, -42.47
0, 1441892, 1369, 35, 6.50, 0.19, 10.97, 10.30, -71.66
0, 1451384, 760, 45, 7.31, 0.06, 10.97, 9.71, -94.19
0, 1460412, 370, 30, 6.37, -0.19, 11.50, 9.71, -99.79
0, 1468092, 50, 1, 3.12, -0.25, 10.78, 9.13, -91.60
0, 1474180, -134, -16, 3.12, -0.25, 10.78, 9.13, -77.24
0, 1480420, -200, -23, -2.81, -0.19, 11.51, 9.24, -56.50
0, 1487965, -192, -26, -6.94, 0.13, 13.03, 9.32, -25.64
0, 1494964, -170, -31, -6.94, 0.31, 13.41, 9.86, 5.72
0, 1502806, -104, -39, -10.44, 0.31, 12.03, 9.56, 40.03
0, 1512222, 139, -41, -11.44, 0.37, 12.03, 9.56, 74.30
0, 1520747, 578, -45, -11.25, 0.44, 12.61, 9.25, 94.02
0, 1526459, 853, -58, -11.25, 0.44, 13.15, 9.86, 99.60
0, 1532457, 1055, -74, -10.50, 0.50, 13.15, 9.46, 98.35
0, 1540760, 1354, -46, -7.87, 0.56, 12.64, 9.46, 84.87
0, 1550355, 1650, -14, -3.00, 0.81, 11.68, 8.70, 54.77
0, 1559786, 1773, 1, 0.81, 0.62, 12.28, 9.75, 15.26
0, 1566437, 1776, 5, 0.81, 0.31, 11.10, 9.26, -14.70
0, 1573218, 1690, 21, 4.31, 0.31, 11.10, 9.26, -43.88
0, 1578923, 1518, 37, 6.87, 0.19, 11.59, 8.79, -65.35
0, 1585554, 1163, 44, 6.87, 0.06, 11.07, 10.50, -84.79
0, 1592706, 641, 56, 7.69, 0.06, 11.38, 9.67, -97.24
0, 1602433, 229, 17, 6.81, -0.19, 11.02, 8.91, -97.92
0, 1612258, -132, -16, 3.19, -0.31, 11.02, 8.91, -79.68
0, 1620138, -232, -25, -3.12, -0.13, 11.69, 9.73, -53.60
0, 1625846, -221, -29, -3.12, -0.13, 12.79, 9.20, -30.27
0, 1631721, -207, -31, -7.50, 0.19, 12.79, 9.20, -4.19
0, 1639462, -167, -40, -10.81, 0.37, 13.37, 9.69, 30.33
0, 1647191, -33, -43, -10.81, 0.44, 11.99, 9.85, 61.12
0, 1655430, 295, -46, -11.69, 0.50, 12.89, 9.52, 85.74
0, 1663307, 762, -56, -11.50, 0.50, 13.40, 9.90, 98.30
0, 1671649, 1039, -75, -10.69, 0.56, 13.40, 9.90, 98.15
0, 1677352, 1235, -56, -10.69, 0.56, 11.45, 10.15, 90.01
0, 1683308, 1451, -35, -7.81, 0.56, 11.62, 10.15, 75.18
0, 1691392, 1649, -13, -2.69, 0.88, 11.62, 9.28, 46.64
0, 1701132, 1698, -5, 0.88, 0.62, 12.37, 9.64, 4.48
0, 1710400, 1623, 19, 4.31, 0.37, 11.03, 9.49, -36.56
0, 1717037, 1470, 33, 4.31, 0.25, 11.76, 8.11, -62.45
0, 1723834, 1140, 36, 4.56, 0.25, 11.76, 8.11, -83.15
0, 1729547, 696, 43, 4.81, 0.06, 11.05, 10.65, -94.58
0, 1736176, 351, 27, 4.81, 0.06, 11.04, 9.55, -99.95
0, 1743458, 34, 0, 3.75, -0.19, 13.32, 9.31, -95.58
0, 1753126, -224, -24, 0.00, -0.19, 12.26, 10.12, -74.14
0, 1763145, -273, -31, -6.44, 0.00, 12.26, 10.12, -37.29
0, 1771633, -253, -35, -9.13, 0.31, 12.69, 9.43, 0.17
0, 1777330, -221, -41, -9.13, 0.31, 13.21, 9.52, 25.64
0, 1783229, -130, -47, -11.88, 0.44, 12.08, 9.52, 50.21
0, 1791059, 122, -48, -11.63, 0.44, 12.08, 9.88, 77.08
0, 1800346, 645, -54, -10.56, 0.56, 12.82, 9.44, 96.36
0, 1808134, 917, -86, -10.56, 0.56, 13.21, 9.71, 99.67
0, 1815262, 1152, -63, -7.31, 0.56, 12.17, 11.15, 91.96
0, 1823520, 1445, -36, -2.31, 0.69, 12.17, 11.15, 71.29
0, 1829228, 1601, -18, 2.69, 0.94, 11.76, 9.79, 51.03
0, 1835630, 1675, -9, 2.69, 0.94, 12.34, 9.33, 24.36
0, 1842695, 1672, -6, 6.06, 0.69, 11.37, 9.33, -7.34
0, 1852000, 1564, 17, 8.31, 0.37, 11.37, 9.69, -47.43
0, 1861783, 1241, 32, 8.56, 0.25, 11.79, 8.83, -80.55
0, 1868762, 753, 37, 8.56, 0.13, 11.37, 10.23, -94.97
0, 1875624, 362, 27, 7.37, 0.13, 11.37, 10.23, -100.00
0, 1881329, 104, 6, 3.87, -0.13, 11.37, 9.25, -96.90
0, 1889182, -157, -18, -2.44, -0.19, 13.62, 9.95, -82.26
0, 1895527, -254, -27, -2.44, -0.19, 12.13, 10.00, -62.81
0, 1903996, -254, -31, -7.00, 0.00, 12.94, 9.49, -29.18
0, 1913808, -232, -36, -9.63, 0.31, 12.94, 9.49, 14.70
0, 1921810, -145, -45, -10.06, 0.44, 12.12, 9.57, 48.76
0, 1927517, 5, -47, -10.06, 0.44, 11.86, 9.97, 69.43
0, 1933226, 261, -49, -9.81, 0.50, 12.49, 9.97, 85.50
0, 1941192, 748, -59, -8.81, 0.56, 12.49, 9.36, 98.29
0, 1949774, 1032, -75, -5.37, 0.56, 12.19, 9.70, 97.94
0, 1958134, 1326, -48, -5.37, 0.69, 11.95, 11.28, 83.58
0, 1965744, 1580, -21, -0.13, 0.69, 11.73, 9.91, 60.16
0, 1973750, 1704, -6, 3.25, 0.94, 11.73, 9.91, 27.97
0, 1979457, 1726, -4, 6.69, 0.69, 12.33, 9.18, 2.54
0, 1986002, 1674, 6, 6.69, 0.69, 11.61, 9.81, -26.72
0, 1993143, 1521, 29, 8.75, 0.37, 11.58, 9.81, -55.92
0, 2002974, 1073, 39, 8.94, 0.25, 10.89, 9.88, -86.14
0, 2012760, 482, 38, 7.31, 0.06, 10.89, 9.67, -99.59
0, 2019829, 212, 16, 3.06, -0.13, 11.02, 8.83, -97.38
0, 2026478, -54, -8, 3.06, -0.13, 13.15, 8.83, -86.28
0, 2032629, -185, -21, -2.62, -0.19, 13.15, 10.37, -69.08
0, 2040545, -209, -26, -6.56, 0.00, 11.75, 9.52, -39.37
0, 2049638, -193, -29, -9.25, 0.25, 13.10, 9.74, 0.65
0, 2058212, -129, -40, -9.25, 0.37, 12.07, 9.56, 38.41
0, 2065773, 32, -42, -9.56, 0.37, 12.17, 9.32, 67.14
0, 2073854, 398, -45, -9.31, 0.44, 12.17, 9.32, 89.19
0, 2079564, 751, -51, -8.13, 0.56, 12.71, 9.55, 97.78
0, 2086164, 980, -79, -8.13, 0.56, 12.20, 9.55, 99.62
0, 2093293, 1231, -56, -4.50, 0.56, 11.97, 9.60, 91.72
0, 2103114, 1582, -22, 0.50, 0.62, 11.65, 10.34, 65.71
0, 2112903, 1757, 0, 4.00, 0.88, 11.65, 9.84, 27.08
0, 2119557, 1793, 4, 4.00, 0.62, 11.04, 9.07, -2.66
0, 2126337, 1738, 13, 7.37, 0.62, 11.73, 9.07, -32.71
0, 2132257, 1605, 34, 9.31, 0.31, 11.73, 9.78, -56.54
0, 2140041, 1249, 44, 9.63, 0.19, 11.43, 10.22, -81.51
0, 2146828, 754, 54, 9.63, 0.19, 10.97, 9.73, -95.20
0, 2156120, 328, 26, 7.87, 0.00, 11.08, 8.48, -99.40
0, 2165082, -43, -7, 3.00, -0.19, 13.71, 8.48, -87.06
0, 2172839, -209, -23, -2.81, -0.25, 13.71, 10.80, -64.85
0, 2178557, -225, -27, -2.81, -0.25, 11.72, 9.30, -43.23
0, 2184445, -212, -30, -6.81, 0.00, 13.31, 9.30, -17.98
0, 2192327, -191, -35, -9.44, 0.31, 13.31, 9.81, 17.47
0, 2201080, -83, -42, -9.69, 0.44, 12.02, 9.58, 54.09
0, 2210399, 242, -45, -9.38, 0.50, 11.91, 9.51, 83.76
0, 2217103, 637, -49, -9.38, 0.50, 13.40, 9.90, 96.25
0, 2224944, 950, -81, -8.06, 0.56, 13.40, 9.90, 99.68
0, 2230885, 1153, -63, -4.31, 0.56, 12.43, 9.49, 93.99
0, 2237658, 1398, -41, -4.31, 0.56, 11.66, 9.76, 79.32
0, 2244507, 1604, -18, 0.62, 0.69, 11.61, 9.76, 56.99
0, 2254127, 1724, -4, 4.00, 0.94, 11.05, 9.82, 17.05
0, 2264011, 1710, 5, 7.31, 0.62, 11.05, 9.25, -27.21
0, 2270808, 1589, 22, 8.94, 0.37, 11.79, 9.64, -55.05
0, 2277726, 1300, 35, 8.94, 0.37, 11.70, 9.64, -78.07
0, 2283429, 896, 42, 9.13, 0.25, 11.20, 10.01, -91.42
0, 2291487, 408, 31, 7.37, 0.13, 11.20, 9.81, -99.86
0, 2300555, 17, -2, 2.19, -0.13, 10.95, 8.81, -93.69
0, 2310494, -237, -25, -3.75, -0.19, 13.94, 10.03, -69.19
0, 2317288, -270, -31, -3.75, -0.19, 11.86, 9.15, -44.11
0, 2325120, -256, -34, -7.75, 0.13, 11.86, 9.15, -10.25
0, 2331012, -229, -39, -9.94, 0.25, 13.27, 9.72, 16.30
0, 2337769, -151, -46, -9.94, 0.25, 12.03, 9.72, 45.22
0, 2344858, 41, -47, -10.06, 0.25, 11.96, 9.58, 71.02
0, 2354481, 531, -52, -9.69, 0.37, 13.14, 9.39, 94.08
0, 2364455, 926, -85, -8.00, 0.37, 13.14, 9.83, 99.45
0, 2371251, 1145, -64, -3.87, 0.50, 12.08, 10.31, 91.61
0, 2378142, 1385, -42, -3.87, 0.50, 12.09, 10.31, 74.91
0, 2383854, 1557, -23, 0.56, 0.69, 12.32, 8.75, 55.50
0, 2391703, 1660, -10, 3.75, 0.44, 12.32, 9.55, 23.13
0, 2400448, 1656, -5, 6.94, 0.13, 11.14, 9.49, -16.13
0, 2409794, 1515, 18, 8.50, 0.13, 11.50, 9.45, -55.19
0, 2416951, 1264, 30, 8.50, 0.06, 11.87, 9.45, -78.84
0, 2425284, 649, 42, 8.38, -0.13, 11.87, 10.58, -95.95
0, 2431203, 355, 26, 6.56, -0.13, 11.26, 9.63, -99.98
0, 2438138, 47, 1, 6.56, -0.31, 10.94, 9.63, -95.67
0, 2445179, -170, -19, 1.37, -0.37, 13.24, 9.14, -81.74
0, 2454914, -263, -28, -4.37, -0.13, 12.81, 10.16, -49.40
0, 2465096, -249, -32, -8.25, 0.13, 12.81, 9.38, -5.62
0, 2472050, -207, -41, -9.94, 0.25, 13.03, 9.65, 25.53
0, 2478821, -106, -46, -9.94, 0.25, 11.96, 9.65, 53.49
0, 2485280, 102, -47, -10.00, 0.25, 12.14, 9.52, 75.55
0, 2492922, 516, -51, -9.56, 0.37, 12.14, 9.43, 93.28
0, 2502046, 909, -84, -7.75, 0.37, 13.21, 9.82, 99.90
0, 2511845, 1239, -56, -3.25, 0.56, 12.25, 10.77, 88.38
0, 2518663, 1485, -32, -3.25, 0.56, 11.88, 9.90, 70.01
0, 2526681, 1662, -10, 1.12, 0.69, 12.21, 9.90, 40.14
0, 2532380, 1711, -5, 4.44, 0.37, 12.21, 9.16, 15.47
0, 2540295, 1684, 2, 7.62, 0.37, 11.13, 9.80, -20.12
0, 2547068, 1583, 21, 7.62, 0.13, 11.47, 9.25, -48.72
0, 2557064, 1193, 35, 8.94, 0.00, 11.12, 9.92, -81.97
0, 2566232, 579, 50, 8.63, -0.19, 11.30, 9.92, -98.10
0, 2573857, 266, 21, 6.31, -0.37, 11.30, 9.02, -98.89
0, 2579997, 2, -3, 1.06, -0.37, 10.93, 9.02, -91.02
0, 2586490, -169, -19, 1.06, -0.37, 13.27, 10.03, -75.13
0, 2593562, -223, -25, -4.12, -0.13, 13.27, 9.82, -50.58
0, 2602585, -211, -28, -7.94, 0.13, 13.07, 9.67, -12.20
0, 2612402, -164, -39, -9.63, 0.19, 13.15, 9.53, 31.61
0, 2619222, -66, -42, -9.63, 0.19, 11.88, 9.63, 58.92
0, 2627301, 243, -44, -9.56, 0.25, 12.92, 9.63, 83.90
0, 2633351, 606, -48, -9.19, 0.31, 12.92, 9.39, 95.48
0, 2641554, 954, -81, -7.44, 0.31, 13.50, 9.68, 99.76
0, 2649193, 1220, -57, -7.44, 0.37, 12.11, 11.36, 91.53
0, 2658507, 1556, -24, -2.81, 0.50, 11.73, 9.87, 67.07
0, 2667320, 1725, -3, 1.69, 0.62, 12.24, 9.87, 33.03
0, 2675277, 1768, 1, 5.12, 0.31, 12.24, 9.14, -2.32
0, 2681292, 1720, 8, 8.19, 0.31, 11.10, 9.82, -29.10
0, 2688250, 1559, 33, 8.19, 0.06, 11.58, 9.82, -57.28
0, 2694850, 1280, 41, 9.50, 0.00, 10.70, 9.44, -78.85
0, 2704734, 605, 53, 9.06, -0.25, 11.15, 9.70, -97.69
0, 2714524, 235, 18, 6.31, -0.37, 11.15, 9.11, -97.43
0, 2720970, -28, -6, 0.44, -0.37, 11.81, 10.38, -86.85
0, 2728581, -185, -21, 0.44, -0.44, 11.77, 10.38, -65.03
0, 2734280, -201, -25, -4.12, -0.13, 13.07, 9.34, -43.52
0, 2742112, -188, -27, -7.81, 0.13, 13.07, 9.85, -9.60
0, 2749974, -149, -37, -9.44, 0.13, 13.11, 9.56, 25.65
0, 2758849, -2, -40, -9.44, 0.19, 11.88, 9.81, 61.37
0, 2767502, 343, -44, -9.38, 0.25, 12.96, 9.81, 86.84
0, 2775504, 801, -55, -8.81, 0.37, 12.96, 9.65, 98.77
0, 2781558, 999, -79, -6.75, 0.37, 13.34, 9.47, 99.32
0, 2788634, 1247, -55, -6.75, 0.37, 12.12, 9.47, 90.61
0, 2795115, 1487, -31, -2.06, 0.56, 11.76, 10.06, 74.53
0, 2804631, 1698, -7, 2.06, 0.62, 12.19, 9.80, 39.92
0, 2813391, 1768, 0, 5.56, 0.31, 12.19, 9.16, 1.45
0, 2820206, 1718, 9, 5.56, 0.31, 11.12, 9.52, -28.95
0, 2828035, 1537, 34, 8.38, 0.06, 11.54, 9.52, -60.33
0, 2833821, 1297, 40, 9.50, 0.00, 11.54, 8.80, -78.91
0, 2841922, 705, 53, 8.94, 0.00, 10.75, 9.76, -95.68
0, 2849741, 354, 29, 6.06, -0.25, 11.16, 8.55, -99.83
0, 2858861, -30, -6, 6.06, -0.37, 11.76, 10.45, -89.12
0, 2867781, -223, -24, 0.00, -0.37, 11.97, 10.45, -64.16
0, 2875655, -238, -29, -4.75, -0.06, 11.97, 9.30, -33.40
0, 2881926, -219, -32, -8.38, -0.06, 13.07, 9.76, -5.70
0, 2889330, -183, -40, -8.38, 0.19, 13.11, 9.76, 27.42
0, 2895600, -92, -43, -9.81, 0.25, 11.95, 9.68, 53.23
0, 2905204, 255, -46, -9.69, 0.31, 13.01, 9.81, 83.91
0, 2914923, 785, -60, -9.06, 0.37, 13.01, 9.95, 99.08
0, 2922187, 1014, -78, -6.62, 0.37, 13.22, 9.87, 98.15
0, 2929737, 1275, -53, -6.62, 0.44, 12.31, 9.87, 86.07
0, 2935670, 1488, -31, -1.87, 0.62, 11.85, 8.87, 69.49
0, 2943420, 1653, -11, 1.94, 0.69, 11.85, 9.73, 40.58
0, 2951253, 1706, -6, 5.31, 0.69, 12.21, 9.36, 6.36
0, 2960667, 1641, 10, 8.13, 0.37, 11.11, 9.60, -35.42
0, 2968518, 1458, 27, 8.13, 0.13, 11.74, 9.60, -65.72
0, 2976280, 1051, 36, 8.94, 0.06, 11.06, 8.37, -87.63
0, 2982304, 601, 50, 8.25, 0.06, 11.06, 9.78, -97.36
0, 2989977, 237, 18, 5.50, -0.19, 11.07, 9.78, -99.32
0, 2996052, -20, -5, 5.50, -0.31, 13.67, 8.67, -92.44
0, 3005315, -233, -25, -0.69, -0.31, 12.39, 9.86, -68.94
0, 3014540, -259, -30, -5.69, 0.00, 12.39, 9.25, -33.67
0, 3021551, -238, -35, -9.00, 0.00, 12.70, 9.63, -2.64
0, 3029396, -196, -42, -9.00, 0.25, 13.09, 9.63, 32.25
0, 3035339, -104, -46, -10.00, 0.31, 12.01, 9.65, 56.22
0, 3043227, 180, -47, -9.88, 0.37, 12.01, 9.81, 81.56
0, 3051340, 662, -53, -9.19, 0.37, 13.03, 9.76, 96.89
0, 3061005, 1003, -78, -6.69, 0.44, 13.28, 10.64, 98.26
0, 3068839, 1271, -53, -6.69, 0.44, 11.89, 10.64, 85.71
0, 3076618, 1540, -26, -1.62, 0.69, 11.74, 8.83, 62.72
0, 3082546, 1655, -11, 2.19, 0.69, 11.74, 9.49, 39.85
0, 3090419, 1698, -6, 5.56, 0.69, 12.26, 9.49, 5.38
0, 3096793, 1655, 1, 5.56, 0.37, 11.50, 9.50, -23.23
0, 3105101, 1492, 27, 8.25, 0.13, 11.74, 9.56, -57.29
0, 3114495, 1081, 35, 8.88, 0.06, 11.74, 8.69, -85.98
0, 3121257, 606, 49, 7.87, 0.06, 11.09, 9.23, -97.36
0, 3129264, 237, 18, 7.87, -0.19, 10.97, 9.23, -99.13
0, 3135145, -12, -5, 4.75, -0.31, 13.30, 9.91, -92.19
0, 3143116, -205, -23, -1.19, -0.31, 13.30, 8.84, -72.60
0, 3151654, -243, -28, -5.87, -0.31, 12.36, 9.54, -41.36
0, 3161449, -227, -31, -9.06, 0.06, 12.89, 9.55, 1.65
0, 3169309, -167, -42, -9.06, 0.25, 11.93, 9.55, 36.34
0, 3177223, -1, -45, -9.88, 0.31, 12.22, 9.39, 66.67
0, 3183424, 251, -47, -9.69, 0.31, 12.22, 9.78, 84.69
0, 3191497, 743, -56, -8.88, 0.37, 12.99, 9.78, 98.09
0, 3198276, 969, -82, -8.88, 0.44, 13.28, 9.82, 99.38
0, 3207456, 1292, -51, -6.19, 0.44, 11.69, 10.68, 86.48
0, 3215591, 1574, -22, -1.00, 0.69, 11.84, 8.78, 62.63
0, 3222425, 1696, -6, 2.69, 0.69, 11.84, 9.24, 35.95
0, 3230312, 1737, -2, 6.19, 0.62, 12.14, 9.24, 1.11
0, 3236015, 1695, 4, 6.19, 0.31, 11.52, 9.79, -24.43
0, 3243802, 1530, 30, 8.69, 0.31, 11.52, 9.57, -56.37
0, 3252012, 1186, 39, 9.25, 0.13, 11.65, 9.12, -82.50
0, 3262038, 526, 45, 8.06, 0.06, 10.96, 8.85, -98.92
0, 3269858, 229, 17, 8.06, -0.25, 11.85, 8.85, -97.88
0, 3277791, -81, -11, 4.50, -0.31, 13.21, 10.35, -84.46
0, 3283836, -198, -22, -1.56, -0.31, 13.21, 9.11, -66.87
0, 3292009, -212, -26, -5.69, -0.31, 11.95, 9.11, -35.49
0, 3299242, -194, -30, -5.69, 0.00, 13.12, 9.86, -3.57
0, 3308565, -139, -40, -8.88, 0.25, 12.04, 9.52, 37.63
0, 3317337, 45, -42, -9.56, 0.31, 12.08, 9.48, 70.50
0, 3324055, 342, -45, -9.31, 0.31, 12.08, 9.27, 88.49
0, 3331839, 804, -57, -8.56, 0.37, 12.94, 9.27, 99.12
0, 3338612, 1031, -76, -8.56, 0.44, 12.23, 9.69, 98.49
0, 3345450, 1274, -53, -5.75, 0.44, 12.01, 11.18, 88.56
0, 3353981, 1572, -22, -0.56, 0.69, 11.80, 8.55, 64.58
0, 3362844, 1727, -3, 3.12, 0.69, 11.80, 9.16, 29.68
0, 3370665, 1760, 1, 6.62, 0.62, 11.08, 9.16, -5.23
0, 3378396, 1683, 14, 6.62, 0.31, 11.62, 9.71, -39.12
0, 3384344, 1530, 34, 8.94, 0.13, 11.62, 9.46, -62.17
0, 3392451, 1104, 42, 9.50, 0.13, 11.69, 9.46, -86.11
0, 3400128, 579, 51, 8.31, 0.00, 10.75, 9.68, -98.27
0, 3409095, 210, 15, 8.31, -0.25, 12.24, 9.10, -97.60
0, 3417435, -105, -13, 4.25, -0.31, 12.80, 10.49, -82.73
0, 3423876, -214, -24, -1.87, -0.31, 12.80, 9.23, -63.12
0, 3432045, -218, -27, -6.06, -0.25, 12.24, 9.23, -30.85
0, 3438801, -198, -31, -6.06, 0.06, 13.02, 9.89, -0.82
0, 3445495, -161, -38, -9.06, 0.25, 12.07, 9.60, 29.03
0, 3453342, -19, -42, -9.63, 0.25, 12.07, 9.64, 60.47
0, 3462745, 366, -46, -9.38, 0.31, 12.16, 9.20, 87.94
0, 3470828, 805, -58, -8.31, 0.37, 13.03, 9.20, 99.15
0, 3478466, 1053, -74, -8.31, 0.44, 12.27, 9.34, 97.70
0, 3484578, 1266, -53, -5.00, 0.44, 11.84, 9.90, 88.18
0, 3492814, 1552, -24, -0.06, 0.69, 11.84, 9.90, 64.98
0, 3500663, 1698, -6, 3.37, 1.00, 11.79, 8.76, 34.51
0, 3508775, 1736, -2, 3.37, 0.88, 11.15, 9.12, -1.44
0, 3516764, 1665, 10, 6.75, 0.69, 11.51, 9.56, -36.69
0, 3523719, 1487, 32, 8.88, 0.69, 11.51, 8.77, -63.67
0, 3531583, 1078, 40, 9.25, 0.62, 11.62, 8.77, -86.53
0, 3538333, 597, 53, 9.25, 0.31, 10.93, 10.60, -97.59
0, 3545089, 302, 24, 7.81, 0.25, 12.20, 8.77, -99.63
0, 3553006, -34, -7, 3.56, 0.25, 12.20, 10.11, -90.32
0, 3562747, -237, -26, -2.56, 0.31, 12.69, 10.11, -63.39
0, 3571049, -249, -30, -6.75, 0.69, 12.49, 9.72, -30.62
0, 3578430, -228, -34, -6.75, 0.88, 12.96, 9.66, 2.26
0, 3584910, -189, -41, -9.44, 0.88, 12.10, 9.62, 31.04
0, 3592924, -34, -45, -9.88, 0.94, 12.10, 9.62, 62.72
0, 3600808, 284, -48, -9.63, 1.00, 12.17, 9.90, 85.96
0, 3608052, 722, -56, -9.63, 1.06, 13.32, 9.26, 97.83
0, 3615508, 972, -82, -8.44, 1.06, 12.41, 10.10, 99.18
0, 3622901, 1225, -57, -4.94, 1.06, 12.41, 10.10, 89.48
0, 3631257, 1523, -28, 0.13, 1.37, 11.33, 8.62, 66.70
0, 3637568, 1660, -10, 0.13, 1.19, 11.91, 9.26, 43.03
0, 3644741, 1718, -4, 3.50, 1.19, 11.16, 9.43, 12.02
0, 3653113, 1682, 6, 6.87, 0.88, 11.16, 9.54, -25.53
0, 3662550, 1493, 29, 8.88, 0.69, 11.54, 9.54, -63.26
0, 3670274, 1142, 37, 8.88, 0.56, 11.87, 8.64, -85.94
0, 3677193, 619, 51, 9.00, 0.37, 10.90, 10.32, -97.51
0, 3684297, 276, 22, 7.56, 0.37, 10.90, 8.65, -99.53
0, 3692472, -65, -10, 3.44, 0.25, 11.58, 8.65, -89.29
0, 3699392, -220, -24, 3.44, 0.37, 13.45, 9.88, -71.09
0, 3706761, -248, -29, -2.94, 0.69, 12.89, 9.91, -44.17
0, 3715033, -234, -31, -7.25, 0.69, 12.89, 9.52, -8.34
0, 3723001, -193, -41, -9.63, 0.88, 12.88, 9.52, 27.33
0, 3730741, -74, -44, -9.63, 0.94, 11.88, 9.48, 58.66
0, 3736512, 121, -46, -9.81, 1.00, 11.93, 9.56, 77.57
0, 3744270, 563, -50, -9.50, 1.00, 11.93, 9.53, 94.53
0, 3752344, 906, -82, -8.25, 1.06, 13.40, 9.53, 99.95
0, 3761151, 1205, -58, -4.44, 1.06, 11.78, 11.36, 90.85
0, 3767836, 1450, -35, -4.44, 1.37, 11.38, 8.56, 74.29
0, 3774821, 1634, -14, 0.50, 1.37, 12.06, 9.70, 49.82
0, 3782990, 1719, -4, 3.87, 1.19, 12.06, 9.70, 15.15
0, 3790660, 1700, 2, 7.19, 0.88, 11.21, 9.68, -19.35
0, 3796747, 1614, 17, 7.19, 0.75, 11.62, 9.48, -45.29
0, 3804378, 1350, 33, 8.94, 0.75, 10.96, 9.07, -72.78
0, 3813757, 730, 45, 9.00, 0.56, 10.96, 9.07, -94.55
0, 3821590, 388, 30, 7.12, 0.37, 11.00, 10.14, -99.97
0, 3828234, 111, 7, 7.12, 0.25, 12.63, 10.02, -94.83
0, 3835014, -120, -15, 2.19, 0.25, 12.63, 9.05, -80.83
0, 3842913, -216, -24, -3.19, 0.37, 12.81, 9.05, -55.14
0, 3850318, -207, -27, -3.19, 0.69, 13.15, 9.81, -24.66
0, 3857413, -186, -32, -7.06, 0.88, 12.86, 9.57, 7.16
0, 3865239, -121, -40, -9.31, 0.88, 12.86, 9.48, 41.28
0, 3873140, 77, -42, -9.50, 0.94, 12.07, 9.48, 70.53
0, 3880869, 444, -46, -9.13, 1.00, 13.04, 9.73, 90.54
0, 3886993, 793, -57, -9.13, 1.00, 13.30, 9.67, 98.70
0, 3894714, 1051, -74, -7.62, 1.00, 13.30, 10.99, 98.25
0, 3903001, 1348, -46, -3.62, 1.06, 11.83, 10.99, 84.60
0, 3912512, 1648, -14, 1.06, 1.37, 11.59, 8.76, 54.66
0, 3919315, 1749, 0, 1.06, 1.12, 12.02, 9.81, 26.74
0, 3926014, 1768, 2, 4.50, 1.12, 11.24, 9.72, -3.22
0, 3933871, 1698, 15, 7.81, 0.81, 11.24, 9.72, -37.79
0, 3941695, 1487, 35, 9.50, 0.69, 11.54, 9.34, -67.52
0, 3948469, 1132, 43, 9.50, 0.56, 10.82, 9.38, -86.62
0, 3955412, 617, 54, 9.38, 0.56, 10.86, 8.79, -97.82
0, 3964872, 201, 14, 7.50, 0.31, 10.86, 8.79, -97.62
0, 3973240, -110, -14, 2.37, 0.25, 11.74, 10.58, -82.71
0, 3980664, -225, -25, -3.44, 0.44, 12.52, 8.93, -59.57
0, 3987971, -222, -28, -3.44, 0.75, 12.94, 9.55, -30.29
0, 3995212, -203, -32, -7.37, 0.75, 12.92, 9.52, 1.97
0, 4003499, -147, -41, -9.50, 0.88, 12.92, 9.52, 38.43
0, 4013284, 83, -43, -9.56, 0.94, 12.08, 9.38, 74.26
0, 4020624, 429, -47, -9.56, 1.00, 13.03, 9.30, 92.03
0, 4026976, 796, -58, -9.19, 1.00, 13.05, 9.57, 99.34
0, 4034948, 1065, -72, -7.62, 1.06, 13.05, 9.57, 97.00
0, 4043378, 1368, -44, -3.69, 1.12, 12.51, 10.93, 80.98
0, 4051134, 1613, -17, 1.12, 1.37, 11.73, 8.61, 55.90
0, 4058944, 1721, -4, 1.12, 1.19, 12.17, 9.83, 23.77
0, 4066720, 1729, 0, 4.50, 1.19, 11.07, 9.84, -11.14
0, 4074542, 1634, 16, 7.81, 0.88, 11.07, 9.84, -44.87
0, 4082251, 1388, 36, 9.25, 0.75, 11.59, 9.11, -72.70
0, 4089023, 973, 41, 9.25, 0.75, 10.82, 9.73, -90.02
0, 4095816, 512, 44, 9.06, 0.62, 10.97, 9.73, -98.97
0, 4103796, 166, 11, 6.94, 0.37, 10.97, 8.91, -97.65
0, 4113607, -170, -19, 1.50, 0.25, 12.05, 10.66, -78.93
0, 4120620, -254, -27, 1.50, 0.50, 12.68, 9.25, -55.85
0, 4127309, -243, -31, -4.06, 0.50, 12.76, 9.22, -28.61
0, 4135494, -226, -34, -7.94, 0.81, 12.97, 9.22, 7.99
0, 4143694, -155, -43, -9.75, 0.94, 12.97, 9.58, 43.57
0, 4151422, 37, -46, -9.75, 1.00, 12.24, 9.53, 71.75
0, 4159734, 442, -50, -9.75, 1.06, 12.95, 9.13, 92.31
0, 4167377, 834, -70, -9.38, 1.06, 13.34, 9.47, 99.88
0, 4175451, 1100, -68, -7.62, 1.06, 13.34, 9.47, 95.05
0, 4183519, 1390, -41, -3.25, 1.12, 12.28, 9.73, 77.70
0, 4191383, 1621, -16, 1.25, 1.44, 11.89, 8.94, 50.93
0, 4198036, 1704, -5, 1.25, 1.44, 12.15, 9.83, 23.14
0, 4205101, 1704, -2, 4.62, 1.19, 11.13, 9.83, -8.59
0, 4214500, 1590, 21, 7.81, 0.88, 11.13, 9.66, -48.91
0, 4222057, 1351, 33, 9.13, 0.75, 11.69, 8.84, -75.31
0, 4228350, 946, 39, 9.13, 0.75, 11.21, 10.58, -90.75
0, 4236104, 433, 33, 8.69, 0.62, 10.77, 10.58, -99.66
0, 4244164, 82, 5, 6.62, 0.37, 10.77, 8.84, -96.06
0, 4252021, -166, -19, 0.94, 0.31, 12.96, 10.07, -80.40
0, 4260096, -253, -27, 0.94, 0.56, 12.78, 9.76, -53.86
0, 4267736, -241, -30, -4.56, 0.56, 12.85, 9.24, -22.14
0, 4275904, -218, -36, -8.31, 0.81, 12.85, 9.24, 14.55
0, 4283893, -134, -43, -9.75, 0.94, 12.87, 9.59, 48.58
0, 4291749, 94, -46, -9.69, 1.00, 12.20, 9.62, 75.95
0, 4298799, 457, -49, -9.69, 1.00, 12.86, 9.12, 92.51
0, 4305592, 819, -65, -9.25, 1.06, 13.26, 10.16, 99.66
0, 4315800, 1162, -62, -7.25, 1.12, 13.26, 10.16, 92.89
0, 4323785, 1455, -35, -2.69, 1.19, 11.39, 8.57, 73.82
0, 4330453, 1635, -14, -2.69, 1.44, 11.95, 9.38, 50.45
0, 4338116, 1721, -4, 1.69, 1.44, 12.07, 9.38, 18.13
0, 4345194, 1713, 0, 5.12, 1.19, 12.07, 9.62, -13.73
0, 4353313, 1599, 21, 8.19, 0.88, 11.18, 9.58, -48.37
0, 4361717, 1306, 36, 9.31, 0.75, 11.67, 8.76, -77.38
0, 4368296, 866, 41, 9.31, 0.75, 11.12, 10.55, -92.55
0, 4376404, 395, 30, 8.75, 0.56, 11.01, 10.55, -99.98
0, 4384505, 46, 1, 6.25, 0.37, 11.01, 9.42, -94.12
0, 4392372, -181, -21, 0.44, 0.31, 12.90, 9.30, -76.47
0, 4399350, -242, -26, 0.44, 0.31, 12.59, 10.01, -52.69
0, 4406108, -230, -30, -4.69, 0.56, 12.94, 9.46, -24.68
0, 4416119, -210, -34, -8.38, 0.81, 12.94, 9.46, 20.19
0, 4424039, -111, -43, -9.69, 0.94, 12.01, 9.59, 53.24
0, 4430685, 97, -45, -9.69, 1.00, 12.20, 9.80, 75.91
0, 4438498, 522, -49, -9.56, 1.00, 12.87, 9.80, 93.75
0, 4445729, 864, -72, -9.13, 1.06, 13.42, 9.06, 99.96
0, 4453725, 1132, -64, -6.94, 1.12, 13.42, 11.31, 94.50
0, 4462300, 1447, -36, -2.06, 1.19, 11.69, 8.48, 75.13
0, 4468886, 1633, -14, -2.06, 1.19, 12.02, 9.78, 52.45
0, 4476726, 1727, -3, 2.06, 1.44, 12.01, 9.78, 19.64
0, 4484713, 1722, 1, 5.50, 1.19, 12.01, 9.27, -16.28
0, 4492546, 1610, 21, 8.44, 0.88, 11.49, 9.30, -49.49
0, 4499317, 1380, 35, 8.44, 0.88, 11.66, 9.30, -73.38
0, 4506082, 945, 41, 9.38, 0.75, 11.09, 8.99, -90.43
0, 4515715, 384, 29, 8.81, 0.62, 11.09, 10.23, -100.00
0, 4522705, 97, 6, 5.94, 0.37, 12.23, 10.12, -95.21
0, 4529293, -123, -15, 5.94, 0.37, 12.91, 8.95, -82.04
0, 4537684, -227, -25, -0.25, 0.31, 12.45, 8.95, -55.03
0, 4545090, -217, -28, -4.94, 0.56, 12.45, 9.78, -24.53
0, 4553313, -195, -33, -8.44, 0.88, 13.10, 9.75, 12.37
0, 4562595, -96, -42, -9.50, 0.94, 11.99, 9.42, 51.73
0, 4569315, 97, -43, -9.50, 0.94, 12.31, 9.85, 74.97
0, 4577150, 515, -47, -9.38, 1.00, 12.84, 9.85, 93.27
0, 4584938, 883, -71, -8.81, 1.06, 12.84, 9.48, 99.99
0, 4592748, 1148, -63, -6.44, 1.12, 11.03, 11.19, 94.39
0, 4599528, 1396, -41, -6.44, 1.12, 11.98, 8.61, 80.03
0, 4606497, 1610, -17, -1.44, 1.25, 12.02, 8.61, 57.50
0, 4616252, 1738, -3, 2.50, 1.44, 12.02, 9.88, 17.07
0, 4623431, 1740, 2, 5.94, 1.12, 11.92, 9.19, -15.25
0, 4629883, 1656, 17, 5.94, 1.12, 11.68, 9.12, -43.03
0, 4638848, 1349, 38, 8.63, 0.88, 11.55, 9.12, -75.14
0, 4645627, 926, 42, 9.56, 0.75, 11.55, 9.41, -91.55
0, 4653800, 440, 34, 8.81, 0.56, 10.98, 9.89, -99.90
0, 4663131, 42, 1, 5.56, 0.37, 11.99, 10.62, -92.96
0, 4669831, -158, -18, 5.56, 0.37, 12.97, 9.04, -77.73
0, 4677703, -227, -25, -0.50, 0.31, 12.45, 9.04, -50.93
0, 4685419, -214, -28, -5.12, 0.62, 12.45, 9.50, -18.44
0, 4693602, -187, -35, -8.56, 0.69, 12.76, 9.90, 18.35
0, 4700730, -110, -41, -8.56, 0.69, 12.04, 9.46, 48.55
0, 4707104, 74, -43, -9.50, 0.81, 12.17, 9.46, 71.40
0, 4717045, 601, -48, -9.31, 0.88, 12.17, 9.76, 94.73
0, 4724667, 903, -77, -8.69, 0.88, 13.07, 9.76, 99.98
0, 4730969, 1113, -67, -8.69, 0.88, 10.80, 10.04, 95.43
0, 4739862, 1437, -37, -5.87, 1.00, 12.28, 10.04, 76.12
0, 4746965, 1638, -14, -0.88, 1.19, 12.08, 8.77, 51.75
0, 4754789, 1731, -3, 2.69, 0.94, 12.08, 9.82, 18.90
0, 4763824, 1721, 4, 6.19, 0.62, 11.21, 9.19, -21.67
0, 4770408, 1623, 18, 6.19, 0.62, 11.59, 8.83, -49.35
0, 4778257, 1322, 37, 8.75, 0.50, 11.68, 8.83, -76.50
0, 4786004, 781, 44, 9.50, 0.37, 11.08, 9.75, -93.96
0, 4794045, 383, 30, 8.69, 0.13, 11.08, 9.87, -99.99
0, 4801677, 58, 2, 5.12, 0.13, 12.18, 10.90, -93.61
0, 4807816, -136, -16, 5.12, 0.13, 13.14, 10.90, -80.40
0, 4817498, -224, -25, -1.12, 0.37, 12.40, 9.24, -47.60
0, 4824987, -209, -29, -5.50, 0.62, 12.40, 9.20, -15.68
0, 4831257, -186, -34, -5.50, 0.62, 12.75, 9.81, 12.57
0, 4840238, -85, -42, -8.75, 0.75, 11.99, 9.81, 50.74
0, 4847171, 115, -43, -9.44, 0.81, 12.17, 9.53, 74.84
0, 4855117, 538, -47, -9.25, 0.88, 12.17, 9.41, 93.38
0, 4864446, 940, -80, -8.38, 0.88, 13.33, 9.84, 99.84
0, 4870899, 1157, -62, -8.38, 0.88, 10.91, 9.05, 94.01
0, 4878992, 1453, -35, -5.56, 1.06, 12.15, 9.05, 75.59
0, 4887532, 1671, -10, -0.44, 1.19, 12.06, 9.01, 45.36
0, 4895158, 1747, -1, 3.06, 0.88, 12.06, 9.74, 12.56
0, 4903412, 1717, 7, 6.56, 0.88, 11.34, 9.41, -24.48
0, 4910394, 1596, 27, 6.56, 0.62, 11.51, 8.54, -53.37
0, 4919241, 1219, 38, 9.00, 0.50, 11.72, 8.54, -82.10
0, 4927272, 656, 53, 9.56, 0.31, 11.72, 10.47, -97.02
0, 4933919, 364, 29, 8.50, 0.19, 10.96, 9.70, -99.84
0, 4942807, -15, -5, 4.75, 0.19, 12.12, 9.86, -89.70
0, 4949582, -184, -21, 4.75, 0.13, 12.80, 9.86, -72.19
0, 4956359, -220, -26, -1.37, 0.44, 13.20, 9.81, -47.95
0, 4966116, -208, -28, -5.69, 0.69, 13.20, 9.35, -5.88
0, 4972369, -171, -36, -8.81, 0.69, 12.74, 9.59, 22.20
0, 4979780, -58, -42, -8.81, 0.75, 11.79, 9.59, 53.04
0, 4988164, 232, -44, -9.44, 0.81, 12.19, 9.90, 80.65
0, 4995464, 652, -48, -9.19, 0.88, 12.19, 9.39, 95.46
0, 5003676, 961, -80, -8.13, 0.88, 12.96, 9.82, 99.76
0, 5011122, 1216, -57, -8.13, 0.94, 11.07, 8.83, 91.89
0, 5019707, 1529, -27, -4.94, 1.06, 12.24, 8.83, 70.12
0, 5027896, 1705, -5, 0.06, 1.19, 12.24, 9.56, 39.57
0, 5034813, 1765, 0, 3.50, 0.88, 11.85, 9.43, 9.39
0, 5043625, 1722, 12, 6.94, 0.88, 11.48, 9.70, -29.98
0, 5050743, 1581, 30, 6.94, 0.62, 11.47, 9.70, -58.62
0, 5057200, 1298, 36, 9.25, 0.50, 11.83, 8.77, -79.46
0, 5067291, 592, 51, 9.69, 0.31, 11.83, 10.35, -98.08
0, 5073933, 347, 28, 8.56, 0.19, 10.64, 9.37, -99.46
0, 5080735, 56, 2, 8.56, 0.19, 12.32, 9.10, -91.64
0, 5090056, -186, -21, 4.50, 0.13, 12.86, 9.10, -67.25
0, 5096890, -214, -26, -1.75, 0.44, 13.12, 9.92, -41.55
0, 5104757, -199, -29, -5.69, 0.69, 13.12, 9.61, -7.27
0, 5113238, -157, -38, -8.75, 0.69, 12.91, 9.53, 30.58
0, 5120643, -34, -41, -8.75, 0.75, 11.78, 9.53, 60.17
0, 5128880, 290, -44, -9.38, 0.81, 13.15, 9.59, 85.11
0, 5136268, 737, -51, -9.13, 0.88, 13.21, 9.46, 97.62
0, 5144135, 1007, -78, -8.13, 0.88, 13.21, 9.81, 99.06
0, 5151950, 1282, -52, -4.81, 0.94, 10.97, 9.81, 88.21
0, 5158230, 1514, -28, -4.81, 1.12, 12.23, 8.71, 71.48
0, 5167864, 1713, -5, 0.25, 1.19, 12.23, 9.79, 35.29
0, 5174726, 1766, 1, 3.75, 0.88, 11.82, 9.22, 5.04
0, 5181512, 1724, 8, 7.19, 0.88, 11.44, 9.88, -25.37
0, 5190762, 1526, 34, 7.19, 0.62, 11.55, 9.88, -62.47
0, 5197239, 1259, 40, 9.25, 0.50, 11.43, 9.25, -82.35
0, 5205109, 671, 55, 9.69, 0.31, 11.43, 9.88, -96.96
0, 5213188, 303, 24, 8.25, 0.31, 10.70, 8.99, -99.30
0, 5220731, -16, -5, 8.25, 0.19, 11.95, 8.99, -89.64
0, 5229132, -204, -23, 4.25, 0.19, 12.93, 8.98, -66.82
0, 5236895, -224, -27, -2.06, 0.50, 13.06, 9.75, -37.16
0, 5244756, -206, -31, -6.31, 0.75, 13.06, 9.70, -2.53
0, 5252592, -162, -39, -9.00, 0.75, 12.76, 9.58, 32.32
0, 5259634, -38, -43, -9.00, 0.81, 11.87, 9.58, 60.32
0, 5268559, 324, -46, -9.44, 0.88, 13.15, 9.39, 86.80
0, 5275230, 729, -52, -9.19, 0.94, 13.15, 9.55, 97.63
0, 5282002, 961, -81, -8.06, 0.94, 13.12, 9.48, 99.61
0, 5291001, 1277, -52, -8.06, 0.94, 11.05, 9.48, 87.99
0, 5297335, 1510, -28, -4.50, 1.12, 12.05, 8.55, 70.98
0, 5305235, 1682, -8, 0.50, 1.19, 12.05, 9.87, 41.87
0, 5313089, 1746, -2, 3.94, 1.19, 11.86, 9.11, 7.68
0, 5320957, 1702, 8, 3.94, 0.88, 11.40, 9.11, -27.53
0, 5329386, 1522, 32, 7.37, 0.62, 11.52, 9.74, -61.32
0, 5336783, 1192, 39, 9.25, 0.56, 11.42, 10.10, -83.85
0, 5344878, 603, 53, 9.44, 0.31, 11.42, 9.65, -97.80
0, 5352842, 263, 20, 7.94, 0.31, 10.63, 9.65, -98.88
0, 5359868, -29, -6, 7.94, 0.19, 12.10, 8.66, -89.26
0, 5368663, -213, -23, 3.50, 0.19, 12.10, 9.07, -64.84
0, 5375331, -227, -28, -2.62, 0.50, 12.46, 9.49, -39.30
0, 5382095, -212, -30, -6.69, 0.50, 13.10, 9.81, -9.79
0, 5391038, -175, -39, -6.69, 0.75, 12.78, 9.81, 30.16
0, 5397365, -88, -42, -9.13, 0.81, 11.97, 9.65, 55.84
0, 5405268, 195, -44, -9.44, 0.88, 11.97, 9.48, 81.33
0, 5413243, 668, -50, -9.13, 0.88, 13.26, 9.61, 96.63
0, 5421073, 959, -81, -9.13, 0.94, 13.15, 9.61, 99.56
0, 5429072, 1236, -56, -8.00, 1.00, 10.99, 9.44, 89.81
0, 5435739, 1482, -31, -4.19, 1.19, 12.08, 8.70, 72.70
0, 5444178, 1677, -9, 0.75, 1.19, 12.08, 9.86, 41.90
0, 5451810, 1742, -2, 4.19, 1.19, 11.84, 9.86, 8.71
0, 5457852, 1715, 3, 4.19, 0.88, 11.36, 9.19, -18.50
0, 5466871, 1557, 30, 7.50, 0.69, 11.36, 8.46, -55.96
0, 5473812, 1304, 37, 9.31, 0.69, 11.61, 10.67, -78.81
0, 5481678, 730, 48, 9.38, 0.56, 11.66, 10.67, -95.31
0, 5490735, 303, 24, 9.38, 0.31, 10.56, 9.68, -99.48
0, 5497316, 26, -1, 7.62, 0.19, 12.27, 8.34, -92.12
0, 5505335, -181, -21, 2.94, 0.19, 12.27, 9.43, -72.32
0, 5513797, -221, -26, -2.94, 0.25, 12.44, 9.32, -41.30
0, 5521622, -204, -30, -2.94, 0.56, 13.03, 9.32, -7.19
0, 5529572, -164, -38, -6.94, 0.75, 12.68, 9.72, 28.36
0, 5536460, -58, -42, -9.19, 0.81, 12.06, 9.91, 56.39
0, 5545304, 272, -45, -9.31, 0.81, 12.06, 9.50, 84.09
0, 5553359, 745, -53, -9.00, 0.88, 13.12, 9.50, 97.85
0, 5560779, 992, -79, -9.00, 0.94, 12.99, 9.87, 99.18
0, 5569850, 1314, -49, -7.56, 1.00, 12.20, 9.86, 85.87
0, 5576776, 1561, -23, -3.56, 1.19, 12.20, 9.01, 65.90
0, 5583873, 1697, -7, 1.12, 1.19, 12.07, 9.72, 38.81
0, 5593676, 1747, -2, 4.50, 1.19, 11.79, 9.72, -4.47
0, 5600700, 1683, 8, 4.50, 0.88, 11.36, 9.39, -35.45
0, 5607267, 1514, 32, 7.87, 0.69, 11.51, 8.55, -61.26
0, 5616531, 1027, 41, 9.44, 0.62, 11.51, 10.76, -88.11
0, 5623527, 573, 50, 9.44, 0.62, 10.95, 9.78, -98.45
0, 5631461, 249, 19, 9.44, 0.31, 10.79, 9.78, -98.34
0, 5640546, -102, -13, 7.37, 0.19, 12.54, 8.69, -82.91
0, 5647274, -216, -24, 2.19, 0.25, 12.53, 9.95, -62.35
0, 5655406, -219, -27, -3.12, 0.25, 12.53, 9.42, -30.07
0, 5663952, -198, -32, -7.12, 0.56, 13.22, 9.58, 8.09
0, 5671823, -128, -41, -7.12, 0.81, 11.94, 9.58, 42.31
0, 5679774, 74, -43, -9.25, 0.88, 12.40, 9.96, 71.49
0, 5686830, 405, -47, -9.31, 0.88, 13.12, 9.25, 89.81
0, 5695699, 863, -68, -9.00, 0.88, 13.12, 9.85, 99.85
0, 5703795, 1132, -65, -7.31, 1.00, 13.27, 9.85, 95.18
0, 5710572, 1377, -42, -7.31, 1.00, 12.20, 10.49, 81.49
0, 5719321, 1638, -14, -3.12, 1.25, 12.04, 9.44, 52.85
0, 5726054, 1732, -2, 1.44, 1.25, 12.04, 9.48, 24.97
0, 5733626, 1742, 1, 4.81, 1.19, 11.80, 9.55, -8.99
0, 5743246, 1624, 24, 8.06, 0.88, 11.47, 9.55, -50.12
0, 5749998, 1411, 35, 8.06, 0.69, 11.57, 8.60, -73.82
0, 5756756, 976, 42, 9.56, 0.56, 11.20, 10.60, -90.69
0, 5764726, 458, 36, 9.31, 0.56, 11.20, 9.42, -99.72
0, 5772570, 124, 8, 7.44, 0.31, 10.50, 9.42, -96.10
0, 5780289, -140, -17, 7.44, 0.25, 12.95, 9.74, -80.85
0, 5787244, -233, -25, 2.00, 0.31, 12.69, 10.08, -58.67
0, 5795875, -226, -29, -3.69, 0.31, 12.69, 9.51, -23.45
0, 5804096, -202, -35, -7.62, 0.62, 13.04, 9.51, 13.46
0, 5810990, -139, -41, -7.62, 0.81, 12.11, 9.53, 43.21
0, 5819645, 98, -44, -9.44, 0.88, 12.30, 9.88, 74.34
0, 5826225, 415, -47, -9.38, 0.88, 12.30, 9.30, 90.68
0, 5833925, 832, -63, -9.00, 0.94, 13.17, 9.63, 99.62
0, 5843518, 1153, -62, -7.19, 1.00, 11.18, 9.63, 94.04
0, 5850266, 1399, -40, -7.19, 1.00, 12.13, 10.85, 79.49
0, 5857053, 1607, -18, -2.81, 1.31, 12.05, 9.82, 57.44
0, 5864890, 1717, -4, 1.69, 1.31, 12.05, 9.17, 25.47
0, 5872753, 1728, 0, 5.06, 1.19, 11.80, 9.17, -9.79
0, 5880573, 1637, 14, 5.06, 0.88, 11.47, 9.74, -43.65
0, 5887064, 1445, 33, 8.19, 0.69, 11.58, 8.90, -67.81
0, 5895787, 916, 41, 9.44, 0.69, 11.58, 10.13, -90.85
0, 5903786, 461, 36, 9.13, 0.44, 11.03, 10.13, -99.76
0, 5910537, 191, 14, 9.13, 0.31, 13.03, 8.97, -97.23
0, 5918492, -107, -14, 6.75, 0.44, 12.21, 10.25, -82.78
0, 5925572, -218, -24, 1.00, 0.44, 12.21, 9.58, -60.92
0, 5933414, -217, -27, -3.94, 0.75, 12.67, 9.58, -29.60
0, 5942190, -197, -31, -7.69, 0.94, 13.26, 9.85, 9.62
0, 5948254, -150, -38, -7.69, 1.00, 11.94, 9.57, 36.22
0, 5955892, 26, -43, -9.31, 1.00, 11.94, 9.70, 65.63
0, 5964154, 389, -46, -9.25, 1.00, 12.44, 9.70, 88.64
0, 5971906, 812, -59, -9.25, 1.12, 13.16, 9.63, 99.15
0, 5978787, 1036, -75, -8.81, 1.12, 11.22, 9.55, 98.38
0, 5985845, 1285, -51, -6.69, 1.12, 12.04, 10.58, 87.78
0, 5994848, 1594, -20, -2.06, 1.37, 12.04, 10.58, 61.63
0, 6002831, 1730, -2, 2.06, 1.25, 12.07, 9.85, 29.84
0, 6009339, 1761, 1, 2.06, 0.94, 11.39, 9.14, 0.88
0, 6017002, 1700, 13, 5.50, 0.94, 11.39, 9.88, -33.14
0, 6024668, 1513, 34, 8.56, 0.75, 11.39, 9.88, -63.22
0, 6032597, 1118, 42, 9.75, 0.69, 11.75, 10.23, -86.39
0, 6039245, 638, 55, 9.75, 0.44, 11.36, 9.66, -97.43
0, 6046849, 301, 24, 9.25, 0.44, 12.62, 9.02, -99.32
0, 6054847, -35, -7, 6.62, 0.31, 12.62, 9.02, -88.78
0, 6063098, -212, -23, 0.81, 0.44, 12.41, 10.43, -65.89
0, 6070276, -229, -28, 0.81, 0.75, 12.66, 9.39, -38.47
0, 6076738, -213, -31, -2.94, 0.75, 12.63, 9.78, -10.24
0, 6084814, -180, -38, -6.69, 0.94, 12.63, 9.69, 25.96
0, 6094065, -30, -43, -8.13, 1.00, 11.84, 9.69, 62.95
0, 6100816, 222, -44, -8.13, 1.06, 12.12, 9.50, 83.39
0, 6107635, 639, -49, -8.00, 1.12, 13.38, 9.74, 96.21
0, 6115549, 953, -81, -5.94, 1.12, 13.38, 9.74, 99.67
0, 6123744, 1238, -55, -1.12, 1.12, 11.00, 9.34, 89.95
0, 6131312, 1516, -28, -1.12, 1.44, 12.07, 10.02, 70.07
0, 6137455, 1659, -11, 3.69, 1.25, 12.09, 9.86, 47.82
0, 6146022, 1742, -2, 7.94, 1.25, 12.09, 9.20, 11.10
0, 6154033, 1714, 6, 11.38, 0.94, 11.35, 9.20, -24.84
0, 6160779, 1597, 26, 11.38, 0.81, 11.65, 9.68, -52.79
0, 6168297, 1293, 37, 12.38, 0.81, 11.64, 10.45, -78.09
0, 6175655, 767, 46, 11.81, 0.69, 11.64, 10.45, -94.21
0, 6183951, 367, 29, 11.25, 0.44, 10.70, 9.68, -99.95
0, 6192437, 10, -3, 5.19, 0.31, 12.95, 8.99, -91.44
0, 6198649, -162, -19, 5.19, 0.50, 12.30, 10.12, -76.63
0, 6206223, -219, -25, 0.50, 0.50, 12.30, 9.28, -50.60
0, 6214424, -207, -28, -3.06, 0.81, 12.68, 9.28, -15.90
0, 6222170, -177, -36, -3.06, 0.94, 12.57, 9.66, 18.94
0, 6228777, -103, -40, -4.19, 1.00, 12.00, 9.52, 47.00
0, 6236065, 112, -42, -4.06, 1.00, 12.30, 9.39, 73.04
0, 6244919, 578, -47, -3.44, 1.06, 12.30, 9.39, 93.88
0, 6252679, 904, -74, -0.88, 1.12, 13.19, 9.90, 100.00
0, 6258681, 1104, -68, -0.88, 1.19, 11.08, 10.11, 96.36
0, 6266388, 1383, -42, 4.06, 1.19, 11.08, 8.73, 81.43
0, 6274678, 1635, -14, 7.81, 1.44, 11.98, 8.73, 54.52
0, 6282312, 1740, -1, 11.25, 1.25, 11.67, 9.60, 22.94
0, 6289528, 1749, 2, 11.25, 0.94, 11.40, 9.45, -9.47
0, 6297609, 1654, 20, 14.00, 0.94, 11.42, 9.51, -44.42
0, 6305711, 1398, 37, 14.94, 0.81, 11.42, 9.51, -73.57
0, 6313518, 900, 43, 14.19, 0.69, 11.55, 10.75, -92.45
0, 6320187, 495, 40, 14.19, 0.44, 10.56, 9.60, -99.60
0, 6326957, 212, 15, 11.19, 0.44, 12.71, 8.76, -97.66
0, 6335006, -100, -13, 5.00, 0.37, 12.71, 8.76, -83.62
0, 6344630, -235, -26, 0.25, 0.50, 12.42, 9.90, -52.70
0, 6351940, -224, -29, 0.25, 0.81, 13.18, 9.37, -22.26
0, 6358892, -203, -34, -3.25, 1.00, 12.71, 9.66, 8.97
0, 6366774, -135, -42, -4.31, 1.00, 12.71, 9.58, 43.16
0, 6375004, 78, -44, -4.19, 1.06, 11.93, 9.58, 73.01
0, 6382478, 442, -48, -3.44, 1.12, 12.35, 9.28, 91.54
0, 6390113, 840, -65, -3.44, 1.12, 13.21, 9.82, 99.76
0, 6398197, 1110, -67, -0.88, 1.12, 11.16, 10.82, 95.64
0, 6406364, 1407, -39, 4.12, 1.19, 11.16, 10.82, 78.65
0, 6415171, 1654, -12, 7.94, 1.50, 12.01, 8.86, 48.54
0, 6422530, 1742, -1, 7.94, 1.25, 11.77, 9.40, 17.32
0, 6428874, 1739, 1, 11.44, 1.25, 11.38, 9.62, -11.26
0, 6436516, 1645, 21, 14.06, 0.94, 11.48, 9.49, -44.25
0, 6445669, 1340, 37, 14.88, 0.81, 11.48, 9.49, -76.58
0, 6453500, 818, 43, 13.94, 0.69, 11.28, 10.13, -94.13
0, 6460273, 449, 35, 13.94, 0.44, 10.73, 9.22, -99.93
0, 6467245, 152, 10, 10.69, 0.44, 12.52, 9.22, -96.18
0, 6475439, -135, -16, 4.56, 0.37, 12.52, 9.77, -79.75
0, 6482862, -228, -25, -0.06, 0.56, 12.54, 9.16, -55.43
0, 6490786, -218, -28, -0.06, 0.88, 13.15, 9.65, -22.72
0, 6499394, -194, -34, -3.37, 0.88, 12.63, 9.57, 15.94
0, 6506820, -117, -41, -4.25, 1.00, 12.63, 9.57, 47.58
0, 6515589, 149, -43, -4.06, 1.06, 12.01, 9.59, 77.86
0, 6522950, 542, -47, -3.31, 1.12, 13.20, 9.32, 94.09
0, 6529088, 845, -63, -3.31, 1.12, 13.04, 9.60, 99.77
0, 6537055, 1115, -66, -0.50, 1.19, 11.17, 10.78, 95.76
0, 6547122, 1489, -31, 4.56, 1.25, 12.02, 10.78, 73.34
0, 6555293, 1691, -7, 8.31, 1.50, 12.02, 8.82, 43.84
0, 6563164, 1765, 1, 11.81, 1.25, 11.82, 9.21, 9.77
0, 6569445, 1739, 5, 11.81, 1.25, 11.35, 9.76, -18.51
0, 6577351, 1608, 30, 14.38, 0.94, 11.35, 9.76, -51.73
0, 6585580, 1297, 39, 15.00, 0.81, 11.45, 9.14, -79.30
0, 6595656, 617, 53, 13.88, 0.62, 11.63, 9.64, -98.02
0, 6603474, 319, 25, 10.31, 0.44, 10.59, 8.73, -98.81
0, 6610507, 21, -2, 10.31, 0.44, 12.98, 10.25, -89.06
0, 6617539, -157, -18, 4.12, 0.37, 12.98, 10.25, -70.37
0, 6625841, -190, -24, 0.06, 0.56, 12.31, 9.11, -39.42
0, 6632857, -173, -27, 0.06, 0.88, 13.38, 9.84, -8.79
0, 6641046, -135, -36, -3.19, 1.00, 12.60, 9.59, 27.86
0, 6649718, 15, -39, -3.94, 1.00, 11.83, 9.59, 62.45
0, 6656773, 286, -42, -3.69, 1.06, 11.83, 9.59, 83.79
0, 6665359, 790, -52, -2.81, 1.12, 13.03, 9.54, 98.22
0, 6672005, 1009, -77, -2.81, 1.12, 13.28, 9.48, 99.38
0, 6679000, 1256, -54, 0.25, 1.12, 11.12, 10.38, 90.99
0, 6687157, 1553, -24, 5.37, 1.25, 12.14, 8.65, 69.91
0, 6696909, 1742, -1, 8.94, 1.50, 11.60, 8.65, 32.70
0, 6705126, 1785, 4, 12.44, 1.25, 11.60, 9.16, -3.84
0, 6712661, 1718, 15, 14.63, 0.94, 11.53, 9.73, -37.01
0, 6718838, 1566, 34, 14.63, 0.94, 11.58, 9.24, -61.19
0, 6726842, 1157, 42, 15.19, 0.81, 11.58, 9.24, -85.23
0, 6734443, 625, 54, 14.00, 0.69, 11.08, 9.67, -97.87
0, 6742403, 299, 23, 14.00, 0.44, 10.82, 8.94, -98.83
0, 6750877, -50, -8, 9.88, 0.44, 13.04, 10.56, -85.95
0, 6757852, -195, -22, 3.69, 0.37, 12.58, 10.56, -65.86
0, 6765951, -208, -26, -0.50, 0.56, 12.58, 9.24, -34.55
0, 6772623, -190, -30, -0.50, 0.88, 13.36, 9.82, -5.10
0, 6779601, -157, -36, -3.56, 0.88, 12.48, 9.65, 26.14
0, 6787866, -17, -41, -4.12, 1.00, 12.27, 9.73, 59.58
0, 6797575, 373, -46, -3.81, 1.06, 13.01, 9.73, 88.07
0, 6805399, 801, -57, -2.75, 1.19, 13.01, 9.92, 99.03
0, 6813325, 1061, -73, 0.50, 1.19, 13.08, 9.33, 97.62
0, 6819029, 1260, -53, 0.50, 1.19, 11.21, 9.33, 88.85
0, 6827149, 1546, -25, 5.44, 1.25, 11.21, 9.92, 66.46
0, 6833795, 1682, -8, 8.88, 1.50, 12.02, 9.80, 41.36
0, 6842231, 1736, -2, 8.88, 1.25, 11.77, 9.19, 4.50
0, 6850647, 1674, 10, 12.31, 1.25, 11.37, 9.68, -32.93
0, 6857413, 1524, 30, 14.38, 1.00, 11.76, 9.68, -59.84
0, 6865452, 1139, 39, 14.63, 0.88, 11.76, 8.40, -84.42
0, 6871787, 674, 51, 14.63, 0.88, 11.40, 9.60, -96.13
0, 6878986, 338, 27, 13.25, 0.69, 10.62, 9.60, -99.89
0, 6887218, -12, -5, 9.00, 0.50, 11.99, 8.86, -91.37
0, 6897190, -231, -25, 2.87, 0.44, 12.92, 9.95, -64.53
0, 6905289, -247, -30, -1.31, 0.69, 12.92, 9.40, -32.89
0, 6913118, -227, -34, -4.00, 0.69, 12.98, 9.62, 1.89
0, 6919148, -193, -39, -4.00, 0.94, 12.63, 9.62, 28.75
0, 6927423, -39, -45, -4.44, 1.06, 12.63, 9.62, 61.77
0, 6934734, 241, -48, -4.19, 1.12, 12.26, 9.93, 83.95
0, 6943531, 753, -58, -2.94, 1.19, 13.07, 9.92, 98.44
0, 6951372, 1007, -78, -2.94, 1.19, 13.17, 10.20, 98.42
0, 6958097, 1240, -55, 0.50, 1.25, 11.36, 10.20, 88.61
0, 6965920, 1519, -28, 5.56, 1.31, 11.36, 8.67, 67.06
0, 6972265, 1658, -11, 5.56, 1.31, 12.18, 9.65, 43.32
0, 6979609, 1718, -4, 8.94, 1.56, 11.73, 9.65, 11.57
0, 6987823, 1679, 6, 12.38, 1.25, 11.47, 9.39, -25.27
0, 6997786, 1474, 29, 14.31, 1.00, 11.60, 9.61, -64.88
0, 7005625, 1113, 37, 14.44, 0.88, 11.60, 8.68, -87.26
0, 7013673, 529, 47, 13.00, 0.88, 11.82, 9.63, -98.93
0, 7019633, 269, 21, 13.00, 0.69, 10.33, 9.63, -99.24
0, 7027690, -63, -10, 8.94, 0.50, 10.33, 8.82, -88.36
0, 7034711, -215, -24, 2.62, 0.44, 12.67, 9.75, -69.32
0, 7044044, -238, -28, -1.62, 0.69, 12.90, 9.39, -33.71
0, 7052528, -216, -33, -1.62, 0.69, 13.09, 9.56, 3.98
0, 7058617, -179, -39, -4.06, 0.94, 11.86, 9.56, 30.99
0, 7066687, -18, -44, -4.31, 1.06, 11.86, 9.64, 62.88
0, 7073366, 241, -46, -4.06, 1.12, 12.27, 9.92, 83.16
0, 7080261, 662, -50, -4.06, 1.12, 13.15, 9.72, 96.19
0, 7088470, 965, -81, -2.69, 1.19, 13.17, 9.72, 99.56
0, 7098299, 1310, -49, 1.12, 1.31, 11.42, 11.35, 85.84
0, 7106126, 1582, -21, 6.06, 1.50, 11.42, 8.63, 62.74
0, 7114175, 1720, -3, 9.44, 1.50, 12.29, 9.35, 30.90
0, 7120184, 1754, -1, 9.44, 1.19, 11.55, 9.35, 4.25
0, 7128581, 1693, 13, 12.88, 0.94, 11.55, 9.73, -33.09
0, 7136330, 1511, 33, 14.69, 0.81, 11.37, 9.45, -63.47
0, 7145289, 1041, 42, 14.69, 0.62, 11.70, 8.91, -88.79
0, 7154163, 491, 40, 13.06, 0.62, 11.55, 9.15, -99.71
0, 7161115, 218, 16, 13.06, 0.44, 13.04, 9.15, -97.19
0, 7168370, -69, -10, 8.31, 0.37, 13.04, 9.86, -84.42
0, 7175305, -197, -22, 2.56, 0.62, 11.99, 8.98, -63.77
0, 7181888, -206, -26, 2.56, 0.62, 12.65, 9.71, -38.37
0, 7190789, -191, -29, -1.44, 0.94, 13.33, 9.55, 0.87
0, 7200727, -116, -40, -3.81, 1.00, 11.68, 9.55, 44.22
0, 7207493, 31, -41, -4.00, 1.06, 12.24, 9.36, 69.18
0, 7215761, 424, -46, -3.69, 1.12, 12.24, 9.61, 90.77
0, 7221471, 769, -53, -3.69, 1.12, 13.22, 9.79, 98.48
0, 7229318, 1040, -75, -2.44, 1.19, 11.15, 9.79, 98.38
0, 7237099, 1319, -48, 1.50, 1.31, 11.15, 10.78, 86.18
0, 7245953, 1614, -17, 6.44, 1.50, 11.97, 8.86, 59.59
0, 7254798, 1751, 0, 9.88, 1.50, 12.12, 9.30, 23.62
0, 7261813, 1771, 3, 9.88, 1.19, 11.45, 9.30, -7.87
0, 7269180, 1695, 17, 13.25, 0.94, 11.49, 9.81, -40.03
0, 7276594, 1481, 37, 14.94, 0.81, 11.49, 9.40, -67.95
0, 7282883, 1150, 43, 14.94, 0.81, 11.48, 9.08, -85.81
0, 7291883, 529, 44, 14.94, 0.62, 11.11, 8.89, -99.13
0, 7301893, 123, 8, 13.00, 0.44, 13.27, 8.89, -94.91
0, 7308490, -106, -14, 7.75, 0.37, 12.23, 10.57, -81.47
0, 7316363, -209, -23, 2.12, 0.69, 12.23, 8.96, -56.14
0, 7322071, -202, -27, 2.12, 0.69, 12.81, 9.88, -33.16
0, 7329924, -187, -30, -1.81, 0.94, 12.52, 9.88, 1.71
0, 7337707, -134, -38, -3.87, 1.00, 11.82, 9.63, 36.07
0, 7347520, 90, -42, -3.94, 1.06, 12.26, 9.35, 72.62
0, 7355563, 470, -46, -3.62, 1.19, 12.26, 9.36, 92.33
0, 7363236, 862, -62, -2.06, 1.19, 13.19, 9.36, 99.89
0, 7369739, 1081, -71, -2.06, 1.19, 11.15, 9.52, 96.97
0, 7377337, 1354, -45, 1.94, 1.31, 11.15, 10.86, 83.08
0, 7383657, 1570, -22, 6.62, 1.31, 12.09, 8.57, 64.02
0, 7392347, 1716, -4, 6.62, 1.50, 12.01, 9.18, 29.72
0, 7401877, 1742, 1, 10.06, 1.19, 11.46, 9.18, -12.88
0, 7408574, 1664, 12, 13.31, 0.94, 11.51, 9.81, -41.87
0, 7416444, 1412, 37, 14.75, 0.81, 11.51, 9.33, -70.89
0, 7422150, 1101, 41, 14.75, 0.81, 11.50, 9.25, -86.54
0, 7430237, 529, 45, 14.69, 0.69, 10.69, 9.25, -98.74
0, 7438069, 206, 15, 12.44, 0.44, 13.37, 8.82, -98.11
0, 7447810, -144, -17, 6.94, 0.44, 12.03, 10.79, -80.48
0, 7455727, -242, -26, 1.44, 0.75, 12.03, 9.25, -54.58
0, 7463362, -231, -30, -2.37, 0.75, 13.00, 9.25, -23.00
0, 7469910, -210, -34, -2.37, 1.00, 12.49, 9.84, 6.39
0, 7477194, -155, -41, -4.25, 1.06, 12.49, 9.50, 38.33
0, 7483526, -23, -44, -4.25, 1.06, 11.93, 9.55, 62.86
0, 7492475, 363, -48, -4.25, 1.12, 12.36, 9.20, 88.40
0, 7501973, 845, -68, -3.81, 1.19, 13.11, 9.20, 99.84
0, 7508678, 1059, -73, -2.00, 1.25, 11.22, 9.49, 96.98
0, 7516542, 1337, -46, 2.50, 1.37, 11.22, 9.56, 82.43
0, 7522340, 1538, -25, 2.50, 1.37, 11.54, 9.56, 64.94
0, 7530597, 1687, -7, 6.75, 1.50, 12.22, 8.84, 32.72
0, 7538028, 1722, -3, 10.13, 1.19, 11.53, 9.27, -0.27
0, 7547059, 1639, 14, 13.25, 0.94, 11.53, 9.49, -39.96
0, 7555491, 1408, 32, 14.56, 0.94, 11.49, 8.57, -71.20
0, 7563163, 955, 40, 14.19, 0.88, 11.68, 8.57, -90.83
0, 7569345, 530, 47, 14.19, 0.62, 11.68, 10.79, -98.85
0, 7576274, 229, 17, 12.06, 0.50, 10.43, 8.67, -98.70
0, 7583041, -50, -8, 12.06, 0.50, 13.01, 10.48, -89.28
0, 7592274, -233, -25, 6.56, 0.50, 11.98, 9.68, -63.34
0, 7601973, -243, -29, 1.06, 0.81, 12.95, 9.68, -24.49
0, 7608689, -218, -35, -2.75, 1.00, 12.50, 9.68, 5.63
0, 7616511, -160, -42, -4.31, 1.00, 12.50, 9.68, 39.86
0, 7622424, -42, -45, -4.31, 1.12, 12.01, 9.68, 62.68
0, 7630552, 299, -48, -4.31, 1.19, 12.25, 9.73, 86.49
0, 7637506, 721, -55, -3.81, 1.25, 12.25, 9.18, 97.77
0, 7646754, 1035, -75, -1.87, 1.25, 13.07, 10.21, 97.87
0, 7655416, 1342, -46, 2.81, 1.25, 11.09, 8.84, 82.62
0, 7662600, 1584, -20, 2.81, 1.44, 11.46, 8.84, 60.32
0, 7669117, 1694, -6, 7.06, 1.50, 11.46, 9.31, 34.55
0, 7675775, 1728, -3, 10.50, 1.50, 11.54, 9.45, 5.17
0, 7682975, 1679, 7, 10.50, 1.19, 11.43, 9.62, -27.05
0, 7692153, 1478, 31, 13.56, 0.94, 11.47, 8.52, -63.57
0, 7701756, 992, 39, 14.69, 0.88, 11.84, 8.52, -90.15
0, 7708578, 545, 48, 14.13, 0.62, 10.52, 10.19, -99.03
0, 7716426, 209, 15, 11.69, 0.62, 10.52, 8.79, -97.68
0, 7722147, -30, -7, 11.69, 0.50, 12.85, 8.79, -88.96
0, 7729859, -197, -22, 6.12, 0.50, 12.85, 9.63, -67.99
0, 7736703, -219, -27, 1.06, 0.81, 11.92, 9.93, -42.43
0, 7746041, -205, -29, -2.75, 1.00, 13.16, 9.53, -1.59
0, 7754934, -145, -40, -4.12, 1.00, 12.52, 9.45, 37.67
0, 7761760, -15, -42, -4.12, 1.12, 11.79, 9.45, 64.03
0, 7768797, 274, -45, -4.06, 1.12, 11.79, 9.87, 84.85
0, 7775447, 688, -49, -3.56, 1.12, 13.29, 9.54, 96.72
0, 7783091, 973, -79, -3.56, 1.25, 13.15, 11.30, 99.61
0, 7792511, 1308, -49, -1.44, 1.25, 10.96, 11.30, 87.05
0, 7802035, 1628, -16, 3.44, 1.44, 11.50, 8.66, 58.55
0, 7808736, 1740, -1, 7.62, 1.50, 11.49, 9.68, 31.69
0, 7816608, 1772, 3, 11.13, 1.50, 11.49, 9.69, -3.35
0, 7822313, 1727, 9, 11.13, 1.19, 11.54, 9.69, -28.74
0, 7830080, 1544, 35, 14.06, 0.94, 11.51, 9.54, -59.94
0, 7836466, 1270, 42, 15.13, 0.88, 11.51, 8.54, -80.25
0, 7845340, 639, 55, 14.44, 0.88, 11.53, 10.12, -97.18
0, 7855036, 251, 19, 11.50, 0.62, 10.71, 10.12, -98.00
0, 7862041, -31, -6, 11.50, 0.50, 14.07, 10.19, -86.92
0, 7868975, -177, -20, 5.44, 0.50, 14.07, 8.96, -67.43
0, 7875457, -196, -25, 0.88, 0.50, 12.60, 9.68, -43.22
0, 7883340, -183, -27, 0.88, 0.81, 13.40, 9.62, -9.04
0, 7892314, -139, -37, -2.69, 1.00, 12.48, 9.62, 31.01
0, 7902157, 46, -40, -3.94, 1.12, 11.87, 9.50, 68.92
0, 7908856, 322, -43, -3.81, 1.19, 13.05, 9.36, 87.40
0, 7916896, 802, -54, -3.25, 1.19, 13.05, 9.42, 98.97
0, 7922605, 993, -77, -3.25, 1.25, 13.43, 9.42, 99.35
0, 7930344, 1270, -52, -1.12, 1.25, 11.25, 10.70, 89.42
0, 7936482, 1500, -29, 3.81, 1.44, 11.25, 8.89, 73.73
0, 7945509, 1702, -7, 7.94, 1.44, 12.09, 9.76, 40.85
0, 7955417, 1777, 2, 11.44, 1.50, 11.48, 9.76, -2.72
0, 7962419, 1719, 11, 11.44, 1.19, 11.57, 9.76, -33.71
0, 7969183, 1556, 34, 14.19, 0.94, 11.57, 9.62, -60.49
0, 7974889, 1302, 41, 15.19, 0.94, 11.68, 9.01, -78.81
0, 7982950, 713, 54, 15.19, 0.88, 11.24, 9.01, -95.58
0, 7991985, 322, 25, 14.44, 0.62, 10.81, 9.77, -99.40
0, 8001537, -60, -9, 11.19, 0.50, 13.75, 10.52, -85.67
0, 8008300, -199, -22, 4.87, 0.50, 12.57, 9.02, -66.17
0, 8016372, -212, -26, 0.50, 0.50, 12.57, 9.02, -35.04
0, 8022074, -195, -30, 0.50, 0.81, 13.51, 9.34, -10.00
0, 8028665, -170, -35, -3.06, 1.06, 13.51, 9.56, 19.66
0, 8035682, -80, -41, -4.12, 1.06, 12.35, 9.58, 49.27
0, 8045422, 242, -44, -3.94, 1.12, 12.49, 9.38, 81.66
0, 8055567, 786, -56, -3.19, 1.19, 13.25, 9.38, 98.78
0, 8062568, 1005, -78, -3.19, 1.25, 12.94, 9.41, 98.72
0, 8069338, 1240, -55, -0.50, 1.25, 12.94, 10.13, 89.33
0, 8075364, 1461, -34, 4.31, 1.25, 10.62, 8.73, 73.93
0, 8083381, 1657, -11, 4.31, 1.50, 12.18, 8.73, 45.25
0, 8092375, 1736, -3, 7.94, 1.50, 11.53, 9.81, 6.28
0, 8101511, 1683, 10, 11.44, 1.19, 11.51, 9.60, -34.32
0, 8108275, 1537, 30, 14.00, 0.94, 11.67, 8.80, -61.01
0, 8116496, 1126, 40, 14.75, 0.94, 11.67, 8.80, -85.62
0, 8122204, 699, 49, 14.75, 0.88, 11.42, 10.37, -95.97
0, 8128903, 368, 29, 14.00, 0.62, 11.42, 9.72, -99.98
0, 8135899, 60, 2, 10.63, 0.62, 10.65, 10.72, -94.46
0, 8145657, -209, -23, 4.31, 0.50, 11.85, 9.35, -71.39
0, 8155578, -248, -29, -0.31, 0.56, 13.11, 9.35, -33.95
0, 8162374, -226, -34, -0.31, 0.88, 13.09, 9.34, -3.91
0, 8169278, -193, -39, -3.56, 0.88, 13.09, 9.67, 26.97
0, 8175590, -102, -44, -4.44, 1.12, 12.40, 9.67, 52.99
0, 8183845, 180, -46, -4.19, 1.19, 12.28, 9.79, 80.27
0, 8192910, 700, -53, -4.19, 1.25, 13.33, 9.26, 97.39
0, 8201220, 977, -80, -3.44, 1.31, 13.05, 9.77, 98.93
0, 8208162, 1215, -57, -0.50, 1.31, 13.05, 9.16, 89.58
0, 8216391, 1510, -29, 4.50, 1.31, 11.72, 9.16, 67.29
0, 8222094, 1645, -12, 4.50, 1.56, 12.30, 8.97, 46.19
0, 8228482, 1709, -4, 8.06, 1.56, 12.30, 9.74, 19.02
0, 8236113, 1695, 0, 11.50, 1.50, 11.61, 9.57, -15.31
0, 8245908, 1546, 26, 14.06, 1.19, 11.40, 8.83, -56.19
0, 8255747, 1143, 37, 14.56, 1.00, 11.35, 8.83, -86.32
0, 8262496, 650, 49, 14.56, 0.75, 11.66, 10.54, -97.50
0, 8269381, 312, 25, 13.50, 0.75, 11.66, 8.44, -99.62
0, 8275761, 28, -1, 10.38, 0.56, 10.45, 8.44, -93.02
0, 8284021, -192, -22, 4.12, 0.44, 12.15, 10.54, -73.22
0, 8293019, -237, -27, 4.12, 0.75, 13.16, 9.57, -40.28
0, 8300420, -219, -31, -0.62, 0.94, 13.03, 9.38, -7.98
0, 8308241, -182, -39, -3.69, 0.94, 11.87, 9.56, 27.03
0, 8316588, -47, -44, -4.31, 1.00, 11.87, 9.56, 60.61
0, 8322290, 149, -45, -4.31, 1.06, 12.33, 9.70, 78.89
0, 8328552, 500, -48, -4.06, 1.06, 12.33, 9.58, 92.92
0, 8336314, 877, -71, -3.19, 1.12, 13.12, 10.46, 99.96
0, 8346030, 1208, -58, -0.19, 1.19, 13.40, 9.01, 91.64
0, 8355195, 1544, -25, 5.06, 1.44, 11.70, 9.01, 67.77
0, 8361956, 1692, -7, 5.06, 1.31, 12.36, 9.44, 42.49
0, 8368711, 1756, 0, 8.63, 1.31, 12.36, 9.44, 13.30
0, 8374801, 1741, 3, 12.19, 1.00, 11.45, 9.52, -14.15
0, 8382338, 1636, 25, 12.19, 0.81, 11.51, 9.58, -46.42
0, 8388434, 1447, 35, 14.50, 0.69, 11.25, 8.72, -68.78
0, 8397229, 898, 43, 14.94, 0.69, 11.56, 10.27, -91.53
0, 8406604, 421, 33, 13.63, 0.44, 11.56, 10.27, -100.00
0, 8414412, 107, 6, 9.56, 0.37, 13.60, 9.77, -93.51
0, 8420310, -97, -13, 9.56, 0.37, 11.69, 9.11, -80.86
0, 8426418, -189, -22, 3.56, 0.44, 11.69, 9.11, -61.75
0, 8434163, -190, -25, -0.37, 0.75, 12.64, 9.82, -31.01
0, 8440998, -171, -29, -0.37, 0.94, 13.53, 9.71, -0.62
0, 8448396, -126, -36, -3.37, 1.00, 11.83, 9.52, 32.24
0, 8457368, 59, -40, -3.87, 1.00, 11.83, 9.70, 66.98
0, 8465352, 402, -44, -3.62, 1.06, 12.25, 9.70, 88.89
0, 8471061, 751, -48, -3.62, 1.06, 13.08, 9.52, 97.64
0, 8476970, 958, -74, -2.56, 1.12, 13.08, 9.52, 99.88
0, 8484967, 1243, -54, 0.62, 1.12, 10.44, 11.03, 91.66
0, 8492995, 1541, -25, 0.62, 1.37, 11.91, 8.76, 71.50
0, 8500448, 1706, -6, 5.69, 1.25, 12.22, 9.67, 44.35
0, 8508544, 1786, 3, 9.25, 1.25, 11.36, 9.34, 9.33
0, 8516757, 1756, 11, 12.81, 0.94, 11.36, 9.34, -27.44
0, 8522452, 1664, 29, 12.81, 0.75, 11.49, 9.54, -51.02
0, 8528379, 1434, 37, 14.81, 0.75, 11.49, 9.12, -71.98
0, 8536434, 893, 47, 15.25, 0.69, 11.44, 9.12, -91.99
0, 8545244, 441, 35, 13.94, 0.44, 11.27, 9.93, -100.00
0, 8553104, 124, 8, 13.94, 0.31, 13.82, 10.16, -93.91
0, 8559682, -103, -13, 9.25, 0.31, 11.54, 8.94, -79.72
0, 8567671, -196, -22, 3.31, 0.44, 11.54, 8.94, -53.23
0, 8573379, -185, -26, 3.31, 0.75, 12.72, 9.52, -29.86
0, 8579471, -170, -29, -0.62, 0.75, 12.41, 9.91, -2.78
0, 8587225, -128, -36, -3.50, 0.94, 12.41, 9.44, 31.73
0, 8596247, 49, -40, -3.81, 1.00, 11.79, 9.44, 66.75
0, 8605228, 447, -44, -3.56, 1.06, 12.36, 9.38, 90.74
0, 8612061, 819, -55, -3.56, 1.12, 13.09, 9.53, 99.22
0, 8619033, 1053, -74, -2.37, 1.12, 13.09, 9.53, 98.19
0, 8624754, 1255, -53, -2.37, 1.12, 10.43, 11.06, 90.08
0, 8631424, 1500, -29, 1.06, 1.44, 11.92, 8.72, 73.12
0, 8638424, 1667, -10, 5.94, 1.44, 12.19, 9.82, 48.25
0, 8647433, 1758, 0, 9.44, 1.25, 12.19, 9.17, 9.60
0, 8656722, 1724, 11, 12.81, 1.00, 11.58, 9.17, -31.83
0, 8664194, 1565, 32, 12.81, 0.81, 11.53, 9.09, -61.45
0, 8670517, 1277, 39, 14.69, 0.81, 11.53, 9.86, -81.21
0, 8676651, 805, 46, 15.00, 0.69, 11.50, 9.86, -94.08
0, 8684453, 386, 30, 13.56, 0.44, 11.40, 9.67, -100.00
0, 8691303, 90, 5, 13.56, 0.37, 13.45, 10.49, -95.02
0, 8699158, -157, -18, 8.81, 0.37, 11.83, 8.92, -78.26
0, 8708610, -231, -26, 2.56, 0.50, 11.83, 9.48, -45.41
0, 8717023, -215, -30, -1.56, 0.81, 13.13, 9.48, -9.08
0, 8722727, -188, -35, -1.56, 1.00, 12.40, 9.88, 16.62
0, 8728645, -122, -42, -4.00, 1.00, 12.40, 9.88, 42.11
0, 8736317, 85, -43, -4.19, 1.06, 11.91, 9.66, 70.44
0, 8744474, 481, -47, -3.87, 1.12, 12.61, 9.43, 91.29
0, 8751840, 841, -65, -3.87, 1.19, 13.17, 9.81, 99.62
0, 8759924, 1105, -68, -2.31, 1.19, 10.98, 9.79, 96.15
0, 8767761, 1388, -41, 1.62, 1.19, 10.98, 9.79, 80.65
0, 8773467, 1578, -21, 1.62, 1.50, 11.82, 8.83, 62.89
0, 8779167, 1681, -8, 6.25, 1.50, 12.31, 9.80, 40.99
0, 8787256, 1734, -3, 9.63, 1.31, 12.31, 9.80, 5.66
0, 8796842, 1669, 14, 13.00, 1.00, 11.60, 9.18, -36.80
0, 8806810, 1402, 32, 14.63, 0.81, 11.47, 8.51, -73.63
0, 8814176, 973, 41, 14.63, 0.69, 11.54, 10.69, -91.71
0, 8820729, 512, 45, 14.56, 0.69, 11.54, 10.69, -99.35
0, 8826870, 238, 18, 13.00, 0.50, 10.32, 9.64, -98.66
0, 8833947, -55, -9, 13.00, 0.37, 13.62, 10.60, -88.52
0, 8840588, -200, -22, 8.50, 0.37, 11.90, 9.30, -70.79
0, 8849110, -228, -27, 2.25, 0.56, 13.22, 9.35, -39.05
0, 8859018, -210, -31, -1.94, 0.88, 12.22, 9.35, 4.68
0, 8867501, -141, -41, -4.06, 1.00, 12.22, 9.82, 41.73
0, 8873208, -25, -43, -4.06, 1.00, 11.77, 9.76, 63.54
0, 8879297, 220, -45, -4.12, 1.06, 12.31, 9.76, 82.14
0, 8887567, 722, -51, -3.87, 1.12, 12.31, 9.18, 97.30
0, 8897323, 1054, -74, -2.37, 1.19, 13.14, 9.86, 97.84
0, 8907521, 1425, -38, 1.87, 1.25, 10.78, 8.65, 78.42
0, 8915361, 1655, -11, 6.56, 1.50, 11.69, 9.17, 52.01
0, 8921296, 1739, -1, 6.56, 1.50, 11.69, 9.17, 27.50
0, 8927330, 1758, 1, 9.94, 1.31, 11.19, 9.64, 0.57
0, 8933969, 1706, 11, 9.94, 0.94, 11.61, 9.43, -29.02
0, 8940904, 1554, 33, 13.31, 0.94, 11.38, 8.42, -57.13
0, 8949561, 1160, 42, 14.94, 0.81, 11.28, 10.56, -84.12
0, 8959495, 527, 43, 14.69, 0.69, 10.89, 10.56, -99.26
0, 8967727, 221, 17, 12.56, 0.44, 10.89, 9.47, -96.89
0, 8973435, -13, -5, 12.56, 0.44, 13.94, 9.49, -87.36
0, 8979608, -153, -18, 7.37, 0.37, 11.45, 9.49, -70.57
0, 8987901, -182, -23, 2.12, 0.56, 11.45, 9.79, -39.71
0, 8997619, -166, -26, -1.62, 0.88, 13.45, 9.54, 3.11
0, 9007541, -78, -39, -3.62, 1.00, 12.33, 9.59, 46.16
0, 9015352, 120, -39, -3.69, 1.06, 11.81, 10.04, 73.99
0, 9021230, 402, -43, -3.69, 1.06, 13.46, 10.04, 89.07
0, 9027141, 776, -48, -3.31, 1.12, 13.46, 9.46, 97.91
0, 9033810, 1011, -75, -3.31, 1.19, 13.41, 9.84, 99.53
0, 9040575, 1254, -53, -1.75, 1.19, 10.42, 8.97, 92.00
0, 9049815, 1589, -20, 2.56, 1.25, 11.73, 9.47, 68.18
0, 9059875, 1781, 2, 7.25, 1.50, 11.22, 9.47, 29.10
0, 9067966, 1830, 7, 10.81, 1.25, 11.22, 9.47, -7.05
0, 9073670, 1785, 14, 10.81, 1.25, 11.86, 9.74, -32.26
0, 9079697, 1650, 36, 14.00, 0.94, 11.86, 9.74, -56.55
0, 9087714, 1281, 48, 15.56, 0.81, 11.50, 8.21, -82.12
0, 9097546, 622, 53, 15.50, 0.69, 11.31, 10.53, -98.68
0, 9107079, 262, 20, 13.06, 0.44, 11.02, 9.36, -96.42
0, 9114515, -37, -7, 13.06, 0.44, 13.95, 9.39, -82.27
0, 9120803, -157, -19, 7.44, 0.37, 13.95, 9.39, -63.02
0, 9126731, -165, -22, 2.37, 0.56, 11.59, 9.75, -40.20
0, 9132892, -152, -25, 2.37, 0.56, 13.65, 9.73, -13.47
0, 9140461, -123, -32, -1.44, 0.88, 12.30, 9.51, 20.57
0, 9150060, 20, -37, -3.50, 1.00, 11.82, 9.54, 59.82
0, 9159731, 403, -42, -3.50, 1.06, 13.10, 9.54, 88.13
0, 9167658, 833, -52, -3.06, 1.12, 13.10, 9.36, 99.11
0, 9173362, 1021, -74, -3.06, 1.12, 13.16, 9.57, 99.23
0, 9179367, 1235, -55, -1.19, 1.19, 13.16, 9.57, 92.27
0, 9186997, 1518, -28, 3.19, 1.25, 10.43, 8.93, 73.80
0, 9195847, 1716, -5, 7.50, 1.50, 12.18, 9.69, 41.68
0, 9204469, 1795, 3, 7.50, 1.25, 11.23, 9.29, 4.00
0, 9212955, 1746, 15, 11.00, 1.25, 11.72, 9.71, -33.70
0, 9219734, 1597, 35, 14.00, 0.94, 11.72, 9.71, -60.54
0, 9225434, 1343, 40, 14.00, 0.81, 11.37, 9.36, -78.83
0, 9231258, 913, 47, 15.31, 0.81, 11.55, 9.85, -92.13
0, 9239453, 436, 34, 15.06, 0.69, 10.68, 9.85, -99.96
0, 9248619, 48, 1, 12.56, 0.44, 10.68, 8.78, -92.66
0, 9258088, -200, -22, 6.50, 0.37, 13.81, 8.99, -68.67
0, 9265943, -231, -27, 1.25, 0.37, 13.06, 9.51, -39.11
0, 9271645, -215, -31, 1.25, 0.62, 13.06, 9.51, -14.35
0, 9277473, -195, -35, -2.50, 0.94, 13.25, 9.86, 11.93
0, 9283747, -140, -41, -2.50, 0.94, 12.43, 9.62, 39.24
0, 9291623, 54, -43, -4.12, 1.06, 11.72, 9.58, 68.85
0, 9300502, 473, -47, -4.06, 1.12, 13.10, 9.77, 91.72
0, 9310161, 905, -76, -3.50, 1.19, 13.16, 9.77, 99.96
0, 9318027, 1165, -61, -1.31, 1.25, 13.16, 9.44, 92.77
0, 9323738, 1370, -43, -1.31, 1.25, 11.32, 9.44, 80.16
0, 9329961, 1570, -22, 3.37, 1.31, 11.32, 8.67, 60.40
0, 9337664, 1692, -7, 7.31, 1.56, 12.35, 9.84, 29.57
0, 9346372, 1712, -3, 10.69, 1.31, 11.28, 9.16, -9.34
0, 9355848, 1594, 18, 13.63, 1.00, 11.65, 9.82, -49.87
0, 9363666, 1336, 35, 13.63, 1.00, 11.45, 9.53, -76.79
0, 9370573, 869, 40, 14.69, 0.88, 11.45, 9.53, -92.76
0, 9376278, 491, 42, 14.13, 0.75, 11.40, 9.62, -99.22
0, 9382084, 233, 18, 14.13, 0.75, 10.54, 8.99, -99.05
0, 9390372, -97, -12, 11.75, 0.50, 13.66, 8.99, -87.16
0, 9400027, -254, -27, 5.75, 0.44, 13.27, 9.14, -58.25
0, 9410058, -250, -31, 0.44, 0.75, 13.04, 9.46, -16.74
0, 9417895, -219, -39, -3.12, 1.00, 13.04, 9.77, 18.51
0, 9423827, -162, -42, -3.12, 1.00, 12.25, 9.77, 43.90
0, 9429783, -13, -46, -4.37, 1.12, 12.25, 9.55, 66.22
0, 9436451, 277, -49, -4.31, 1.12, 12.59, 9.62, 85.49
0, 9445522, 786, -61, -3.75, 1.25, 13.40, 9.93, 99.09
0, 9453514, 1041, -75, -3.75, 1.25, 13.14, 9.56, 97.46
0, 9463285, 1393, -41, -1.31, 1.31, 11.61, 9.56, 78.51
0, 9470261, 1614, -16, 3.69, 1.56, 11.61, 8.87, 55.42
0, 9475972, 1702, -5, 7.56, 1.56, 12.42, 9.80, 32.33
0, 9482131, 1730, -2, 7.56, 1.25, 11.16, 9.80, 5.07
0, 9490443, 1672, 11, 11.00, 0.94, 11.51, 9.29, -31.95
0, 9500332, 1429, 32, 13.94, 0.88, 11.22, 8.43, -69.78
0, 9510444, 838, 41, 14.81, 0.62, 11.98, 10.60, -94.24
0, 9518295, 429, 33, 14.06, 0.50, 11.98, 9.76, -99.99
0, 9524250, 184, 13, 14.06, 0.50, 10.46, 9.76, -96.02
0, 9529946, -42, -8, 11.38, 0.44, 10.46, 8.59, -85.74
0, 9536597, -174, -20, 5.62, 0.62, 11.54, 9.58, -66.64
0, 9545401, -190, -24, 0.94, 0.62, 13.04, 9.35, -32.52
0, 9553860, -168, -29, 0.94, 0.94, 13.39, 9.66, 5.13
0, 9563659, -82, -39, -2.62, 1.00, 12.18, 9.66, 47.45
0, 9570874, 101, -40, -3.75, 1.06, 12.18, 9.75, 73.16
0, 9576583, 370, -43, -3.62, 1.06, 12.30, 9.21, 88.14
0, 9582910, 770, -49, -3.62, 1.19, 13.49, 9.21, 97.89
0, 9591202, 1062, -73, -3.00, 1.19, 13.31, 9.82, 98.57
0, 9600935, 1424, -38, -0.62, 1.31, 11.44, 10.10, 82.01
0, 9610992, 1710, -6, 4.50, 1.50, 12.42, 9.23, 48.54
0, 9619093, 1815, 6, 8.44, 1.19, 12.42, 9.55, 14.01
0, 9624966, 1818, 9, 8.44, 1.19, 11.08, 9.55, -12.47
0, 9631089, 1752, 24, 12.06, 0.88, 11.08, 9.53, -39.12
0, 9637757, 1565, 41, 14.75, 0.75, 11.39, 9.67, -64.69
0, 9647531, 999, 50, 15.75, 0.56, 11.19, 10.83, -91.09
0, 9657449, 483, 39, 14.94, 0.37, 11.58, 9.41, -99.97
0, 9666391, 132, 9, 11.50, 0.37, 11.06, 9.41, -91.00
0, 9672098, -70, -10, 11.50, 0.37, 11.69, 9.79, -77.41
0, 9677884, -150, -18, 5.50, 0.62, 11.69, 9.90, -58.40
0, 9683640, -146, -21, 5.50, 0.62, 12.36, 9.63, -35.54
0, 9691924, -130, -25, 1.37, 0.94, 13.81, 9.63, 1.13
0, 9701421, -57, -35, -2.31, 1.00, 11.85, 9.52, 42.66
0, 9711166, 197, -37, -3.37, 1.06, 12.32, 9.93, 77.16
0, 9719282, 627, -41, -3.19, 1.12, 12.32, 9.50, 94.85
0, 9725169, 903, -54, -3.19, 1.12, 13.38, 9.50, 99.84
0, 9731343, 1120, -68, -2.44, 1.19, 13.38, 9.79, 97.52
0, 9738214, 1376, -42, 0.13, 1.31, 10.77, 10.52, 86.09
0, 9747972, 1678, -10, 5.12, 1.44, 11.82, 9.44, 56.12
0, 9757836, 1824, 7, 8.94, 1.12, 12.17, 9.46, 14.93
0, 9766776, 1828, 14, 12.56, 1.12, 11.27, 9.65, -25.17
0, 9772478, 1752, 28, 12.56, 0.88, 11.34, 9.65, -49.02
0, 9778180, 1548, 42, 15.00, 0.75, 11.34, 8.75, -69.62
0, 9784074, 1203, 51, 15.00, 0.75, 11.26, 10.64, -86.07
0, 9792733, 590, 50, 15.94, 0.62, 11.17, 10.64, -98.99
0, 9801978, 217, 17, 15.25, 0.37, 14.48, 9.26, -96.23
0, 9811448, -124, -15, 11.38, 0.37, 11.49, 10.12, -76.25
0, 9819407, -205, -23, 4.81, 0.69, 11.49, 9.89, -48.57
0, 9825343, -191, -27, 4.81, 0.69, 12.87, 9.89, -23.65
0, 9831263, -175, -30, 0.44, 1.00, 12.87, 9.71, 2.89
0, 9837914, -130, -37, -3.00, 1.06, 13.54, 9.66, 32.37
0, 9847772, 86, -41, -3.87, 1.12, 11.80, 9.59, 70.00
0, 9857508, 546, -45, -3.62, 1.19, 12.73, 9.61, 93.76
0, 9866405, 928, -72, -2.62, 1.19, 12.79, 9.61, 99.89
0, 9872363, 1128, -66, -2.62, 1.25, 12.79, 9.47, 95.03
0, 9878130, 1334, -46, 0.25, 1.25, 11.18, 10.78, 83.79
0, 9884288, 1545, -25, 0.25, 1.37, 11.72, 10.78, 65.56
0, 9892764, 1698, -6, 5.12, 1.50, 12.26, 9.77, 32.56
0, 9901890, 1731, -1, 8.63, 1.19, 11.71, 9.22, -8.09
0, 9911462, 1618, 21, 12.13, 0.94, 11.61, 9.88, -49.16
0, 9919540, 1350, 37, 14.38, 0.88, 11.61, 8.93, -77.02
0, 9925240, 985, 40, 14.38, 0.88, 11.40, 8.93, -90.73
0, 9931199, 541, 48, 14.88, 0.69, 11.40, 9.87, -98.65
0, 9937545, 249, 20, 13.81, 0.50, 11.51, 8.85, -99.25
0, 9946159, -96, -12, 10.19, 0.50, 13.67, 10.47, -87.17
0, 9955031, -249, -26, 10.19, 0.50, 11.81, 9.60, -61.12
0, 9964520, -250, -30, 3.62, 0.81, 13.18, 9.60, -22.65
0, 9971407, -225, -36, -1.00, 1.06, 13.18, 9.87, 8.29
0, 9977110, -186, -41, -3.81, 1.06, 12.04, 9.87, 33.43
0, 9983208, -69, -45, -3.81, 1.12, 11.85, 9.49, 57.83
0, 9990752, 213, -48, -4.37, 1.19, 12.60, 9.47, 81.79
0, 9999828, 733, -58, -4.06, 1.25, 12.60, 9.89, 97.95
0, 10009193, 1034, -75, -3.00, 1.25, 13.25, 9.32, 97.57
