********************************************************************************
Obsolete PIO Core v6.1.11 is used (previous was 6.1.14)
Please remove multiple PIO Cores from a system:
https://docs.platformio.org/en/latest/core/installation/troubleshooting.html
********************************************************************************
--- Terminal on /dev/cu.usbmodem14303 | 230400 8-N-1
--- Available filters and text transformations: colorize, debug, default, direct, hexlify, log2file, nocontrol, printable, send_on_enter, time
--- More details at https://bit.ly/pio-monitor-filters
--- Quit: Ctrl+C | Menu: Ctrl+T | Help: Ctrl+T followed by Ctrl+H
start
pain
Waiting for ODrive...
pin
found ODrive
DC voltage: 24.00
Enabling closed loop control...
ODrive running!
end time:5000000
0, 32, 1835008, -65536, 208.00, 334.31, 9.08, 6.38, 100.00
0, 7636, 1723, 121, 208.06, 334.31, 9.08, 7.93, 99.78
0, 14405, 4090, 349, 207.69, 334.31, 7.69, 3.36, 99.21
0, 21418, 6602, 594, 207.69, 334.19, 3.02, 3.36, 98.26
0, 27884, 8990, 843, 211.06, 331.81, 4.23, 16.11, 97.05
0, 36643, 12135, 1126, 231.50, 328.44, 14.20, 8.61, 94.93
0, 46047, 15168, 1464, 253.62, 325.31, 14.20, 9.89, 92.03
0, 52812, 17509, 1694, 253.62, 325.31, 16.76, 10.71, 89.56
0, 61148, 20588, 2020, 275.31, 322.19, 14.51, 10.71, 86.09
0, 66845, 22640, 2218, 296.19, 319.00, 17.27, 10.09, 83.45
0, 74903, 25590, 2513, 316.37, 319.00, 17.27, 10.10, 79.37
0, 82692, 28327, 2785, 335.69, 315.69, 16.65, 9.92, 75.05
0, 91264, 31002, 3049, 335.69, 312.56, 12.55, 9.92, 69.90
0, 100540, 33571, 3314, 354.31, 309.44, 9.33, 9.64, 63.89
0, 107787, 35471, 3499, 372.50, 306.69, 6.54, 8.92, 58.90
0, 114679, 37168, 3644, 390.50, 306.69, 6.54, 8.84, 53.93
0, 121957, 38768, 3790, 390.50, 304.19, 5.48, 8.84, 48.47
0, 128275, 39910, 3902, 408.62, 302.00, 6.79, 9.55, 43.58
0, 136975, 41230, 4025, 426.94, 300.19, 9.22, 10.61, 36.62
0, 146436, 42332, 4136, 445.44, 298.62, 9.22, 9.42, 28.82
0, 153210, 42942, 4198, 461.06, 298.62, 10.34, 9.97, 23.11
0, 161404, 43444, 4251, 461.06, 297.44, 10.75, 9.97, 16.10
0, 167103, 43652, 4273, 473.25, 296.44, 11.15, 9.48, 11.17
0, 175168, 43739, 4283, 482.37, 296.44, 11.15, 9.78, 4.15
0, 182964, 43718, 4289, 488.37, 295.81, 11.41, 9.69, -2.66
0, 191453, 43664, 4293, 488.37, 295.56, 11.24, 9.69, -10.05
0, 200116, 43462, 4293, 491.19, 295.50, 9.76, 9.66, -17.54
0, 206944, 43082, 4293, 491.31, 295.44, 9.76, 9.53, -23.37
0, 213707, 42766, 4321, 490.75, 295.44, 11.45, 9.53, -29.07
0, 221257, 42429, 4316, 490.75, 295.50, 10.30, 9.50, -35.31
0, 230944, 41814, 4234, 488.50, 295.25, 10.02, 9.30, -43.09
0, 240708, 40747, 4110, 483.87, 295.31, 10.87, 9.73, -50.61
0, 249709, 39382, 3968, 479.87, 296.06, 11.59, 9.33, -57.23
0, 255947, 38198, 3850, 474.19, 296.06, 11.59, 9.37, -61.61
0, 263478, 36621, 3696, 464.69, 297.19, 9.91, 9.37, -66.65
0, 270216, 35296, 3608, 464.69, 298.69, 9.31, 9.26, -70.92
0, 276970, 33890, 3473, 451.31, 300.50, 7.18, 10.46, -74.95
0, 284837, 32007, 3299, 434.50, 300.50, 7.18, 10.15, -79.32
0, 294449, 29242, 3053, 417.69, 301.87, 6.88, 8.84, -84.14
0, 302323, 26642, 2794, 417.69, 303.81, 5.70, 8.84, -87.65
0, 310239, 23711, 2478, 400.06, 305.87, 7.83, 9.70, -90.77
0, 316122, 21574, 2260, 381.81, 305.87, 7.83, 9.39, -92.80
0, 324183, 18687, 1998, 363.75, 308.69, 11.99, 9.39, -95.19
0, 331559, 15969, 1721, 363.75, 312.00, 13.47, 9.16, -96.97
0, 341004, 12474, 1401, 345.62, 315.25, 16.43, 10.37, -98.65
0, 349946, 9318, 1082, 326.75, 318.31, 17.24, 10.82, -99.63
0, 356561, 6902, 831, 307.06, 318.31, 17.24, 9.66, -99.96
0, 364077, 4215, 509, 286.50, 321.50, 13.72, 9.66, -99.93
0, 370821, 1756, 243, 286.50, 324.62, 15.28, 8.91, -99.54
0, 377519, -646, 40, 265.12, 328.31, 7.98, 9.69, -98.81
0, 385366, -3341, -219, 243.06, 328.31, 7.98, 11.70, -97.53
0, 394600, -6648, -502, 220.44, 332.00, 3.30, 7.93, -95.43
0, 402423, -9496, -813, 197.87, 334.81, 3.30, 7.93, -93.17
0, 410194, -12344, -1103, 197.87, 337.69, 6.96, 9.56, -90.49
0, 416304, -14625, -1351, 175.69, 337.69, 6.96, 9.31, -88.09
0, 424148, -17431, -1602, 154.06, 341.06, 9.66, 9.31, -84.65
0, 431784, -20019, -1849, 154.06, 344.44, 11.81, 9.61, -80.92
0, 441092, -23097, -2134, 133.31, 347.81, 13.58, 10.76, -75.88
0, 449619, -25772, -2409, 113.44, 350.69, 15.80, 9.02, -70.82
0, 456613, -27655, -2588, 94.44, 350.69, 15.80, 10.08, -66.38
0, 464537, -29547, -2812, 75.94, 353.56, 14.39, 10.08, -61.06
0, 472302, -31115, -3050, 57.75, 356.37, 12.90, 9.95, -55.55
0, 478632, -32249, -3164, 57.75, 358.75, 9.78, 9.10, -50.87
0, 486695, -33532, -3285, 39.50, 361.44, 10.28, 10.20, -44.69
0, 495850, -34742, -3413, 21.50, 361.44, 10.28, 9.31, -37.41
0, 503959, -35586, -3493, 6.12, 363.06, 8.71, 9.31, -30.75
0, 512360, -36194, -3542, -6.87, 364.44, 8.22, 10.60, -23.70
0, 518596, -36465, -3563, -6.87, 365.50, 8.95, 10.51, -18.37
0, 526073, -36591, -3570, -17.31, 365.50, 8.95, 10.02, -11.92
0, 534478, -36573, -3580, -24.75, 366.19, 8.94, 9.66, -4.61
0, 544261, -36529, -3587, -28.75, 366.50, 8.62, 9.66, 3.93
0, 552441, -36434, -3588, -28.75, 366.62, 9.45, 9.26, 11.05
0, 559505, -36173, -3589, -29.62, 366.69, 10.41, 9.81, 17.15
0, 566405, -35778, -3595, -29.25, 366.69, 9.73, 9.47, 23.05
0, 574560, -35580, -3584, -28.56, 366.81, 9.73, 9.47, 29.91
0, 582581, -35346, -3564, -25.62, 366.87, 12.34, 9.62, 36.52
0, 590828, -34898, -3525, -25.62, 366.87, 9.87, 10.08, 43.12
0, 598683, -34254, -3468, -21.62, 366.69, 8.97, 10.17, 49.20
0, 605683, -33532, -3394, -19.44, 366.69, 8.97, 10.01, 54.43
0, 613549, -32489, -3297, -15.25, 366.31, 8.65, 10.01, 60.06
0, 620327, -31441, -3195, -15.25, 365.62, 8.55, 10.15, 64.68
0, 627117, -30194, -3071, -8.25, 364.56, 8.70, 10.19, 69.08
0, 635000, -28467, -2904, 1.44, 364.56, 8.70, 10.13, 73.89
0, 644612, -25956, -2660, 13.88, 363.25, 9.10, 10.13, 79.28
0, 652717, -23783, -2420, 29.62, 361.50, 10.72, 9.03, 83.39
0, 659806, -21871, -2202, 29.62, 359.44, 13.70, 10.21, 86.64
0, 666457, -19814, -1993, 47.69, 359.44, 14.11, 8.92, 89.40
0, 674679, -16883, -1654, 66.00, 357.06, 14.11, 8.92, 92.38
0, 682622, -14000, -1402, 84.50, 354.31, 15.77, 8.99, 94.81
0, 689773, -11436, -1157, 84.50, 351.31, 14.25, 8.01, 96.61
0, 697153, -8827, -910, 103.25, 351.31, 13.31, 9.01, 98.07
0, 704727, -6091, -644, 122.37, 348.00, 13.31, 9.01, 99.15
0, 713101, -3033, -319, 142.44, 345.06, 9.22, 10.94, 99.83
0, 719495, -679, -95, 142.44, 342.00, 7.15, 7.39, 100.00
0, 726486, 1877, 139, 163.44, 342.00, 2.76, 8.52, 99.82
0, 734668, 4815, 419, 185.37, 338.75, 2.76, 10.59, 99.15
0, 744030, 8289, 772, 207.81, 335.44, 4.68, 10.59, 97.75
0, 751770, 11134, 1025, 207.81, 332.37, 12.35, 8.85, 96.10
0, 758511, 13355, 1273, 230.37, 329.00, 14.38, 9.92, 94.31
0, 765695, 15780, 1537, 252.87, 329.00, 14.38, 9.92, 92.04
0, 773678, 18697, 1845, 274.75, 325.75, 15.82, 10.60, 89.09
0, 780430, 21173, 2075, 274.75, 322.62, 15.35, 8.99, 86.26
0, 787359, 23740, 2331, 295.75, 319.31, 16.83, 9.82, 83.05
0, 796144, 26929, 2649, 316.00, 319.31, 16.83, 10.30, 78.53
0, 804238, 29678, 2912, 335.37, 315.94, 17.47, 10.30, 73.97
0, 811977, 32054, 3152, 335.37, 312.81, 11.74, 10.50, 69.26
0, 817871, 33734, 3330, 354.00, 309.69, 5.98, 10.12, 65.45
0, 825739, 35895, 3533, 372.19, 309.69, 5.98, 9.13, 60.11
0, 833834, 37976, 3719, 390.19, 306.87, 6.24, 9.13, 54.32
0, 842429, 39816, 3894, 408.25, 304.25, 5.28, 9.25, 47.87
0, 849339, 41061, 4009, 408.25, 302.00, 7.64, 8.73, 42.49
0, 856320, 42095, 4112, 426.44, 302.00, 9.29, 9.51, 36.90
0, 864474, 43092, 4214, 445.00, 300.00, 9.29, 9.51, 30.19
0, 872110, 43861, 4293, 461.37, 298.37, 10.71, 9.30, 23.77
0, 878222, 44322, 4342, 461.37, 297.00, 10.28, 9.66, 18.56
0, 885913, 44665, 4377, 474.06, 297.00, 11.54, 9.58, 11.92
0, 895148, 44801, 4392, 484.06, 295.94, 11.54, 9.58, 3.89
0, 902852, 44772, 4399, 491.19, 295.12, 11.40, 9.77, -2.83
0, 909498, 44727, 4400, 491.19, 294.69, 11.43, 9.44, -8.63
0, 916323, 44553, 4401, 494.69, 294.69, 11.43, 9.54, -14.54
0, 924274, 44113, 4406, 495.12, 294.56, 10.80, 9.54, -21.37
0, 931526, 43828, 4454, 495.12, 294.50, 11.68, 9.18, -27.51
0, 939035, 43557, 4461, 494.56, 294.50, 9.97, 8.53, -33.75
0, 946892, 43171, 4421, 491.75, 294.50, 10.57, 9.77, -40.12
0, 954764, 42584, 4340, 487.31, 294.19, 10.57, 9.77, -46.32
0, 962498, 41724, 4229, 483.94, 294.00, 11.00, 9.83, -52.19
0, 968783, 40765, 4113, 483.94, 294.00, 11.21, 10.07, -56.79
0, 976237, 39397, 3972, 479.25, 294.50, 11.21, 9.60, -62.02
0, 984506, 37597, 3778, 471.50, 295.56, 11.09, 9.60, -67.52
0, 993956, 35554, 3627, 459.12, 297.12, 8.55, 9.26, -73.37
0, 1000785, 34118, 3498, 459.12, 298.94, 7.08, 9.32, -77.29
0, 1007510, 32540, 3343, 442.81, 298.94, 7.00, 10.04, -80.88
0, 1015352, 30389, 3164, 424.50, 300.94, 7.00, 10.04, -84.71
0, 1023198, 27916, 2915, 406.81, 302.37, 5.58, 8.21, -88.15
0, 1029974, 25491, 2687, 406.81, 304.37, 4.36, 10.49, -90.79
0, 1036902, 22966, 2404, 388.69, 304.37, 8.63, 9.40, -93.16
0, 1046352, 19542, 2074, 370.50, 306.56, 8.63, 9.40, -95.84
0, 1054737, 16529, 1782, 352.37, 309.50, 10.48, 9.27, -97.67
0, 1062180, 13796, 1531, 333.94, 312.94, 16.56, 10.28, -98.86
0, 1069550, 11161, 1261, 333.94, 315.94, 16.13, 9.06, -99.62
0, 1076619, 8691, 1012, 314.62, 315.94, 18.05, 9.01, -99.97
0, 1084885, 5873, 685, 294.37, 319.00, 18.05, 9.01, -99.89
0, 1094633, 2440, 316, 273.37, 322.19, 13.29, 9.76, -99.13
0, 1101772, -90, 76, 273.37, 325.31, 10.31, 9.02, -98.12
0, 1108293, -2336, -110, 251.56, 325.31, 10.21, 9.45, -96.86
0, 1116271, -5121, -357, 229.37, 328.87, 10.21, 9.45, -94.90
0, 1124079, -7998, -653, 206.75, 331.62, 2.46, 7.61, -92.53
0, 1130991, -10517, -897, 206.75, 334.56, 3.52, 9.51, -90.07
0, 1138178, -13119, -1177, 184.44, 334.56, 6.86, 9.14, -87.17
0, 1146882, -16312, -1500, 162.56, 337.94, 6.86, 9.14, -83.20
0, 1155115, -19187, -1764, 141.37, 341.31, 8.97, 9.20, -79.00
0, 1162540, -21597, -1988, 121.19, 344.56, 13.33, 10.99, -74.87
0, 1169905, -23902, -2222, 121.19, 344.56, 14.86, 10.71, -70.45
0, 1178198, -26233, -2459, 101.81, 347.44, 15.64, 9.43, -65.13
0, 1185846, -28082, -2633, 83.19, 350.19, 15.64, 9.43, -59.93
0, 1195185, -29964, -2888, 64.87, 352.81, 12.52, 10.05, -53.21
0, 1202450, -31187, -3045, 64.87, 355.00, 10.33, 9.05, -47.73
0, 1208751, -32100, -3146, 46.69, 355.00, 10.28, 6.83, -42.83
0, 1216839, -33103, -3240, 28.37, 357.44, 8.60, 6.83, -36.35
0, 1224934, -33929, -3326, 12.19, 359.06, 8.60, 9.90, -29.68
0, 1232750, -34503, -3388, -0.81, 360.19, 9.46, 10.59, -23.10
0, 1240878, -34849, -3425, -0.81, 361.06, 8.46, 9.48, -16.14
0, 1248544, -34918, -3434, -11.38, 361.06, 8.38, 10.21, -9.50
0, 1256625, -34895, -3435, -19.56, 361.56, 8.38, 10.21, -2.46
0, 1264464, -34839, -3437, -24.56, 361.75, 8.16, 9.01, 4.38
0, 1272206, -34727, -3438, -26.06, 361.81, 10.22, 9.96, 11.12
0, 1279150, -34488, -3438, -26.06, 361.81, 10.63, 10.15, 17.12
0, 1286221, -34132, -3442, -25.81, 361.94, 8.16, 9.83, 23.16
0, 1295714, -33972, -3431, -24.94, 361.94, 8.16, 9.83, 31.14
0, 1303290, -33742, -3410, -22.50, 362.00, 13.23, 9.81, 37.35
0, 1309430, -33399, -3378, -22.50, 362.00, 10.29, 9.98, 42.27
0, 1317249, -32756, -3320, -18.87, 361.94, 8.24, 9.98, 48.35
0, 1325341, -31903, -3239, -17.19, 361.56, 8.24, 9.85, 54.41
0, 1333151, -30855, -3136, -13.38, 360.94, 8.99, 10.10, 60.00
0, 1341247, -29516, -3004, -13.38, 360.00, 8.64, 9.99, 65.50
0, 1348891, -27977, -2855, -6.50, 360.00, 8.85, 10.00, 70.39
0, 1356978, -26039, -2668, 3.06, 358.69, 8.85, 10.00, 75.23
0, 1365128, -24009, -2448, 15.63, 357.00, 9.81, 10.67, 79.72
0, 1372939, -21994, -2216, 31.56, 354.94, 11.20, 9.82, 83.65
0, 1379925, -19903, -2001, 31.56, 354.94, 13.46, 9.87, 86.83
0, 1386699, -17579, -1722, 49.75, 352.62, 14.32, 9.01, 89.61
0, 1396401, -14047, -1403, 68.12, 349.87, 14.32, 9.01, 93.05
0, 1404091, -11246, -1140, 86.69, 346.75, 17.96, 9.79, 95.29
0, 1410263, -9001, -927, 86.69, 346.75, 11.70, 10.97, 96.79
0, 1417844, -6262, -661, 105.31, 343.62, 11.21, 10.97, 98.24
0, 1425850, -3341, -350, 124.56, 340.62, 11.21, 9.42, 99.30
0, 1433946, -389, -75, 144.75, 337.44, 7.17, 8.93, 99.89
0, 1442207, 2614, 203, 165.94, 334.06, 2.42, 7.64, 99.97
0, 1449363, 5250, 466, 165.94, 334.06, 4.42, 10.46, 99.62
0, 1457415, 8205, 762, 187.87, 330.94, 4.42, 10.46, 98.76
0, 1465310, 11066, 1016, 210.37, 327.81, 10.43, 8.32, 97.45
0, 1473168, 13787, 1319, 233.00, 324.37, 11.82, 8.75, 95.68
0, 1479882, 16127, 1572, 233.00, 324.37, 16.34, 12.66, 93.81
0, 1486646, 18635, 1841, 255.37, 321.19, 15.04, 12.66, 91.60
0, 1496369, 22233, 2175, 277.12, 317.87, 15.04, 8.05, 87.87
0, 1503754, 24922, 2446, 298.06, 314.50, 17.50, 9.38, 84.61
0, 1510055, 27250, 2685, 298.06, 314.50, 15.89, 10.52, 81.55
0, 1518027, 30067, 2952, 318.19, 311.25, 13.43, 10.52, 77.33
0, 1525990, 32645, 3217, 337.50, 308.06, 13.43, 7.58, 72.74
0, 1534085, 35127, 3468, 356.12, 304.94, 7.45, 10.89, 67.71
0, 1542995, 37752, 3698, 374.19, 302.00, 5.73, 9.50, 61.79
0, 1549702, 39523, 3869, 374.19, 302.00, 4.54, 9.68, 57.08
0, 1557532, 41317, 4034, 392.19, 299.31, 6.57, 9.68, 51.34
0, 1565510, 42912, 4195, 410.12, 296.94, 6.57, 8.60, 45.24
0, 1573324, 44311, 4338, 428.31, 294.87, 9.91, 9.43, 39.06
0, 1580073, 45374, 4447, 428.31, 294.87, 9.93, 9.28, 33.57
0, 1586907, 46300, 4535, 447.00, 293.00, 10.67, 9.28, 27.89
0, 1596558, 47251, 4621, 464.37, 291.31, 10.67, 9.62, 19.71
0, 1603644, 47608, 4659, 479.37, 290.00, 11.39, 9.39, 13.62
0, 1610091, 47688, 4670, 479.37, 290.00, 12.83, 9.80, 8.02
0, 1617938, 47662, 4682, 491.87, 289.12, 12.59, 9.80, 1.18
0, 1625714, 47627, 4686, 500.50, 288.62, 12.59, 9.80, -5.61
0, 1633517, 47506, 4690, 504.00, 288.50, 9.90, 9.78, -12.39
0, 1640260, 47236, 4691, 504.00, 288.50, 10.21, 9.05, -18.21
0, 1648705, 46763, 4711, 504.00, 288.44, 11.70, 9.05, -25.40
0, 1656975, 46254, 4729, 503.44, 288.37, 11.70, 9.28, -32.31
0, 1664788, 45641, 4677, 501.25, 288.31, 9.80, 9.41, -38.69
0, 1673056, 44837, 4602, 496.37, 288.31, 11.40, 10.53, -45.24
0, 1680057, 44000, 4516, 496.37, 288.12, 10.84, 10.53, -50.60
0, 1687072, 43021, 4402, 490.75, 288.62, 11.07, 9.67, -55.78
0, 1696829, 41367, 4181, 483.37, 289.50, 11.07, 9.30, -62.64
0, 1703798, 39903, 4027, 473.94, 290.81, 10.87, 10.09, -67.27
0, 1710380, 38293, 3861, 473.94, 290.81, 9.77, 9.44, -71.41
0, 1718502, 36161, 3661, 462.00, 292.75, 9.45, 9.44, -76.19
0, 1725939, 34317, 3513, 447.19, 294.81, 9.45, 8.84, -80.23
0, 1734012, 32206, 3314, 429.19, 297.19, 6.02, 9.27, -84.23
0, 1742308, 29692, 3100, 410.87, 298.94, 6.78, 10.37, -87.91
0, 1749388, 27276, 2853, 410.87, 298.94, 5.35, 10.94, -90.69
0, 1757569, 24267, 2542, 392.56, 301.12, 5.32, 10.94, -93.46
0, 1765431, 21353, 2232, 374.31, 303.69, 5.32, 9.31, -95.68
0, 1773542, 18399, 1966, 356.19, 303.69, 13.80, 9.35, -97.50
0, 1780428, 15941, 1720, 356.19, 306.87, 16.49, 9.35, -98.66
0, 1787440, 13376, 1489, 337.81, 310.25, 16.99, 10.42, -99.47
0, 1797195, 9883, 1139, 318.62, 313.25, 16.99, 9.85, -99.98
0, 1804146, 7345, 890, 298.56, 316.44, 16.60, 10.01, -99.91
0, 1810734, 4996, 582, 298.56, 316.44, 12.89, 8.52, -99.49
0, 1818932, 1986, 264, 277.69, 319.62, 14.30, 8.52, -98.52
0, 1826087, -591, 44, 256.06, 323.00, 14.30, 9.55, -97.26
0, 1834072, -3359, -219, 233.81, 326.87, 7.88, 10.28, -95.40
0, 1841141, -5848, -422, 233.81, 326.87, 3.72, 10.65, -93.37
0, 1849459, -8901, -760, 211.19, 330.12, 3.56, 10.65, -90.53
0, 1857865, -11991, -1063, 188.69, 332.94, 2.77, 9.25, -87.17
0, 1865506, -14801, -1369, 166.69, 335.94, 2.77, 11.71, -83.71
0, 1873844, -17793, -1639, 145.37, 339.37, 10.44, 7.41, -79.51
0, 1880831, -20097, -1858, 145.37, 339.37, 13.16, 7.41, -75.67
0, 1887636, -22252, -2049, 124.94, 342.81, 14.18, 10.32, -71.65
0, 1898532, -25537, -2384, 105.37, 345.81, 15.69, 11.31, -64.70
0, 1907160, -27705, -2594, 86.62, 348.69, 15.69, 8.85, -58.78
0, 1913820, -29135, -2756, 68.31, 351.44, 14.02, 10.30, -53.98
0, 1922794, -30698, -3015, 50.19, 351.44, 12.06, 9.47, -47.22
0, 1929455, -31681, -3107, 50.19, 353.81, 9.65, 9.47, -42.02
0, 1936290, -32510, -3184, 31.94, 356.00, 9.29, 9.52, -36.54
0, 1946091, -33476, -3280, 14.44, 358.19, 9.29, 9.33, -28.45
0, 1952180, -33929, -3328, 0.50, 358.19, 8.36, 9.20, -23.31
0, 1959663, -34277, -3366, 0.50, 359.37, 9.64, 9.20, -16.91
0, 1968221, -34422, -3380, -10.50, 360.25, 8.85, 8.98, -9.51
0, 1975780, -34399, -3384, -18.94, 360.94, 8.85, 10.60, -2.92
0, 1983856, -34360, -3385, -24.56, 361.31, 8.73, 10.11, 4.13
0, 1991140, -34264, -3386, -24.56, 361.31, 9.57, 9.84, 10.47
0, 1999720, -33998, -3386, -26.87, 361.44, 9.29, 9.84, 17.88
0, 2008001, -33606, -3388, -26.25, 361.50, 9.29, 9.19, 24.94
0, 2015181, -33451, -3377, -25.69, 361.56, 8.99, 10.35, 30.96
0, 2023882, -33159, -3353, -23.87, 361.56, 9.95, 10.54, 38.08
0, 2033801, -32579, -3302, -20.00, 361.50, 11.28, 9.43, 45.94
0, 2043639, -31680, -3215, -17.69, 361.25, 8.81, 10.23, 53.39
0, 2050512, -30832, -3133, -17.69, 361.25, 9.21, 10.23, 58.36
0, 2058650, -29562, -3008, -12.00, 360.75, 8.63, 9.96, 63.98
0, 2066076, -28180, -2875, -6.37, 359.94, 8.63, 10.05, 68.83
0, 2074287, -26344, -2696, 2.25, 358.75, 9.05, 9.30, 73.85
0, 2081820, -24542, -2516, 14.19, 358.75, 9.77, 9.30, 78.12
0, 2088267, -22957, -2331, 14.19, 357.25, 11.42, 10.55, 81.51
0, 2098038, -20211, -2022, 29.44, 355.37, 11.42, 10.19, 86.15
0, 2104887, -17956, -1771, 47.81, 353.19, 12.71, 9.45, 89.03
0, 2111714, -15402, -1532, 47.81, 353.19, 13.79, 10.63, 91.58
0, 2120844, -12150, -1224, 66.25, 350.50, 17.35, 10.63, 94.49
0, 2127417, -9808, -1014, 84.81, 347.56, 12.74, 9.11, 96.21
0, 2135339, -6915, -727, 103.19, 344.31, 12.74, 9.16, 97.86
0, 2144148, -3691, -383, 122.31, 341.37, 9.40, 11.32, 99.15
0, 2150943, -1179, -136, 122.31, 341.37, 5.22, 7.94, 99.75
0, 2159056, 1771, 129, 142.50, 338.31, 2.60, 7.94, 100.00
0, 2166553, 4505, 385, 163.69, 335.00, 3.63, 10.02, 99.79
0, 2174435, 7411, 685, 185.62, 331.75, 3.63, 9.16, 99.10
0, 2182084, 10242, 954, 208.00, 331.75, 7.83, 9.16, 97.98
0, 2188456, 12405, 1160, 208.00, 328.62, 11.87, 10.51, 96.72
0, 2198099, 15707, 1533, 230.62, 325.31, 11.87, 9.05, 94.24
0, 2204945, 18224, 1791, 252.94, 322.06, 14.98, 8.35, 92.08
0, 2211714, 20731, 2032, 252.94, 322.06, 15.67, 10.05, 89.62
0, 2220854, 24058, 2360, 274.69, 318.81, 16.34, 10.05, 85.79
0, 2227360, 26466, 2597, 295.75, 315.44, 16.49, 11.11, 82.74
0, 2235295, 29269, 2878, 316.00, 312.12, 16.49, 8.24, 78.65
0, 2243924, 31932, 3139, 335.44, 312.12, 12.14, 11.01, 73.78
0, 2251097, 33913, 3345, 335.44, 309.00, 7.31, 9.62, 69.41
0, 2259430, 36202, 3556, 354.12, 305.75, 5.77, 9.62, 64.00
0, 2267604, 38369, 3754, 372.50, 302.94, 5.51, 9.08, 58.35
0, 2275389, 40126, 3920, 390.69, 300.37, 5.51, 8.46, 52.70
0, 2283354, 41665, 4068, 408.87, 300.37, 7.59, 10.14, 46.67
0, 2290151, 42781, 4182, 408.87, 298.19, 7.18, 10.14, 41.34
0, 2299189, 44057, 4313, 427.19, 296.12, 9.92, 9.54, 34.04
0, 2306253, 44888, 4398, 443.37, 294.37, 9.92, 9.61, 28.18
0, 2312744, 45514, 4462, 456.56, 294.37, 10.60, 9.35, 22.70
0, 2321877, 46119, 4518, 467.50, 292.87, 11.20, 9.35, 14.87
0, 2327934, 46367, 4542, 467.50, 291.94, 11.55, 9.85, 9.62
0, 2335574, 46442, 4551, 475.69, 291.00, 11.55, 9.77, 2.97
0, 2344753, 46416, 4559, 480.69, 290.75, 11.91, 9.97, -5.05
0, 2351592, 46346, 4563, 480.69, 290.75, 11.94, 9.36, -11.00
0, 2359874, 46052, 4567, 482.25, 290.75, 9.21, 9.36, -18.15
0, 2367923, 45604, 4598, 482.00, 290.69, 10.45, 10.22, -25.01
0, 2375570, 45200, 4638, 480.37, 290.62, 10.45, 10.45, -31.41
0, 2383610, 44684, 4586, 476.06, 290.62, 10.61, 10.59, -37.99
0, 2390359, 44092, 4526, 476.06, 290.06, 10.84, 10.59, -43.37
0, 2399763, 43070, 4407, 471.19, 290.31, 11.01, 9.26, -50.62
0, 2407605, 42008, 4264, 465.19, 291.12, 11.01, 9.71, -56.40
0, 2414249, 40833, 4123, 456.75, 292.31, 10.20, 10.16, -61.09
0, 2423161, 38951, 3926, 446.06, 292.31, 10.79, 10.16, -67.06
0, 2430027, 37292, 3745, 446.06, 294.12, 10.31, 9.08, -71.38
0, 2436835, 35662, 3636, 431.44, 296.06, 6.64, 9.64, -75.42
0, 2445723, 33542, 3436, 413.62, 298.19, 6.64, 9.72, -80.28
0, 2452490, 31741, 3276, 395.25, 298.19, 6.36, 10.32, -83.66
0, 2460359, 29294, 3059, 395.25, 299.87, 6.88, 10.32, -87.22
0, 2468129, 26571, 2786, 376.87, 302.06, 6.01, 7.53, -90.34
0, 2475644, 23813, 2492, 358.44, 304.56, 6.01, 11.20, -92.96
0, 2483674, 20835, 2181, 339.87, 304.56, 9.85, 9.30, -95.31
0, 2490627, 18263, 1952, 339.87, 307.81, 13.75, 9.30, -96.97
0, 2499798, 14946, 1634, 320.87, 311.25, 16.63, 8.92, -98.61
0, 2507610, 12059, 1353, 301.00, 314.31, 16.63, 10.34, -99.52
0, 2514152, 9835, 1135, 280.12, 317.50, 17.82, 9.90, -99.91
0, 2523524, 6438, 763, 258.56, 317.50, 17.84, 9.90, -99.92
0, 2530392, 3966, 488, 258.56, 320.69, 13.69, 7.95, -99.50
0, 2537088, 1507, 217, 236.44, 324.06, 9.43, 7.06, -98.74
0, 2546340, -1767, -49, 213.94, 327.87, 9.43, 9.00, -97.14
0, 2553138, -4134, -286, 191.44, 327.87, 7.29, 9.44, -95.56
0, 2561013, -6995, -538, 191.44, 331.12, 3.12, 9.44, -93.31
0, 2570199, -10358, -882, 169.31, 334.00, 3.45, 9.44, -90.13
0, 2577038, -12813, -1146, 147.94, 337.00, 6.48, 9.19, -87.39
0, 2585086, -15722, -1451, 127.37, 337.00, 6.48, 7.79, -83.76
0, 2593109, -18503, -1702, 107.75, 340.37, 11.51, 10.13, -79.73
0, 2602270, -21404, -1971, 88.87, 343.75, 13.25, 10.13, -74.66
0, 2610522, -23926, -2225, 88.87, 346.69, 15.28, 9.85, -69.67
0, 2617929, -25883, -2423, 70.56, 349.44, 15.26, 11.10, -64.89
0, 2625429, -27637, -2587, 52.50, 349.44, 15.26, 10.22, -59.77
0, 2633539, -29252, -2772, 34.44, 352.06, 13.76, 10.22, -53.95
0, 2640813, -30406, -2986, 34.44, 354.37, 10.02, 9.93, -48.50
0, 2649464, -31524, -3090, 16.06, 356.31, 9.31, 9.72, -41.76
0, 2656415, -32253, -3159, -0.81, 358.50, 9.31, 11.40, -36.18
0, 2663663, -32854, -3218, -13.69, 358.50, 8.53, 10.29, -30.21
0, 2673573, -33423, -3276, -23.75, 359.75, 8.83, 10.29, -21.86
0, 2680563, -33590, -3294, -23.75, 360.56, 8.25, 10.07, -15.87
0, 2687163, -33584, -3301, -31.19, 361.19, 8.56, 9.75, -10.15
0, 2696388, -33564, -3303, -35.94, 361.50, 8.56, 9.26, -2.12
0, 2703395, -33506, -3304, -37.19, 361.50, 8.96, 9.81, 4.00
0, 2711217, -33329, -3305, -37.19, 361.62, 10.11, 9.81, 10.81
0, 2719907, -32965, -3305, -37.00, 361.69, 9.55, 10.10, 18.31
0, 2726673, -32768, -3309, -36.25, 361.75, 9.10, 9.85, 24.08
0, 2734535, -32647, -3304, -33.81, 361.75, 9.10, 9.20, 30.68
0, 2742347, -32405, -3283, -30.37, 361.75, 10.94, 9.20, 37.10
0, 2750594, -31904, -3235, -30.37, 361.81, 8.76, 10.11, 43.68
0, 2757411, -31280, -3174, -28.75, 361.62, 8.79, 9.84, 48.96
0, 2764307, -30473, -3096, -25.69, 361.62, 8.79, 9.92, 54.11
0, 2773752, -29085, -2961, -19.31, 361.12, 8.36, 9.92, 60.86
0, 2781059, -27765, -2835, -19.31, 360.25, 8.95, 10.03, 65.79
0, 2787402, -26398, -2701, -9.69, 359.06, 9.49, 9.96, 69.86
0, 2796244, -24350, -2490, 2.94, 357.50, 9.49, 10.49, 75.17
0, 2803417, -22656, -2297, 18.94, 357.50, 10.08, 10.05, 79.15
0, 2811527, -20443, -2042, 18.94, 355.62, 12.48, 10.05, 83.27
0, 2820558, -17507, -1714, 37.25, 353.37, 12.64, 9.27, 87.38
0, 2827145, -15033, -1495, 55.63, 350.75, 14.39, 9.12, 90.03
0, 2834971, -12268, -1237, 73.87, 350.75, 14.39, 10.78, 92.79
0, 2842822, -9497, -979, 92.12, 347.69, 16.58, 10.78, 95.13
0, 2850802, -6577, -691, 92.12, 344.62, 9.52, 10.07, 97.04
0, 2857450, -4122, -432, 110.81, 341.69, 8.38, 10.25, 98.28
0, 2864299, -1618, -181, 130.44, 341.69, 8.38, 10.10, 99.21
0, 2873842, 1852, 135, 151.00, 338.56, 6.90, 10.10, 99.91
0, 2881179, 4493, 388, 151.00, 335.19, 5.46, 7.93, 99.98
0, 2887469, 6801, 620, 172.50, 332.00, 6.65, 11.63, 99.71
0, 2895936, 9942, 921, 194.69, 332.00, 6.65, 7.94, 98.87
0, 2903587, 12564, 1177, 217.19, 328.81, 9.48, 7.94, 97.66
0, 2911839, 15317, 1483, 217.19, 325.44, 12.83, 9.09, 95.85
0, 2920235, 18391, 1813, 239.81, 322.31, 15.13, 11.90, 93.51
0, 2927052, 20925, 2053, 261.87, 319.06, 15.02, 8.44, 91.23
0, 2934900, 23819, 2341, 283.31, 319.06, 15.02, 9.15, 88.22
0, 2942754, 26652, 2615, 304.06, 315.69, 17.50, 9.15, 84.78
0, 2950469, 29427, 2891, 304.06, 312.44, 12.64, 10.28, 81.02
0, 2957164, 31615, 3110, 323.94, 309.25, 12.29, 8.53, 77.46
0, 2964192, 33754, 3333, 343.06, 309.25, 12.29, 10.33, 73.43
0, 2973961, 36711, 3601, 361.56, 306.06, 6.40, 10.33, 67.39
0, 2981663, 38949, 3809, 379.75, 303.19, 5.08, 8.78, 62.27
0, 2987944, 40563, 3961, 379.75, 300.50, 5.27, 9.04, 57.89
0, 2996364, 42499, 4154, 397.69, 300.50, 5.27, 9.60, 51.74
0, 3003961, 44085, 4315, 415.81, 298.06, 7.37, 9.60, 45.96
0, 3012057, 45596, 4469, 434.31, 295.81, 8.54, 9.23, 39.57
0, 3020592, 46970, 4594, 434.31, 293.81, 11.30, 8.49, 32.62
0, 3027192, 47750, 4674, 452.50, 291.94, 11.42, 10.26, 27.12
0, 3035082, 48302, 4743, 468.62, 291.94, 11.42, 9.27, 20.44
0, 3042891, 48579, 4776, 481.75, 290.44, 12.26, 9.27, 13.72
0, 3050649, 48625, 4786, 481.75, 289.37, 11.63, 9.46, 6.98
0, 3057157, 48601, 4794, 489.56, 288.75, 11.92, 9.83, 1.31
0, 3064203, 48573, 4796, 492.94, 288.75, 11.92, 9.75, -4.84
0, 3073748, 48423, 4802, 493.19, 288.50, 10.23, 9.75, -13.14
0, 3080615, 48179, 4804, 493.19, 288.44, 11.57, 9.38, -19.06
0, 3087195, 47831, 4831, 492.81, 288.37, 11.16, 9.41, -24.66
0, 3095061, 47348, 4837, 491.37, 288.37, 11.16, 9.71, -31.25
0, 3102886, 46682, 4771, 487.75, 288.37, 10.72, 9.71, -37.66
0, 3110664, 45844, 4694, 487.75, 288.00, 11.15, 10.80, -43.86
0, 3116616, 45086, 4631, 482.50, 288.31, 11.60, 9.55, -48.47
0, 3125396, 43800, 4494, 475.00, 288.31, 11.60, 9.56, -55.03
0, 3133379, 42502, 4334, 465.06, 289.19, 11.03, 9.56, -60.71
0, 3140135, 41214, 4166, 465.06, 290.25, 10.64, 9.49, -65.29
0, 3148107, 39401, 3973, 452.87, 291.81, 10.10, 9.27, -70.40
0, 3155137, 37588, 3788, 439.00, 291.81, 10.10, 10.04, -74.62
0, 3162992, 35470, 3629, 422.19, 293.94, 7.55, 10.04, -79.01
0, 3171704, 33213, 3414, 403.87, 296.19, 8.17, 8.70, -83.44
0, 3177971, 31428, 3262, 403.87, 298.44, 5.74, 9.92, -86.33
0, 3185505, 29040, 3036, 385.69, 298.44, 5.74, 8.33, -89.46
0, 3193864, 26042, 2734, 367.31, 300.37, 4.85, 8.33, -92.48
0, 3201604, 23243, 2437, 367.31, 302.62, 6.77, 10.44, -94.84
0, 3208438, 20717, 2171, 348.87, 305.50, 10.38, 8.85, -96.56
0, 3215431, 18152, 1943, 330.19, 305.50, 16.10, 9.24, -97.97
0, 3224457, 14837, 1621, 310.75, 308.81, 16.10, 9.24, -99.24
0, 3232577, 11876, 1329, 290.37, 312.25, 16.75, 9.19, -99.86
0, 3239138, 9582, 1096, 290.37, 315.25, 17.18, 9.88, -100.00
0, 3246532, 6934, 833, 269.12, 315.25, 17.10, 9.90, -99.76
0, 3254346, 4113, 500, 247.19, 318.44, 17.10, 9.90, -99.05
0, 3262257, 1215, 194, 224.87, 321.62, 13.50, 8.37, -97.87
0, 3269574, -1350, -4, 224.87, 325.06, 9.47, 8.83, -96.36
0, 3276976, -3918, -269, 202.37, 328.75, 7.24, 11.76, -94.43
0, 3285047, -6779, -516, 180.00, 328.75, 7.24, 11.76, -91.88
0, 3293089, -9728, -835, 158.25, 331.81, 3.81, 9.25, -88.89
0, 3299972, -12219, -1088, 158.25, 334.62, 4.53, 8.98, -85.97
0, 3306560, -14576, -1345, 137.31, 334.62, 6.61, 11.92, -82.90
0, 3314494, -17361, -1596, 117.19, 337.75, 6.61, 8.40, -78.83
0, 3323761, -20337, -1881, 97.94, 341.12, 13.61, 8.40, -73.60
0, 3330777, -22469, -2070, 97.94, 344.50, 14.29, 9.71, -69.31
0, 3337235, -24334, -2265, 79.37, 347.31, 14.69, 10.21, -65.14
0, 3345339, -26310, -2469, 61.25, 347.31, 14.69, 10.21, -59.62
0, 3353530, -28103, -2638, 43.19, 350.00, 13.04, 9.02, -53.73
0, 3360969, -29440, -2804, 43.19, 352.56, 11.77, 9.59, -48.14
0, 3367592, -30415, -2988, 25.00, 354.75, 10.10, 9.95, -42.99
0, 3375870, -31423, -3080, 6.69, 354.75, 10.10, 7.12, -36.36
0, 3383975, -32196, -3155, -8.38, 356.69, 9.36, 7.12, -29.68
0, 3391675, -32737, -3206, -20.06, 358.81, 8.83, 12.25, -23.20
0, 3398591, -33041, -3238, -20.06, 359.94, 9.16, 10.77, -17.29
0, 3405739, -33138, -3248, -29.00, 359.94, 9.16, 9.31, -11.11
0, 3413918, -33125, -3254, -35.13, 360.62, 8.13, 9.31, -4.00
0, 3423152, -33077, -3260, -38.00, 361.12, 9.40, 10.82, 4.06
0, 3429935, -32984, -3263, -38.00, 361.25, 9.85, 9.73, 9.97
0, 3436905, -32773, -3263, -38.19, 361.25, 10.08, 10.27, 16.00
0, 3445421, -32385, -3267, -37.75, 361.25, 10.08, 10.27, 23.29
0, 3453461, -32236, -3262, -36.25, 361.31, 9.08, 8.85, 30.05
0, 3460410, -32045, -3244, -36.25, 361.37, 13.11, 9.73, 35.78
0, 3467117, -31681, -3210, -32.75, 361.44, 9.75, 10.11, 41.18
0, 3476102, -30939, -3138, -30.37, 361.44, 7.92, 10.14, 48.20
0, 3484209, -30024, -3051, -27.56, 361.37, 7.92, 10.14, 54.27
0, 3491811, -28943, -2948, -21.50, 360.94, 8.87, 9.93, 59.73
0, 3498033, -27844, -2843, -21.50, 360.94, 9.00, 9.89, 63.99
0, 3505594, -26251, -2686, -12.50, 360.19, 9.00, 9.89, 68.92
0, 3513771, -24418, -2499, -0.37, 359.06, 8.83, 10.52, 73.91
0, 3522085, -22485, -2275, 15.69, 357.62, 11.85, 9.79, 78.60
0, 3529038, -20631, -2058, 15.69, 357.62, 12.62, 10.26, 82.21
0, 3536126, -18427, -1836, 33.94, 355.81, 12.63, 8.85, 85.57
0, 3544510, -15369, -1528, 52.38, 353.69, 12.63, 8.85, 89.13
0, 3552138, -12663, -1277, 70.62, 351.12, 14.32, 8.79, 91.95
0, 3558512, -10428, -1073, 70.62, 351.12, 12.87, 10.82, 93.99
0, 3566103, -7637, -795, 88.75, 348.19, 10.21, 10.30, 96.05
0, 3575969, -4031, -420, 107.37, 345.31, 10.21, 10.30, 98.09
0, 3584230, -1003, -120, 126.87, 342.19, 8.70, 10.17, 99.23
0, 3591897, 1783, 129, 147.31, 338.81, 2.66, 9.75, 99.84
0, 3598381, 4107, 352, 147.31, 338.81, 5.51, 7.67, 100.00
0, 3606028, 6922, 632, 168.62, 335.62, 5.51, 7.67, 99.78
0, 3614317, 9981, 924, 190.69, 332.44, 5.67, 7.98, 99.04
0, 3623703, 13170, 1258, 213.19, 329.06, 10.16, 10.31, 97.57
0, 3630656, 15499, 1505, 213.19, 325.94, 15.41, 8.86, 96.07
0, 3637502, 17956, 1755, 235.75, 325.94, 15.24, 7.97, 94.23
0, 3645902, 21033, 2060, 257.94, 322.75, 15.24, 7.97, 91.53
0, 3653944, 23995, 2353, 279.50, 319.44, 15.17, 9.23, 88.48
0, 3660599, 26451, 2598, 279.50, 316.12, 16.23, 9.87, 85.62
0, 3667365, 28872, 2841, 300.37, 316.12, 14.39, 11.19, 82.42
0, 3676621, 31839, 3128, 320.44, 313.00, 12.75, 11.19, 77.58
0, 3684651, 33980, 3346, 339.62, 309.81, 12.75, 10.10, 72.97
0, 3692463, 35819, 3518, 358.19, 306.94, 4.59, 9.01, 68.14
0, 3698329, 37118, 3633, 358.19, 306.94, 5.28, 9.77, 64.31
0, 3706231, 38773, 3785, 376.56, 304.50, 5.28, 9.77, 58.88
0, 3714074, 40277, 3932, 394.87, 302.62, 6.22, 9.79, 53.21
0, 3722454, 41732, 4074, 413.12, 300.94, 7.65, 9.69, 46.88
0, 3729811, 42839, 4187, 413.12, 300.94, 8.82, 9.42, 41.11
0, 3736847, 43756, 4282, 429.87, 299.31, 10.31, 9.42, 35.44
0, 3745129, 44631, 4372, 444.81, 297.81, 10.31, 9.55, 28.59
0, 3752548, 45253, 4436, 457.56, 296.56, 10.33, 9.61, 22.33
0, 3758648, 45618, 4472, 457.56, 296.56, 10.99, 9.39, 17.11
0, 3766656, 45871, 4495, 467.94, 295.50, 11.91, 9.79, 10.18
0, 3776644, 45905, 4502, 475.75, 294.81, 11.61, 9.79, 1.48
0, 3784689, 45863, 4510, 480.50, 294.44, 11.61, 9.64, -5.54
0, 3792498, 45748, 4511, 482.00, 294.37, 10.15, 9.65, -12.33
0, 3798414, 45521, 4512, 482.00, 294.37, 10.94, 9.18, -17.44
0, 3806482, 45073, 4550, 481.69, 294.25, 10.94, 9.18, -24.32
0, 3814968, 44681, 4585, 480.50, 294.25, 10.76, 9.41, -31.44
0, 3824652, 44060, 4521, 476.62, 293.94, 10.92, 8.87, -39.34
0, 3832507, 43402, 4447, 472.25, 293.69, 11.34, 9.71, -45.55
0, 3839471, 42644, 4350, 472.25, 293.69, 10.59, 9.48, -50.87
0, 3846675, 41629, 4215, 467.19, 294.31, 10.59, 9.48, -56.18
0, 3854800, 40145, 4050, 460.19, 295.37, 10.90, 10.34, -61.91
0, 3861455, 38721, 3904, 460.19, 297.00, 10.89, 9.28, -66.36
0, 3870489, 36553, 3684, 450.37, 298.87, 9.19, 9.55, -72.05
0, 3879069, 34610, 3544, 436.56, 298.87, 7.66, 9.09, -77.04
0, 3886031, 32943, 3377, 419.31, 301.06, 6.79, 9.09, -80.77
0, 3894262, 30648, 3188, 400.94, 302.69, 6.79, 10.26, -84.79
0, 3900586, 28619, 2987, 400.94, 304.69, 5.73, 8.41, -87.59
0, 3907634, 26089, 2742, 382.50, 304.69, 4.00, 8.41, -90.39
0, 3915852, 23077, 2419, 364.12, 306.87, 8.25, 10.41, -93.22
0, 3925573, 19488, 2071, 345.62, 309.87, 8.25, 9.33, -95.96
0, 3933658, 16562, 1785, 326.87, 313.25, 14.17, 9.26, -97.70
0, 3941060, 13845, 1533, 326.87, 316.50, 16.81, 10.89, -98.87
0, 3947776, 11385, 1280, 307.25, 316.50, 15.72, 10.89, -99.58
0, 3955994, 8517, 998, 286.69, 319.50, 15.72, 8.76, -99.98
0, 3963415, 5868, 682, 265.25, 322.69, 11.95, 9.25, -99.90
0, 3971817, 2836, 356, 243.31, 325.81, 14.56, 8.88, -99.30
0, 3980151, -167, 72, 243.31, 325.81, 11.22, 10.02, -98.18
0, 3987148, -2594, -138, 220.87, 329.50, 9.22, 10.02, -96.84
0, 3994969, -5266, -372, 198.37, 333.12, 9.22, 11.70, -94.91
0, 4001647, -7529, -610, 198.37, 336.00, 2.79, 7.90, -92.91
0, 4008652, -9994, -854, 176.12, 336.00, 4.60, 10.20, -90.48
0, 4016643, -12925, -1161, 154.50, 338.87, 5.65, 8.72, -87.29
0, 4026608, -16594, -1524, 133.75, 342.06, 10.73, 8.72, -82.72
0, 4034437, -19346, -1783, 113.81, 345.44, 10.73, 9.42, -78.69
0, 4042294, -21981, -2023, 94.75, 348.87, 13.74, 10.86, -74.27
0, 4048182, -23934, -2228, 94.75, 348.87, 14.33, 10.54, -70.73
0, 4056461, -26285, -2467, 76.44, 351.75, 14.33, 10.54, -65.44
0, 4064352, -28259, -2655, 58.38, 354.62, 14.95, 10.57, -60.08
0, 4073210, -30109, -2921, 40.50, 357.31, 12.67, 10.00, -53.73
0, 4081888, -31646, -3093, 22.31, 357.31, 11.18, 9.08, -47.19
0, 4088759, -32694, -3197, 22.31, 359.44, 10.02, 9.08, -41.82
0, 4096271, -33674, -3300, 4.12, 361.94, 10.02, 8.54, -35.78
0, 4103053, -34379, -3374, -11.56, 363.50, 8.67, 8.96, -30.19
0, 4109686, -34909, -3431, -11.56, 363.50, 8.73, 10.95, -24.62
0, 4117560, -35329, -3473, -24.69, 364.69, 8.26, 8.53, -17.91
0, 4127005, -35550, -3490, -35.00, 365.62, 9.71, 8.53, -9.74
0, 4134828, -35542, -3495, -42.13, 366.31, 9.71, 11.34, -2.93
0, 4142680, -35507, -3496, -46.13, 366.69, 8.51, 9.36, 3.93
0, 4148565, -35463, -3498, -46.13, 366.69, 9.87, 10.39, 9.05
0, 4156840, -35249, -3498, -47.06, 366.81, 9.87, 10.39, 16.22
0, 4164774, -34822, -3501, -46.75, 366.87, 10.24, 9.22, 23.01
0, 4173587, -34586, -3492, -45.75, 366.87, 8.38, 9.87, 30.42
0, 4182383, -34339, -3471, -42.44, 366.94, 10.78, 9.80, 37.64
0, 4190248, -33942, -3432, -42.44, 366.94, 11.41, 10.16, 43.91
0, 4198584, -33229, -3362, -38.88, 366.81, 8.96, 10.16, 50.32
0, 4206953, -32269, -3275, -36.56, 366.50, 8.96, 10.44, 56.50
0, 4214544, -31189, -3169, -32.06, 365.94, 7.92, 9.13, 61.84
0, 4223636, -29579, -3011, -24.06, 365.00, 8.98, 10.43, 67.88
0, 4232457, -27643, -2823, -13.25, 365.00, 8.32, 9.39, 73.32
0, 4239406, -25832, -2648, -13.25, 363.75, 9.52, 9.39, 77.31
0, 4246651, -23913, -2435, 0.81, 362.19, 9.52, 10.29, 81.17
0, 4253474, -22107, -2231, 18.06, 360.19, 11.51, 10.27, 84.50
0, 4260183, -20115, -2014, 18.06, 360.19, 13.53, 9.88, 87.49
0, 4269044, -17098, -1673, 36.31, 357.87, 13.79, 10.52, 90.97
0, 4278868, -13534, -1357, 54.56, 355.12, 16.56, 10.52, 94.19
0, 4285941, -10974, -1115, 72.69, 352.19, 13.61, 8.63, 96.08
0, 4294192, -7944, -823, 90.87, 348.87, 13.61, 10.60, 97.83
0, 4300060, -5811, -614, 90.87, 348.87, 9.98, 11.15, 98.76
0, 4307889, -2928, -311, 109.56, 345.94, 4.62, 11.15, 99.60
0, 4315604, -121, -54, 129.12, 342.87, 4.62, 8.13, 99.98
0, 4324499, 3106, 261, 149.62, 339.56, 3.65, 8.55, 99.84
0, 4333116, 6277, 565, 171.06, 339.56, 3.15, 9.29, 99.14
0, 4340081, 8833, 824, 171.06, 336.25, 7.77, 9.29, 98.16
0, 4347469, 11453, 1046, 193.19, 333.12, 7.77, 10.82, 96.73
0, 4354999, 14055, 1343, 215.75, 329.75, 11.31, 8.85, 94.86
0, 4361119, 16210, 1581, 215.75, 329.75, 14.59, 11.92, 93.03
0, 4369939, 19484, 1922, 238.31, 326.56, 15.76, 9.48, 89.93
0, 4380003, 23213, 2278, 260.50, 323.37, 16.03, 9.48, 85.75
0, 4386994, 25769, 2534, 282.06, 319.94, 16.29, 10.68, 82.45
0, 4394826, 28612, 2818, 302.87, 316.56, 16.29, 11.00, 78.39
0, 4400728, 30576, 3008, 302.87, 316.56, 11.95, 8.04, 75.09
0, 4408563, 32938, 3251, 322.87, 313.44, 8.14, 8.04, 70.40
0, 4416335, 35154, 3472, 342.00, 310.19, 5.92, 9.50, 65.42
0, 4426195, 37785, 3701, 360.56, 307.31, 5.35, 9.12, 58.68
0, 4434146, 39606, 3876, 378.81, 304.62, 5.35, 9.97, 52.92
0, 4441876, 41136, 4017, 396.94, 304.62, 7.08, 10.02, 47.08
0, 4448012, 42196, 4122, 396.94, 302.37, 7.33, 10.02, 42.29
0, 4455667, 43355, 4240, 415.19, 300.37, 7.33, 9.65, 36.14
0, 4461893, 44191, 4327, 432.87, 300.37, 9.80, 9.51, 31.02
0, 4470511, 45118, 4423, 432.87, 298.69, 10.65, 9.28, 23.79
0, 4480452, 45904, 4498, 447.50, 297.19, 11.46, 9.28, 15.28
0, 4487047, 46206, 4527, 459.87, 295.94, 11.14, 9.49, 9.57
0, 4494914, 46282, 4537, 469.62, 294.94, 11.14, 9.95, 2.71
0, 4500853, 46256, 4544, 469.62, 294.94, 12.42, 9.74, -2.47
0, 4508911, 46206, 4550, 476.69, 294.37, 10.93, 9.74, -9.49
0, 4516649, 46026, 4551, 480.00, 294.12, 10.03, 9.92, -16.19
0, 4526490, 45511, 4575, 480.06, 294.06, 11.72, 9.10, -24.60
0, 4534298, 45140, 4632, 479.31, 294.00, 11.72, 9.53, -31.14
0, 4542130, 44663, 4585, 476.37, 294.00, 9.09, 9.53, -37.56
0, 4548245, 44154, 4533, 476.37, 293.94, 11.04, 9.81, -42.46
0, 4555674, 43379, 4445, 471.81, 293.37, 11.04, 9.64, -48.23
0, 4561770, 42617, 4347, 466.87, 293.37, 11.51, 9.73, -52.83
0, 4570726, 41182, 4161, 466.87, 293.75, 10.70, 9.85, -59.30
0, 4580651, 39174, 3948, 459.56, 294.62, 10.59, 9.85, -66.04
0, 4587100, 37638, 3786, 449.69, 296.06, 9.90, 9.27, -70.16
0, 4595190, 35665, 3637, 436.50, 297.94, 9.90, 8.82, -75.02
0, 4600901, 34327, 3516, 436.50, 297.94, 8.14, 9.37, -78.22
0, 4608965, 32278, 3321, 419.69, 299.94, 6.13, 9.37, -82.41
0, 4616682, 29998, 3130, 401.44, 302.00, 6.32, 10.78, -86.04
0, 4626548, 26622, 2790, 383.06, 303.81, 4.13, 8.94, -90.10
0, 4634368, 23747, 2483, 364.62, 305.94, 4.13, 10.34, -92.85
0, 4642249, 20816, 2180, 346.12, 305.94, 11.29, 10.34, -95.18
0, 4648403, 18580, 1985, 346.12, 308.69, 12.98, 9.42, -96.69
0, 4655743, 15971, 1723, 327.37, 312.00, 12.98, 9.83, -98.13
0, 4662041, 13642, 1513, 307.75, 312.00, 16.62, 8.89, -99.04
0, 4670957, 10449, 1194, 307.75, 315.37, 18.36, 10.43, -99.81
0, 4680406, 7038, 852, 287.19, 318.37, 17.37, 10.43, -99.98
0, 4687007, 4664, 549, 265.81, 321.50, 14.74, 9.31, -99.69
0, 4694863, 1784, 244, 243.81, 324.75, 14.74, 8.39, -98.91
0, 4700655, -278, 59, 243.81, 324.75, 13.71, 8.39, -98.04
0, 4708680, -3006, -186, 221.37, 328.19, 5.41, 9.04, -96.42
0, 4715834, -5505, -389, 198.87, 332.00, 5.41, 11.33, -94.58
0, 4724888, -8823, -753, 176.62, 335.06, 3.91, 9.09, -91.72
0, 4733490, -11979, -1063, 155.00, 335.06, 4.35, 9.11, -88.47
0, 4740472, -14545, -1340, 155.00, 337.94, 7.19, 9.11, -85.47
0, 4747261, -16945, -1556, 134.19, 341.12, 7.19, 10.67, -82.24
0, 4754158, -19227, -1771, 114.25, 344.44, 10.70, 8.19, -78.67
0, 4760986, -21366, -1969, 114.25, 344.44, 14.41, 9.81, -74.85
0, 4770218, -24083, -2240, 95.19, 347.94, 15.01, 9.77, -69.27
0, 4780103, -26621, -2500, 76.75, 350.69, 14.61, 9.77, -62.79
0, 4786806, -28174, -2646, 58.69, 353.12, 13.32, 8.99, -58.13
0, 4794654, -29660, -2839, 40.63, 353.12, 13.32, 10.21, -52.43
0, 4800608, -30629, -3010, 40.63, 355.62, 12.51, 10.21, -47.93
0, 4808217, -31684, -3107, 22.37, 357.75, 12.51, 8.70, -42.00
0, 4814884, -32455, -3178, 4.25, 360.06, 9.29, 13.03, -36.65
0, 4824420, -33350, -3266, -10.75, 361.25, 9.83, 8.76, -28.78
0, 4833303, -33923, -3327, -22.69, 361.25, 8.15, 9.88, -21.28
0, 4840206, -34164, -3352, -22.69, 362.19, 8.01, 9.88, -15.35
0, 4847091, -34213, -3361, -32.13, 362.87, 8.01, 10.26, -9.39
0, 4853893, -34194, -3363, -39.19, 362.87, 8.90, 10.19, -3.47
0, 4861058, -34171, -3364, -39.19, 363.19, 8.30, 9.77, 2.79
0, 4870228, -34049, -3366, -43.06, 363.25, 10.23, 9.78, 10.77
0, 4879901, -33686, -3366, -43.75, 363.31, 9.07, 9.78, 19.12
0, 4886747, -33394, -3367, -43.50, 363.37, 8.50, 8.60, 24.95
0, 4894618, -33236, -3357, -42.44, 363.37, 8.50, 10.44, 31.54
0, 4900331, -33080, -3345, -42.44, 363.37, 10.64, 10.44, 36.23
0, 4908048, -32674, -3310, -39.31, 363.37, 10.64, 10.49, 42.43
0, 4914876, -32170, -3262, -36.00, 363.19, 8.98, 9.44, 47.74
0, 4924149, -31198, -3167, -33.88, 362.69, 9.01, 10.37, 54.69
0, 4933017, -29995, -3050, -29.25, 362.69, 8.38, 10.37, 61.01
0, 4939802, -28863, -2942, -29.25, 361.87, 8.33, 10.31, 65.59
0, 4946860, -27412, -2800, -21.81, 360.75, 8.33, 9.50, 70.11
0, 4953230, -25930, -2658, -11.38, 360.75, 9.13, 10.12, 73.97
0, 4960996, -24094, -2458, -11.38, 359.25, 9.79, 10.04, 78.36
0, 4970029, -21876, -2198, 2.12, 357.31, 11.42, 10.04, 83.01
0, 4979865, -18983, -1911, 19.44, 355.19, 12.67, 9.51, 87.49
0, 4986689, -16610, -1635, 37.81, 352.62, 13.47, 8.93, 90.21
0, 4994607, -13740, -1373, 56.19, 352.62, 13.47, 10.44, 92.98
0, 5000320, -11674, -1178, 56.19, 349.81, 17.07, 10.44, 94.70
