********************************************************************************
Obsolete PIO Core v6.1.11 is used (previous was 6.1.14)
Please remove multiple PIO Cores from a system:
https://docs.platformio.org/en/latest/core/installation/troubleshooting.html
********************************************************************************
--- Terminal on /dev/cu.usbmodem14303 | 230400 8-N-1
--- Available filters and text transformations: colorize, debug, default, direct, hexlify, log2file, nocontrol, printable, send_on_enter, time
--- More details at https://bit.ly/pio-monitor-filters
--- Quit: Ctrl+C | Menu: Ctrl+T | Help: Ctrl+T followed by Ctrl+H
start
pain
Waiting for ODrive...
pin
found ODrive
DC voltage: 23.98
Enabling closed loop control...
ODrive running!
end time:5000000
0, 32, -393216, -1, 96.00, -8.56, 10.78, 2.05, 100.00
0, 9917, 2502, 140, 96.19, -8.56, 10.78, 3.65, 99.63
0, 15622, 4538, 340, 96.00, -8.56, 12.83, 3.65, 99.07
0, 21533, 6684, 553, 96.00, -8.69, 12.83, 8.13, 98.24
0, 27421, 8874, 774, 98.75, -11.13, 5.95, 9.90, 97.15
0, 34646, 11457, 1000, 98.75, -11.13, 10.06, 9.48, 95.46
0, 44069, 14619, 1345, 119.00, -14.50, 11.19, 9.07, 92.69
0, 53735, 17893, 1680, 139.62, -17.62, 18.10, 10.06, 89.20
0, 62771, 21227, 2030, 159.44, -20.87, 14.34, 10.06, 85.36
0, 68703, 23340, 2236, 178.50, -24.06, 14.34, 10.48, 82.54
0, 74406, 25372, 2437, 178.50, -24.06, 17.06, 10.48, 79.63
0, 80280, 27392, 2638, 197.00, -27.37, 14.42, 9.42, 76.43
0, 90091, 30430, 2931, 214.81, -30.44, 10.67, 9.35, 70.63
0, 99959, 33040, 3204, 232.44, -33.44, 6.36, 10.23, 64.28
0, 109605, 35376, 3439, 250.19, -36.06, 6.36, 9.87, 57.61
0, 115788, 36785, 3560, 268.31, -36.06, 6.84, 9.87, 53.11
0, 121701, 37989, 3668, 268.31, -38.44, 6.79, 9.04, 48.67
0, 127479, 38977, 3757, 287.00, -38.44, 6.79, 9.97, 44.20
0, 135181, 39947, 3854, 306.19, -40.44, 7.10, 9.55, 38.07
0, 144344, 40813, 3931, 306.19, -42.13, 8.95, 9.68, 30.56
0, 153864, 41348, 3983, 324.37, -43.38, 10.30, 9.59, 22.55
0, 162794, 41477, 3997, 337.69, -44.25, 10.72, 9.59, 14.90
0, 168681, 41463, 3999, 346.94, -44.75, 10.72, 9.48, 9.80
0, 174384, 41452, 4000, 346.94, -44.75, 11.03, 9.48, 4.83
0, 180493, 41431, 4001, 352.56, -44.94, 9.81, 9.58, -0.50
0, 190224, 41330, 4006, 354.12, -45.00, 9.95, 9.43, -8.98
0, 199919, 41020, 4006, 353.94, -45.00, 10.58, 9.72, -17.37
0, 209199, 40581, 4027, 353.50, -45.00, 10.58, 9.46, -25.28
0, 215845, 40361, 4008, 352.12, -45.00, 10.47, 9.46, -30.85
0, 221546, 40066, 3979, 352.12, -45.06, 9.74, 9.21, -35.55
0, 227466, 39610, 3935, 348.25, -45.06, 9.74, 10.32, -40.33
0, 235117, 38755, 3846, 344.56, -45.13, 10.47, 9.65, -46.35
0, 244260, 37485, 3714, 344.56, -44.69, 9.94, 9.64, -53.26
0, 253954, 36101, 3618, 339.81, -43.81, 8.17, 9.18, -60.23
0, 263132, 34592, 3488, 331.12, -42.56, 8.99, 9.18, -66.42
0, 269011, 33486, 3376, 319.12, -41.63, 8.99, 10.06, -70.17
0, 274714, 32241, 3270, 319.12, -41.63, 7.93, 10.06, -73.63
0, 280716, 30725, 3143, 306.44, -40.38, 7.71, 9.66, -77.07
0, 290403, 27901, 2862, 292.19, -38.69, 4.60, 8.51, -82.18
0, 299654, 24729, 2539, 275.37, -36.75, 8.34, 10.76, -86.51
0, 308844, 21339, 2180, 257.00, -34.06, 8.34, 9.19, -90.25
0, 315609, 18913, 1965, 257.00, -34.06, 10.14, 9.19, -92.64
0, 321312, 16846, 1759, 239.06, -30.81, 10.14, 9.13, -94.40
0, 327200, 14655, 1556, 221.62, -30.81, 16.82, 10.30, -95.97
0, 333973, 12148, 1303, 221.62, -27.56, 16.22, 9.43, -97.46
0, 343694, 8726, 972, 204.00, -24.50, 17.35, 8.97, -99.01
0, 353409, 5259, 556, 185.94, -21.25, 15.15, 8.97, -99.84
0, 362458, 1946, 206, 167.25, -18.06, 12.13, 7.97, -99.97
0, 368164, -119, 31, 147.69, -18.06, 12.13, 9.63, -99.74
0, 373871, -2100, -145, 147.69, -14.38, 8.93, 9.63, -99.25
0, 379579, -4105, -326, 127.19, -10.69, 5.57, 10.53, -98.52
0, 388714, -7455, -653, 105.69, -7.81, 5.57, 9.29, -96.84
0, 397854, -10795, -974, 83.56, -4.94, 3.81, 9.55, -94.54
0, 406729, -14052, -1338, 61.00, -4.94, 6.30, 11.68, -91.74
0, 414811, -16936, -1604, 61.00, -1.56, 9.73, 11.68, -88.70
0, 420749, -19026, -1806, 38.25, 1.75, 9.73, 10.55, -86.19
0, 426876, -21217, -2007, 15.88, 1.75, 14.71, 9.94, -83.36
0, 433745, -23676, -2254, 15.88, 5.00, 14.38, 9.94, -79.90
0, 443584, -26808, -2567, -5.87, 7.87, 17.51, 10.75, -74.44
0, 453270, -29447, -2862, -26.69, 10.88, 15.88, 8.94, -68.54
0, 462044, -31494, -3128, -46.63, 13.75, 15.88, 9.36, -62.76
0, 467766, -32728, -3257, -65.87, 13.75, 10.33, 9.36, -58.80
0, 473715, -33916, -3380, -65.87, 16.56, 9.46, 6.20, -54.52
0, 479453, -34967, -3490, -84.69, 19.37, 9.46, 11.98, -50.25
0, 487520, -36277, -3589, -103.25, 21.25, 9.93, 10.85, -44.05
0, 496730, -37481, -3684, -120.81, 21.25, 8.93, 10.21, -36.69
0, 506389, -38472, -3784, -135.75, 22.94, 7.04, 9.32, -28.73
0, 514313, -39046, -3844, -135.75, 24.00, 9.00, 9.32, -22.04
0, 520013, -39300, -3869, -148.12, 24.00, 9.00, 9.74, -17.16
0, 525828, -39406, -3878, -157.69, 25.00, 9.00, 9.74, -12.14
0, 531676, -39387, -3889, -157.69, 25.81, 9.37, 10.35, -7.05
0, 540054, -39355, -3894, -164.69, 26.25, 9.42, 10.07, 0.25
0, 549486, -39295, -3897, -168.25, 26.37, 9.44, 10.04, 8.48
0, 558972, -39028, -3896, -168.50, 26.50, 9.44, 9.66, 16.69
0, 566255, -38619, -3911, -168.19, 26.50, 10.10, 9.66, 22.92
0, 571961, -38419, -3896, -168.19, 26.50, 9.43, 9.91, 27.74
0, 577913, -38180, -3874, -167.19, 26.50, 9.43, 9.29, 32.69
0, 585652, -37699, -3826, -163.81, 26.50, 10.38, 10.96, 39.00
0, 594440, -36866, -3749, -163.81, 26.56, 9.20, 10.96, 45.94
0, 603907, -35758, -3652, -160.06, 26.12, 8.76, 10.35, 53.12
0, 612980, -34538, -3543, -155.94, 25.37, 8.61, 9.54, 59.66
0, 618916, -33635, -3458, -148.81, 25.37, 8.61, 10.00, 63.73
0, 624622, -32666, -3363, -148.81, 24.50, 8.70, 10.00, 67.49
0, 630320, -31597, -3263, -139.25, 23.44, 8.50, 9.80, 71.08
0, 638884, -29763, -3082, -128.19, 22.12, 8.50, 9.77, 76.13
0, 647521, -27566, -2869, -115.06, 22.12, 8.39, 10.17, 80.80
0, 657437, -24621, -2588, -99.31, 20.50, 9.06, 9.82, 85.59
0, 665272, -22366, -2325, -99.31, 18.50, 12.36, 9.82, 88.93
0, 671201, -20530, -2098, -81.06, 16.12, 12.36, 10.01, 91.17
0, 677128, -18436, -1912, -62.25, 16.12, 14.90, 10.01, 93.18
0, 683916, -15912, -1608, -62.25, 13.44, 13.80, 8.87, 95.16
0, 692913, -12664, -1316, -42.88, 10.31, 16.21, 9.77, 97.28
0, 700766, -9865, -1070, -22.81, 6.81, 13.02, 10.52, 98.64
0, 710303, -6374, -728, -2.00, 3.81, 13.02, 8.01, 99.66
0, 717281, -3820, -461, 19.69, 3.81, 11.21, 8.01, 99.98
0, 722986, -1749, -246, 19.69, 0.88, 7.32, 11.49, 99.96
0, 728695, 399, -51, 42.00, 0.88, 7.32, 6.99, 99.69
0, 736472, 3184, 209, 64.69, -2.31, 2.36, 6.99, 98.93
0, 745127, 6367, 523, 64.69, -5.75, 4.53, 9.02, 97.54
0, 754488, 9806, 870, 87.25, -8.81, 5.38, 8.50, 95.42
0, 763308, 12980, 1172, 109.25, -12.06, 13.05, 10.70, 92.83
0, 769367, 14971, 1386, 130.50, -12.06, 13.05, 10.70, 90.74
0, 775263, 16975, 1588, 130.50, -15.44, 13.35, 10.90, 88.46
0, 781229, 19123, 1832, 150.87, -18.62, 17.92, 9.04, 85.91
0, 789808, 22283, 2127, 170.31, -21.87, 17.01, 10.16, 81.84
0, 798573, 25499, 2451, 189.12, -21.87, 17.01, 9.60, 77.20
0, 807909, 28761, 2775, 207.25, -25.19, 17.17, 8.23, 71.77
0, 815851, 31177, 3013, 224.87, -28.37, 13.13, 8.23, 66.78
0, 821585, 32712, 3169, 224.87, -28.37, 13.13, 11.22, 62.97
0, 827580, 34186, 3321, 242.50, -31.56, 10.60, 11.22, 58.82
0, 834338, 35766, 3476, 242.50, -34.50, 6.52, 9.62, 53.95
0, 843203, 37637, 3634, 260.31, -37.13, 6.08, 8.74, 47.28
0, 850918, 39004, 3760, 278.75, -39.38, 6.84, 9.69, 41.24
0, 860440, 40218, 3879, 297.69, -41.19, 6.84, 9.29, 33.53
0, 867915, 40962, 3946, 316.62, -41.19, 8.63, 9.29, 27.31
0, 873627, 41351, 3983, 316.62, -42.63, 9.74, 10.03, 22.49
0, 879858, 41589, 4006, 332.44, -42.63, 9.74, 9.58, 17.15
0, 887991, 41638, 4014, 343.81, -43.75, 10.73, 9.70, 10.12
0, 897749, 41627, 4015, 351.75, -44.56, 11.03, 9.50, 1.62
0, 907879, 41591, 4018, 355.19, -44.94, 9.79, 9.49, -7.22
0, 916231, 41445, 4019, 355.37, -45.00, 10.13, 9.49, -14.46
0, 921942, 41169, 4019, 355.37, -45.00, 10.13, 9.26, -19.38
0, 928007, 40803, 4046, 355.19, -45.00, 9.47, 9.26, -24.54
0, 935836, 40504, 4018, 354.50, -45.06, 10.34, 9.38, -31.11
0, 944745, 40004, 3969, 354.50, -45.06, 10.13, 9.02, -38.40
0, 952282, 39330, 3907, 350.87, -45.25, 10.18, 9.46, -44.39
0, 960917, 38206, 3779, 346.12, -45.25, 10.18, 8.98, -51.01
0, 968300, 37131, 3695, 341.62, -44.88, 10.49, 8.98, -56.44
0, 974007, 36289, 3629, 341.62, -44.19, 9.08, 10.04, -60.48
0, 980124, 35274, 3555, 333.94, -44.19, 8.59, 9.88, -64.65
0, 988295, 33764, 3403, 322.25, -43.00, 8.59, 10.11, -69.92
0, 997666, 31723, 3224, 309.25, -41.94, 8.19, 10.11, -75.53
0, 1006506, 29369, 3007, 294.81, -40.81, 7.24, 9.68, -80.36
0, 1013945, 27082, 2783, 294.81, -39.19, 5.19, 10.78, -84.05
0, 1020287, 24835, 2554, 278.19, -39.19, 5.19, 10.78, -86.92
0, 1026241, 22640, 2312, 278.19, -37.38, 7.72, 9.33, -89.37
0, 1031950, 20515, 2105, 259.87, -34.94, 12.58, 9.55, -91.50
0, 1039602, 17733, 1852, 241.75, -34.94, 17.13, 8.98, -93.99
0, 1048431, 14478, 1538, 224.31, -31.87, 17.13, 9.67, -96.34
0, 1058112, 11031, 1196, 206.81, -28.50, 16.44, 9.67, -98.26
0, 1066442, 8034, 909, 206.81, -25.44, 16.84, 10.69, -99.35
0, 1072152, 6003, 638, 188.87, -25.44, 14.80, 10.14, -99.79
0, 1078371, 3747, 403, 170.25, -22.25, 14.80, 10.14, -99.99
0, 1086261, 847, 104, 150.87, -19.06, 13.27, 9.03, -99.83
0, 1093053, -1558, -85, 150.87, -15.56, 8.65, 9.12, -99.30
0, 1100440, -4166, -332, 130.50, -11.81, 2.80, 11.86, -98.34
0, 1109640, -7538, -665, 109.19, -11.81, 2.80, 7.83, -96.56
0, 1117708, -10485, -950, 87.12, -8.69, 3.87, 7.83, -94.50
0, 1123424, -12610, -1193, 87.12, -5.44, 5.88, 10.19, -92.75
0, 1129361, -14794, -1419, 64.56, -5.44, 5.88, 7.85, -90.68
0, 1137310, -17596, -1670, 41.81, -2.19, 10.83, 7.85, -87.54
0, 1145979, -20714, -1965, 19.37, 1.25, 13.96, 9.35, -83.64
0, 1153060, -23304, -2215, 19.37, 4.12, 14.07, 10.53, -80.09
0, 1160502, -25799, -2470, -2.50, 4.12, 16.74, 9.09, -76.03
0, 1168626, -28130, -2698, -23.50, 7.25, 16.74, 9.09, -71.24
0, 1174338, -29581, -2890, -23.50, 10.25, 13.84, 10.12, -67.65
0, 1180295, -30953, -3090, -43.63, 10.25, 11.60, 10.16, -63.73
0, 1188394, -32673, -3250, -62.94, 12.75, 11.60, 13.41, -58.13
0, 1197405, -34421, -3435, -81.81, 15.63, 9.82, 13.41, -51.55
0, 1206064, -35911, -3563, -100.44, 17.62, 8.09, 10.04, -44.94
0, 1213119, -36899, -3631, -100.44, 19.50, 9.37, 11.07, -39.35
0, 1220097, -37673, -3703, -117.94, 19.50, 9.37, 11.07, -33.68
0, 1225805, -38195, -3757, -117.94, 20.75, 7.51, 9.04, -28.95
0, 1231750, -38622, -3803, -133.25, 21.75, 9.03, 10.17, -23.95
0, 1239573, -38979, -3838, -145.87, 21.75, 9.11, 10.19, -17.26
0, 1248576, -39104, -3849, -155.25, 22.56, 9.11, 10.04, -9.48
0, 1257754, -39063, -3867, -161.87, 23.06, 9.20, 10.04, -1.48
0, 1265242, -39034, -3869, -161.87, 23.19, 9.44, 8.96, 5.06
0, 1271624, -38957, -3870, -165.50, 23.19, 9.44, 8.96, 10.61
0, 1277650, -38755, -3870, -166.06, 23.25, 10.72, 10.07, 15.83
0, 1284403, -38358, -3877, -166.06, 23.25, 9.73, 9.71, 21.62
0, 1291948, -38095, -3865, -165.75, 23.19, 9.48, 9.55, 28.00
0, 1300191, -37742, -3830, -164.87, 23.19, 10.45, 11.05, 34.83
0, 1309474, -37025, -3762, -161.44, 23.31, 10.45, 11.05, 42.30
0, 1317750, -36154, -3687, -157.75, 22.94, 9.10, 9.76, 48.73
0, 1323455, -35464, -3627, -157.75, 22.94, 8.60, 10.26, 53.02
0, 1329368, -34639, -3552, -153.81, 22.31, 8.60, 10.26, 57.32
0, 1337692, -33332, -3426, -146.81, 21.50, 8.73, 10.31, 63.12
0, 1345803, -31911, -3292, -146.81, 20.37, 7.99, 9.28, 68.45
0, 1352269, -30655, -3169, -137.44, 19.00, 9.44, 9.93, 72.46
0, 1360516, -28781, -2986, -125.75, 19.00, 8.42, 9.81, 77.23
0, 1368604, -26618, -2777, -112.19, 17.37, 8.42, 9.81, 81.52
0, 1374318, -24967, -2622, -112.19, 17.37, 10.56, 9.91, 84.30
0, 1380222, -23285, -2423, -96.44, 15.44, 10.56, 9.91, 86.96
0, 1388405, -20823, -2133, -78.19, 13.13, 12.63, 10.93, 90.26
0, 1397884, -17478, -1777, -59.25, 10.50, 14.08, 10.04, 93.51
0, 1406067, -14456, -1503, -39.75, 7.44, 15.33, 10.02, 95.80
0, 1412603, -12131, -1277, -39.75, 7.44, 16.15, 8.57, 97.28
0, 1420355, -9374, -1023, -19.56, 4.00, 16.15, 8.57, 98.63
0, 1426062, -7301, -815, -19.56, 0.88, 13.87, 10.52, 99.33
0, 1432109, -5062, -589, 1.44, 0.88, 11.06, 11.65, 99.80
0, 1440175, -2087, -275, 23.19, -2.00, 8.94, 7.79, 100.00
0, 1449767, 1377, 36, 45.56, -5.12, 8.94, 8.38, 99.59
0, 1458751, 4659, 351, 68.25, -8.56, 2.58, 8.38, 98.57
0, 1466264, 7398, 628, 68.25, -11.63, 4.58, 9.56, 97.26
0, 1472507, 9647, 849, 90.75, -11.63, 4.58, 9.56, 95.84
0, 1478614, 11840, 1033, 112.62, -14.88, 10.91, 10.97, 94.19
0, 1486210, 14332, 1314, 133.69, -18.25, 13.74, 9.17, 91.75
0, 1493647, 16836, 1578, 133.69, -21.37, 15.32, 11.30, 88.98
0, 1501472, 19684, 1887, 154.00, -21.37, 15.26, 10.75, 85.66
0, 1510601, 23049, 2207, 173.31, -24.50, 15.26, 10.75, 81.28
0, 1519109, 26145, 2515, 192.00, -27.81, 17.34, 9.82, 76.73
0, 1524820, 28152, 2718, 192.00, -31.06, 17.37, 10.54, 73.44
0, 1530737, 30044, 2894, 210.00, -31.06, 12.91, 10.54, 69.84
0, 1539066, 32417, 3135, 227.62, -34.25, 12.91, 8.87, 64.45
0, 1548775, 34912, 3391, 245.19, -37.25, 5.85, 9.67, 57.75
0, 1558559, 37265, 3603, 263.12, -39.88, 6.70, 9.79, 50.57
0, 1565213, 38684, 3731, 263.12, -42.25, 6.55, 8.64, 45.48
0, 1572245, 39856, 3846, 281.56, -42.25, 6.55, 8.64, 39.93
0, 1578189, 40679, 3919, 300.56, -44.19, 7.90, 9.29, 35.12
0, 1585345, 41441, 3992, 300.56, -45.88, 8.58, 9.80, 29.20
0, 1591803, 41911, 4038, 320.06, -45.88, 10.03, 9.55, 23.77
0, 1600887, 42259, 4072, 337.00, -47.13, 10.99, 9.83, 16.00
0, 1610784, 42305, 4081, 349.31, -48.00, 10.99, 9.83, 7.42
0, 1619295, 42288, 4083, 357.31, -48.44, 11.01, 9.74, -0.01
0, 1625004, 42254, 4084, 357.31, -48.44, 10.33, 9.33, -4.99
0, 1630929, 42161, 4090, 361.06, -48.63, 9.93, 9.33, -10.15
0, 1639274, 41841, 4090, 361.62, -48.69, 9.93, 9.55, -17.36
0, 1649169, 41382, 4106, 361.37, -48.69, 10.99, 9.05, -25.79
0, 1659222, 41024, 4075, 360.12, -48.75, 9.97, 9.03, -34.16
0, 1666012, 40610, 4036, 360.12, -48.88, 10.14, 10.89, -39.67
0, 1673021, 39949, 3967, 356.25, -48.88, 10.66, 10.89, -45.21
0, 1678788, 39224, 3897, 352.31, -48.63, 10.66, 9.41, -49.64
0, 1686507, 37999, 3755, 348.50, -48.06, 10.35, 9.59, -55.37
0, 1693275, 36876, 3676, 348.50, -48.06, 9.93, 9.38, -60.20
0, 1701530, 35474, 3576, 341.31, -47.06, 8.34, 9.50, -65.79
0, 1711219, 33617, 3388, 329.69, -45.56, 8.34, 9.50, -71.92
0, 1719690, 31703, 3223, 315.19, -44.44, 7.65, 9.86, -76.85
0, 1725400, 30196, 3095, 315.19, -44.44, 7.64, 8.70, -79.95
0, 1731369, 28449, 2915, 300.25, -43.00, 6.11, 8.70, -82.97
0, 1739667, 25675, 2649, 283.75, -41.25, 6.11, 9.36, -86.79
0, 1749367, 22112, 2256, 265.50, -39.13, 8.38, 10.23, -90.68
0, 1759334, 18483, 1923, 247.31, -36.31, 11.64, 9.34, -94.00
0, 1765998, 16021, 1672, 247.31, -32.88, 14.29, 9.85, -95.83
0, 1773256, 13326, 1429, 229.69, -32.88, 16.54, 9.85, -97.44
0, 1778997, 11349, 1234, 212.31, -29.75, 16.54, 8.79, -98.45
0, 1786736, 8528, 959, 194.50, -26.62, 17.35, 9.60, -99.41
0, 1792935, 6364, 688, 194.50, -26.62, 13.41, 8.56, -99.85
0, 1801692, 3182, 337, 176.12, -23.44, 12.50, 7.73, -99.98
0, 1811643, -409, 15, 157.00, -20.12, 12.50, 7.73, -99.41
0, 1819566, -3224, -257, 136.94, -16.37, 7.12, 8.80, -98.42
0, 1825275, -5330, -425, 136.94, -16.37, 3.93, 8.80, -97.42
0, 1830992, -7438, -649, 115.94, -12.88, 3.93, 7.60, -96.17
0, 1838648, -10156, -913, 94.06, -10.06, 2.75, 8.82, -94.13
0, 1846768, -13159, -1239, 71.62, -7.00, 7.82, 8.85, -91.50
0, 1855707, -16433, -1562, 71.62, -3.62, 8.95, 7.38, -88.08
0, 1863455, -19210, -1825, 48.94, -3.62, 13.10, 11.13, -84.68
0, 1871507, -22142, -2090, 26.31, -0.19, 13.10, 11.13, -80.73
0, 1877221, -24203, -2309, 4.19, 2.94, 14.03, 9.25, -77.69
0, 1883575, -26216, -2517, 4.19, 2.94, 17.22, 9.48, -74.08
0, 1890989, -28323, -2722, -17.12, 6.00, 15.15, 9.48, -69.58
0, 1900626, -30666, -3069, -37.56, 9.13, 12.95, 10.43, -63.30
0, 1910306, -32784, -3258, -57.13, 11.88, 12.95, 8.71, -56.54
0, 1916972, -34095, -3399, -76.25, 14.69, 10.72, 11.67, -51.64
0, 1923770, -35277, -3515, -76.25, 14.69, 7.03, 11.67, -46.47
0, 1929487, -36147, -3581, -94.94, 16.94, 7.03, 10.10, -42.00
0, 1937113, -37083, -3649, -113.19, 18.87, 7.99, 12.09, -35.87
0, 1943776, -37734, -3710, -113.19, 18.87, 7.74, 9.93, -30.38
0, 1952697, -38394, -3778, -126.06, 20.37, 8.60, 9.64, -22.87
0, 1962099, -38796, -3818, -135.56, 21.31, 9.34, 9.64, -14.81
0, 1970046, -38845, -3830, -142.37, 22.19, 9.34, 10.16, -7.92
0, 1975769, -38806, -3847, -142.37, 22.19, 9.18, 10.06, -2.93
0, 1981632, -38787, -3848, -146.50, 22.75, 9.47, 10.06, 2.18
0, 1989452, -38709, -3848, -147.31, 23.00, 9.47, 9.07, 9.00
0, 1998270, -38443, -3847, -146.87, 23.12, 11.01, 9.39, 16.63
0, 2007560, -37995, -3853, -145.94, 23.12, 9.23, 10.13, 24.57
0, 2014328, -37778, -3833, -145.94, 23.12, 9.71, 9.05, 30.25
0, 2022213, -37329, -3790, -142.94, 23.12, 9.71, 9.05, 36.73
0, 2027922, -36858, -3747, -139.44, 23.12, 10.12, 10.54, 41.32
0, 2034661, -36184, -3689, -139.44, 23.12, 9.10, 10.11, 46.60
0, 2041711, -35365, -3618, -135.44, 22.87, 8.73, 10.11, 51.96
0, 2051550, -34022, -3496, -128.44, 22.31, 9.06, 9.92, 59.10
0, 2061406, -32477, -3346, -119.25, 21.50, 9.06, 10.29, 65.81
0, 2068397, -31216, -3225, -108.06, 20.44, 8.64, 9.51, 70.28
0, 2075161, -29799, -3085, -108.06, 20.44, 8.18, 9.51, 74.36
0, 2081058, -28381, -2949, -95.06, 19.12, 8.18, 10.26, 77.70
0, 2089100, -26129, -2728, -79.31, 17.69, 9.10, 10.20, 81.92
0, 2098036, -23543, -2455, -60.75, 15.81, 9.92, 9.80, 86.14
0, 2107645, -20709, -2117, -41.25, 13.44, 12.73, 9.79, 90.10
0, 2114424, -18387, -1905, -41.25, 13.44, 13.54, 9.29, 92.51
0, 2122543, -15391, -1569, -21.12, 10.88, 13.54, 9.29, 94.96
0, 2128255, -13253, -1376, -0.19, 7.87, 15.27, 9.99, 96.41
0, 2135116, -10939, -1170, -0.19, 7.87, 17.10, 9.99, 97.82
0, 2142272, -8313, -914, -338.50, 4.56, 14.60, 10.83, 98.93
0, 2152014, -4785, -561, -316.25, 1.31, 8.31, 8.45, 99.81
0, 2161950, -1169, -189, -293.69, -1.50, 8.31, 12.18, 99.97
0, 2168739, 1329, 32, -271.25, -4.62, 8.12, 7.59, 99.64
0, 2175638, 3764, 278, -271.25, -4.62, 2.87, 7.59, 98.95
0, 2181379, 5868, 478, -249.37, -8.00, 7.15, 10.17, 98.11
0, 2189379, 8812, 771, -228.25, -11.19, 7.15, 9.34, 96.51
0, 2197991, 11927, 1047, -208.00, -14.31, 12.46, 9.81, 94.28
0, 2206496, 14679, 1350, -208.00, -14.31, 13.30, 10.03, 91.54
0, 2214446, 17383, 1622, -188.62, -17.69, 15.13, 10.03, 88.53
0, 2222979, 20538, 1964, -169.94, -20.87, 15.13, 7.94, 84.82
0, 2228905, 22661, 2166, -151.69, -24.06, 14.36, 9.52, 81.97
0, 2235702, 25126, 2414, -151.69, -24.06, 17.78, 9.52, 78.43
0, 2242843, 27622, 2666, -134.00, -27.31, 15.69, 10.59, 74.41
0, 2252518, 30626, 2954, -116.44, -30.56, 10.33, 9.07, 68.51
0, 2262504, 33270, 3230, -98.69, -33.69, 10.33, 10.46, 61.91
0, 2269335, 34922, 3392, -80.50, -36.69, 6.53, 9.32, 57.12
0, 2276234, 36482, 3533, -80.50, -36.69, 6.36, 9.32, 52.07
0, 2281943, 37645, 3635, -61.56, -39.31, 6.73, 9.46, 47.76
0, 2289800, 38967, 3756, -42.06, -41.63, 6.73, 9.75, 41.62
0, 2298620, 39997, 3859, -22.56, -43.56, 7.71, 9.05, 34.50
0, 2308507, 40801, 3930, -6.75, -45.13, 8.76, 9.56, 26.28
0, 2315310, 41117, 3960, -6.75, -45.13, 10.02, 9.61, 20.51
0, 2323590, 41190, 3970, 4.00, -46.31, 10.02, 9.61, 13.39
0, 2329533, 41179, 3971, 11.06, -46.31, 10.66, 9.52, 8.23
0, 2336461, 41165, 3972, 11.06, -46.75, 11.05, 9.52, 2.19
0, 2343474, 41133, 3974, 13.81, -47.13, 10.04, 9.69, -3.93
0, 2352991, 40995, 3978, 13.81, -47.19, 9.64, 9.67, -12.21
0, 2363096, 40522, 3977, 13.56, -47.25, 9.64, 9.43, -20.91
0, 2370145, 40247, 3994, 12.56, -47.25, 11.09, 9.38, -26.88
0, 2376938, 39954, 3965, 12.56, -47.25, 10.48, 9.38, -32.54
0, 2383396, 39514, 3923, 9.13, -47.31, 10.10, 9.61, -37.82
0, 2391074, 38718, 3838, 4.81, -47.13, 10.10, 9.53, -43.94
0, 2400178, 37541, 3716, 0.00, -46.50, 10.12, 9.23, -50.93
0, 2409868, 36238, 3625, -8.75, -45.38, 10.09, 9.67, -58.02
0, 2416693, 35173, 3544, -8.75, -45.38, 8.76, 10.06, -62.77
0, 2424760, 33723, 3398, -20.50, -44.38, 8.07, 10.06, -68.09
0, 2430477, 32544, 3296, -33.00, -43.44, 8.07, 9.94, -71.66
0, 2438320, 30617, 3132, -47.56, -43.44, 7.73, 9.67, -76.26
0, 2445099, 28695, 2939, -47.56, -41.88, 6.94, 8.54, -79.96
0, 2455082, 25398, 2619, -64.75, -40.13, 7.72, 9.39, -84.88
0, 2464257, 22045, 2248, -83.50, -37.69, 9.57, 9.39, -88.84
0, 2471871, 19276, 2000, -101.75, -34.69, 9.57, 9.38, -91.69
0, 2478027, 17089, 1785, -119.25, -34.69, 12.94, 9.38, -93.70
0, 2484475, 14687, 1558, -119.25, -31.25, 16.72, 9.03, -95.52
0, 2491526, 12093, 1299, -136.62, -28.25, 16.72, 9.40, -97.16
0, 2500728, 8884, 985, -154.31, -25.12, 17.37, 10.32, -98.75
0, 2510481, 5370, 564, -172.31, -21.87, 16.76, 9.85, -99.73
0, 2517335, 2868, 296, -172.31, -21.87, 14.66, 9.92, -99.99
0, 2525335, -14, 34, -191.00, -18.50, 7.96, 9.92, -99.84
0, 2531253, -2066, -143, -210.56, -14.69, 7.96, 9.70, -99.42
0, 2539171, -4906, -388, -231.06, -14.69, 6.41, 11.70, -98.44
0, 2545956, -7391, -646, -231.06, -11.56, 3.59, 8.59, -97.22
0, 2556060, -11125, -1009, -252.31, -8.69, 6.43, 10.75, -94.78
0, 2565152, -14451, -1383, -274.31, -5.50, 8.50, 10.75, -91.95
0, 2573094, -17207, -1635, -296.87, -2.12, 8.50, 8.65, -89.01
0, 2578814, -19281, -1831, -319.56, -2.12, 11.75, 10.11, -86.63
0, 2586075, -21970, -2074, -319.56, 1.31, 15.36, 10.11, -83.29
0, 2592924, -24421, -2328, -341.94, 4.25, 17.74, 11.03, -79.83
0, 2602853, -27564, -2631, -363.69, 7.37, 16.53, 9.20, -74.32
0, 2612680, -30260, -3008, -384.69, 10.50, 16.53, 9.74, -68.31
0, 2618898, -31804, -3161, -404.81, 10.50, 14.73, 9.30, -64.25
0, 2626609, -33550, -3338, -404.81, 13.19, 10.12, 9.30, -58.94
0, 2632317, -34735, -3469, -424.19, 16.37, 9.67, 12.14, -54.85
0, 2640163, -36189, -3583, -443.12, 18.50, 9.67, 8.72, -49.00
0, 2647981, -37406, -3677, -461.50, 18.50, 7.47, 11.33, -42.94
0, 2656898, -38564, -3794, -461.50, 20.44, 7.65, 9.65, -35.78
0, 2665571, -39449, -3885, -477.37, 21.69, 8.49, 9.65, -28.62
0, 2673550, -40010, -3932, -490.12, 22.87, 8.49, 9.71, -21.88
0, 2679684, -40259, -3953, -500.31, 22.87, 8.65, 11.06, -16.62
0, 2686709, -40339, -3959, -500.31, 23.87, 9.50, 11.06, -10.55
0, 2693168, -40309, -3970, -507.62, 24.44, 10.01, 9.68, -4.93
0, 2702829, -40292, -3973, -511.62, 24.62, 9.09, 9.44, 3.51
0, 2711906, -40169, -3975, -512.25, 24.69, 9.09, 9.41, 11.41
0, 2718503, -39919, -3974, -511.94, 24.69, 10.33, 9.89, 17.11
0, 2726342, -39479, -4004, -511.94, 24.75, 10.12, 9.89, 23.80
0, 2732054, -39301, -3983, -511.19, 24.75, 9.16, 9.55, 28.62
0, 2740250, -38906, -3944, -508.00, 24.75, 9.16, 11.00, 35.39
0, 2748455, -38287, -3885, -504.19, 24.94, 10.69, 9.47, 42.00
0, 2757400, -37288, -3786, -504.19, 24.75, 9.31, 10.44, 48.95
0, 2765824, -36060, -3678, -500.37, 24.25, 8.47, 10.44, 55.22
0, 2773774, -34804, -3566, -493.81, 23.37, 8.47, 10.31, 60.87
0, 2779882, -33757, -3471, -483.81, 23.37, 8.12, 9.84, 65.01
0, 2787017, -32400, -3339, -483.81, 22.19, 8.86, 9.84, 69.62
0, 2793352, -31083, -3211, -471.19, 20.87, 8.40, 9.77, 73.48
0, 2802493, -28909, -2998, -457.12, 19.31, 8.54, 10.37, 78.65
0, 2811622, -26308, -2746, -440.75, 17.50, 8.54, 9.79, 83.32
0, 2818396, -24220, -2542, -422.06, 17.50, 9.60, 10.21, 86.44
0, 2826307, -21850, -2266, -422.06, 15.31, 13.88, 10.21, 89.71
0, 2832018, -19992, -2045, -402.62, 12.69, 13.88, 10.24, 91.80
0, 2839771, -17126, -1728, -382.56, 12.69, 15.05, 8.66, 94.27
0, 2846790, -14502, -1508, -382.56, 9.75, 14.75, 8.44, 96.14
0, 2856285, -11093, -1173, -361.69, 6.50, 17.94, 8.44, 98.09
0, 2865807, -7630, -844, -700.00, 2.94, 13.23, 10.08, 99.36
0, 2873147, -4941, -576, -677.75, 0.06, 13.23, 11.11, 99.88
0, 2879903, -2463, -317, -655.25, 0.06, 10.56, 8.76, 99.99
0, 2886999, 113, -81, -655.25, -3.00, 6.08, 8.76, 99.74
0, 2893450, 2421, 131, -632.75, -6.25, 4.79, 9.93, 99.18
0, 2902296, 5657, 457, -610.81, -9.56, 4.08, 9.18, 97.89
0, 2911734, 9114, 798, -589.62, -12.69, 4.08, 8.24, 95.88
0, 2918505, 11583, 1013, -569.31, -12.69, 9.04, 9.79, 94.03
0, 2926736, 14300, 1312, -569.31, -15.94, 13.32, 9.79, 91.35
0, 2932447, 16197, 1530, -549.81, -19.25, 15.43, 8.28, 89.20
0, 2940476, 19042, 1826, -531.12, -19.25, 15.43, 7.79, 85.82
0, 2948877, 22147, 2117, -512.87, -22.37, 15.12, 10.73, 81.83
0, 2958215, 25559, 2458, -495.00, -25.62, 15.75, 10.73, 76.88
0, 2966587, 28473, 2749, -495.00, -29.00, 15.96, 9.78, 72.00
0, 2973998, 30744, 2967, -477.50, -32.06, 11.06, 9.52, 67.36
0, 2980463, 32492, 3144, -459.81, -32.06, 11.06, 10.07, 63.09
0, 2988226, 34391, 3339, -441.69, -35.25, 7.76, 10.07, 57.69
0, 2994201, 35788, 3478, -441.69, -38.00, 6.13, 9.57, 53.35
0, 3002650, 37562, 3627, -422.87, -40.38, 6.89, 8.72, 46.97
0, 3012107, 39178, 3779, -403.37, -42.50, 6.89, 9.09, 39.53
0, 3018885, 40005, 3860, -383.62, -42.50, 7.34, 9.09, 34.03
0, 3027134, 40738, 3925, -383.62, -44.19, 8.18, 9.33, 27.17
0, 3032846, 41074, 3956, -366.44, -45.56, 10.46, 9.83, 22.34
0, 3040878, 41266, 3974, -354.19, -45.56, 10.46, 9.55, 15.46
0, 3048857, 41256, 3978, -346.31, -46.44, 10.79, 9.58, 8.54
0, 3057507, 41242, 3979, -346.31, -47.00, 10.71, 9.58, 1.00
0, 3066042, 41196, 3982, -342.87, -47.13, 9.99, 9.50, -6.44
0, 3072934, 41081, 3983, -342.69, -47.19, 9.99, 9.55, -12.43
0, 3079965, 40754, 3984, -342.94, -47.19, 9.99, 9.31, -18.50
0, 3087208, 40373, 4007, -342.94, -47.19, 10.99, 9.31, -24.67
0, 3093546, 40140, 3982, -343.69, -47.25, 10.03, 9.33, -29.99
0, 3102660, 39603, 3929, -347.25, -47.31, 9.65, 10.44, -37.48
0, 3112707, 38598, 3822, -351.94, -47.19, 9.65, 9.52, -45.46
0, 3119679, 37702, 3729, -356.50, -47.19, 10.22, 9.60, -50.79
0, 3127795, 36588, 3649, -356.50, -46.63, 9.95, 9.60, -56.76
0, 3133749, 35693, 3594, -364.56, -45.63, 8.39, 9.35, -60.96
0, 3141640, 34328, 3461, -375.87, -45.63, 8.39, 9.75, -66.28
0, 3149992, 32654, 3304, -388.62, -44.56, 8.47, 9.75, -71.56
0, 3160064, 30163, 3090, -403.31, -43.63, 7.57, 8.23, -77.41
0, 3167937, 27872, 2859, -403.31, -42.13, 5.46, 8.23, -81.58
0, 3175903, 25149, 2591, -420.44, -40.44, 7.19, 10.84, -85.40
0, 3181939, 22922, 2343, -439.25, -38.25, 7.19, 9.46, -88.02
0, 3190107, 19924, 2055, -457.62, -38.25, 9.53, 9.46, -91.18
0, 3197627, 17170, 1791, -457.62, -35.44, 16.71, 9.17, -93.68
0, 3207044, 13707, 1468, -475.25, -32.00, 16.44, 10.51, -96.23
0, 3215748, 10620, 1162, -492.56, -28.94, 16.87, 9.53, -98.02
0, 3222420, 8185, 926, -510.12, -28.94, 16.87, 9.90, -99.01
0, 3230034, 5494, 579, -528.00, -25.75, 16.98, 9.90, -99.72
0, 3236801, 3009, 314, -528.00, -22.56, 13.12, 9.30, -99.99
0, 3243498, 553, 76, -546.56, -19.25, 9.30, 9.69, -99.91
0, 3251619, -2275, -165, -565.94, -19.25, 9.30, 8.89, -99.35
0, 3260611, -5571, -449, -586.19, -15.44, 6.88, 7.95, -98.16
0, 3268451, -8452, -768, -607.25, -12.06, 3.06, 7.95, -96.62
0, 3276187, -11292, -1037, -607.25, -9.25, 5.37, 9.77, -94.66
0, 3282247, -13453, -1265, -629.12, -9.25, 5.37, 10.17, -92.82
0, 3290401, -16380, -1552, -651.62, -6.19, 7.48, 10.17, -89.94
0, 3297980, -19161, -1819, -651.62, -2.75, 11.95, 9.36, -86.85
0, 3307065, -22484, -2124, -674.31, 0.62, 14.19, 10.92, -82.65
0, 3315428, -25466, -2431, -696.75, 3.62, 17.20, 10.71, -78.32
0, 3322429, -27588, -2633, -718.69, 3.62, 17.20, 8.79, -74.38
0, 3330277, -29717, -2914, -739.87, 6.75, 17.56, 8.79, -69.63
0, 3337054, -31376, -3122, -739.87, 9.94, 12.03, 9.85, -65.26
0, 3343626, -32875, -3271, -760.19, 12.69, 9.79, 6.36, -60.81
0, 3351476, -34530, -3447, -779.75, 12.69, 9.79, 12.36, -55.23
0, 3360771, -36272, -3588, -798.81, 15.81, 10.65, 10.47, -48.29
0, 3370032, -37703, -3705, -817.25, 18.06, 8.22, 10.47, -41.06
0, 3378388, -38759, -3815, -833.50, 20.12, 7.86, 10.44, -34.31
0, 3384711, -39389, -3880, -833.50, 21.50, 8.55, 9.16, -29.07
0, 3392281, -39927, -3926, -846.87, 21.50, 8.55, 9.85, -22.69
0, 3400476, -40251, -3951, -857.44, 22.69, 8.61, 9.99, -15.67
0, 3410236, -40307, -3962, -864.94, 23.75, 9.62, 9.99, -7.21
0, 3418348, -40268, -3972, -869.06, 24.37, 9.67, 10.08, -0.13
0, 3425576, -40229, -3973, -869.06, 24.62, 9.76, 9.55, 6.18
0, 3432403, -40095, -3972, -870.06, 24.62, 9.76, 9.72, 12.11
0, 3440580, -39702, -3973, -869.69, 24.75, 9.78, 9.72, 19.16
0, 3448462, -39401, -3989, -868.81, 24.81, 10.04, 9.86, 25.86
0, 3456504, -39136, -3967, -868.81, 24.81, 8.99, 9.37, 32.58
0, 3464246, -38678, -3922, -865.75, 24.94, 9.19, 10.69, 38.89
0, 3471066, -38074, -3864, -862.31, 24.94, 9.19, 10.60, 44.30
0, 3479325, -37039, -3763, -859.12, 24.94, 9.48, 10.60, 50.64
0, 3486103, -36029, -3675, -859.12, 24.50, 8.38, 9.83, 55.66
0, 3492892, -34963, -3581, -853.00, 24.50, 8.22, 10.24, 60.48
0, 3500880, -33606, -3455, -843.19, 23.75, 8.22, 9.61, 65.88
0, 3510290, -31838, -3285, -830.75, 22.56, 8.89, 9.61, 71.83
0, 3518032, -30220, -3127, -830.75, 21.31, 8.96, 9.56, 76.37
0, 3524867, -28576, -2967, -816.94, 19.87, 9.14, 9.99, 80.08
0, 3531900, -26600, -2774, -801.37, 19.87, 9.14, 9.99, 83.61
0, 3539725, -24244, -2544, -783.56, 18.19, 9.90, 9.89, 87.16
0, 3546479, -22284, -2316, -783.56, 16.19, 12.75, 10.97, 89.89
0, 3553788, -19968, -2044, -764.12, 13.75, 14.61, 10.02, 92.50
0, 3562434, -16781, -1688, -744.06, 13.75, 14.61, 9.22, 95.11
0, 3570462, -13799, -1430, -723.31, 10.69, 13.77, 9.22, 97.04
0, 3578231, -11104, -1181, -701.75, 7.19, 15.12, 9.49, 98.45
0, 3584359, -8833, -968, -701.75, 4.12, 11.79, 10.67, 99.25
0, 3592036, -6031, -692, -679.56, 4.12, 11.79, 8.51, 99.84
0, 3599875, -3142, -385, -657.12, 1.19, 11.94, 8.51, 99.99
0, 3608517, 21, -78, -634.62, -2.00, 6.93, 11.27, 99.61
0, 3615555, 2552, 152, -634.62, -5.37, 2.38, 8.97, 98.88
0, 3622567, 5084, 390, -612.62, -5.37, 2.38, 11.11, 97.79
0, 3630600, 8057, 693, -591.37, -8.44, 5.42, 11.11, 96.08
0, 3637377, 10535, 922, -591.37, -11.69, 9.99, 7.87, 94.27
0, 3643864, 12809, 1147, -571.06, -15.06, 12.47, 7.96, 92.23
0, 3651815, 15355, 1428, -551.50, -15.06, 15.94, 10.90, 89.33
0, 3661142, 18601, 1774, -532.69, -18.19, 15.94, 10.90, 85.38
0, 3668930, 21483, 2057, -514.44, -21.37, 14.99, 7.72, 81.64
0, 3675614, 23908, 2295, -514.44, -24.69, 17.55, 9.38, 78.14
0, 3682641, 26409, 2545, -496.56, -24.69, 17.55, 10.25, 74.16
0, 3690707, 29074, 2805, -479.00, -27.87, 16.56, 10.25, 69.26
0, 3698298, 31235, 3019, -461.31, -31.06, 12.97, 8.27, 64.33
0, 3705532, 33024, 3204, -461.31, -33.94, 5.43, 10.74, 59.37
0, 3713199, 34749, 3375, -443.25, -33.94, 6.57, 9.67, 53.85
0, 3721066, 36403, 3527, -424.44, -36.38, 6.57, 9.67, 47.94
0, 3728827, 37827, 3653, -405.06, -38.56, 6.70, 9.20, 41.89
0, 3734711, 38720, 3734, -405.06, -40.31, 7.06, 9.56, 37.17
0, 3742268, 39517, 3813, -385.37, -40.31, 7.06, 9.42, 30.97
0, 3750532, 40096, 3868, -367.94, -41.69, 9.06, 9.42, 24.04
0, 3759794, 40435, 3897, -354.81, -42.75, 9.67, 9.65, 16.12
0, 3766611, 40442, 3903, -354.81, -43.38, 10.21, 9.62, 10.22
0, 3773438, 40426, 3904, -346.87, -43.38, 10.65, 9.51, 4.28
0, 3781299, 40399, 3905, -342.69, -43.63, 10.65, 9.51, -2.58
0, 3789161, 40318, 3908, -342.19, -43.69, 9.86, 9.54, -9.43
0, 3795628, 40134, 3909, -342.19, -43.69, 9.88, 9.60, -15.04
0, 3802695, 39752, 3915, -342.44, -43.69, 10.40, 9.43, -21.10
0, 3812094, 39374, 3899, -343.25, -43.75, 10.40, 9.43, -29.05
0, 3820313, 38879, 3854, -346.44, -43.75, 9.74, 9.54, -35.83
0, 3827256, 38274, 3784, -346.44, -43.69, 9.84, 9.20, -41.42
0, 3834028, 37555, 3719, -350.94, -43.69, 10.10, 9.44, -46.73
0, 3842069, 36635, 3652, -355.87, -43.13, 10.10, 9.44, -52.81
0, 3850191, 35530, 3578, -363.87, -42.25, 9.36, 9.48, -58.70
0, 3857899, 34304, 3457, -363.87, -41.50, 9.24, 9.72, -64.01
0, 3864911, 32998, 3333, -374.06, -41.50, 8.06, 9.66, -68.59
0, 3872436, 31322, 3191, -385.75, -40.63, 8.06, 9.66, -73.22
0, 3880662, 29124, 2981, -400.00, -39.13, 6.90, 9.27, -77.92
0, 3887816, 26948, 2767, -400.00, -37.50, 5.14, 8.81, -81.68
0, 3894563, 24589, 2523, -417.19, -37.50, 7.81, 9.33, -84.93
0, 3902534, 21656, 2210, -436.12, -35.31, 12.34, 9.55, -88.40
0, 3911785, 18298, 1906, -454.56, -32.50, 12.34, 9.55, -91.88
0, 3919545, 15428, 1623, -472.19, -29.06, 17.12, 8.95, -94.34
0, 3926017, 13035, 1399, -472.19, -26.00, 16.54, 9.36, -96.06
0, 3933290, 10508, 1150, -489.56, -26.00, 17.30, 9.36, -97.63
0, 3941352, 7574, 853, -507.12, -22.81, 17.30, 10.53, -98.91
0, 3949206, 4784, 510, -525.00, -19.62, 15.32, 9.53, -99.69
0, 3956673, 2042, 216, -525.00, -16.31, 13.05, 8.65, -99.99
0, 3964433, -723, -4, -543.44, -16.31, 9.15, 9.49, -99.85
0, 3972293, -3529, -286, -562.75, -12.56, 9.15, 9.49, -99.25
0, 3980044, -6359, -531, -582.81, -9.19, 3.60, 11.63, -98.20
0, 3986799, -8825, -811, -582.81, -6.37, 3.84, 8.67, -96.91
0, 3993570, -11337, -1049, -603.75, -6.37, 5.43, 11.10, -95.29
0, 4001641, -14285, -1372, -625.50, -3.31, 5.43, 11.10, -92.91
0, 4011361, -17781, -1687, -647.87, 0.06, 7.74, 7.97, -89.44
0, 4018550, -20330, -1933, -647.87, 3.50, 14.54, 10.81, -86.46
0, 4025038, -22719, -2152, -670.44, 3.50, 14.58, 11.21, -83.48
0, 4033119, -25514, -2438, -693.00, 6.50, 14.58, 11.21, -79.39
0, 4041235, -27970, -2678, -715.00, 9.56, 17.14, 8.56, -74.89
0, 4049059, -30090, -2978, -736.31, 12.69, 14.25, 9.34, -70.19
0, 4057162, -32103, -3194, -736.31, 15.50, 12.00, 9.31, -64.98
0, 4065043, -33920, -3378, -756.75, 15.50, 10.12, 11.36, -59.60
0, 4074181, -35833, -3556, -776.37, 18.69, 7.51, 8.73, -53.01
0, 4082320, -37285, -3664, -795.50, 21.00, 7.51, 8.73, -46.86
0, 4090342, -38482, -3785, -814.25, 23.06, 8.51, 11.14, -40.56
0, 4097124, -39322, -3872, -814.25, 24.50, 7.57, 9.54, -35.08
0, 4103956, -39994, -3931, -830.94, 24.50, 8.59, 10.03, -29.44
0, 4113526, -40659, -3986, -844.37, 25.87, 8.59, 10.03, -21.36
0, 4121800, -41039, -4015, -854.94, 26.94, 9.41, 10.82, -14.25
0, 4128790, -41135, -4021, -854.94, 27.50, 9.60, 9.91, -8.19
0, 4136635, -41110, -4033, -862.44, 27.50, 9.63, 10.38, -1.35
0, 4143752, -41086, -4037, -867.37, 27.87, 10.16, 10.38, 4.86
0, 4151974, -40989, -4038, -869.44, 28.06, 10.16, 9.45, 12.01
0, 4161857, -40661, -4038, -869.25, 28.12, 9.77, 9.66, 20.52
0, 4168658, -40310, -4088, -869.25, 28.19, 9.57, 10.18, 26.30
0, 4175449, -40051, -4061, -868.81, 28.19, 9.73, 9.29, 31.97
0, 4183837, -39553, -4008, -866.87, 28.19, 9.51, 9.29, 38.81
0, 4191965, -38806, -3934, -863.12, 28.50, 9.51, 11.55, 45.25
0, 4199802, -37806, -3837, -859.44, 28.19, 9.58, 9.94, 51.24
0, 4207732, -36512, -3717, -859.44, 27.50, 8.87, 10.20, 57.06
0, 4215506, -35132, -3596, -853.50, 27.50, 7.92, 10.38, 62.50
0, 4223695, -33627, -3458, -844.00, 26.37, 7.92, 10.38, 67.91
0, 4231662, -32028, -3303, -830.94, 25.00, 8.63, 9.88, 72.85
0, 4239406, -30323, -3137, -816.00, 23.50, 8.95, 9.53, 77.31
0, 4245765, -28749, -2982, -816.00, 23.50, 8.77, 10.37, 80.71
0, 4252986, -26690, -2783, -799.87, 21.81, 9.81, 10.37, 84.27
0, 4262443, -23831, -2493, -781.69, 19.87, 9.81, 9.74, 88.42
0, 4269408, -21794, -2260, -762.25, 17.56, 11.60, 10.48, 91.10
0, 4275998, -19645, -2017, -762.25, 17.56, 14.23, 8.93, 93.32
0, 4284336, -16556, -1662, -742.12, 14.94, 15.06, 8.93, 95.69
0, 4292463, -13570, -1399, -721.31, 11.88, 15.06, 9.24, 97.51
0, 4300307, -10789, -1145, -1059.69, 8.63, 17.76, 7.82, 98.80
0, 4307995, -7980, -881, -1059.69, 5.19, 14.22, 10.37, 99.61
0, 4315716, -5173, -600, -1037.50, 5.19, 8.83, 11.79, 99.98
0, 4323848, -2205, -290, -1015.06, 2.37, 8.83, 11.79, 99.87
0, 4331755, 671, -37, -992.69, -0.75, 5.92, 6.65, 99.29
0, 4339261, 3426, 237, -970.75, -0.75, 2.54, 9.03, 98.30
0, 4345314, 5661, 455, -970.75, -4.06, 3.07, 9.03, 97.19
0, 4353230, 8593, 747, -949.62, -7.31, 8.72, 8.69, 95.33
0, 4362827, 12048, 1058, -929.37, -10.44, 8.72, 9.72, 92.47
0, 4369785, 14379, 1326, -909.87, -13.88, 12.41, 8.39, 89.99
0, 4376388, 16584, 1563, -909.87, -13.88, 15.20, 9.25, 87.33
0, 4384368, 19455, 1867, -891.12, -17.06, 14.88, 9.25, 83.73
0, 4392223, 22335, 2134, -872.94, -20.25, 14.88, 9.35, 79.78
0, 4400057, 25152, 2417, -855.06, -23.50, 16.37, 10.28, 75.48
0, 4406835, 27482, 2652, -855.06, -23.50, 16.08, 10.74, 71.46
0, 4415255, 30054, 2896, -837.44, -26.81, 10.76, 10.74, 66.13
0, 4423614, 32232, 3116, -819.75, -29.87, 10.76, 10.69, 60.49
0, 4431189, 33972, 3300, -801.62, -32.88, 6.35, 9.76, 55.09
0, 4439171, 35667, 3467, -782.81, -32.88, 6.50, 9.63, 49.15
0, 4446096, 36990, 3579, -782.81, -35.44, 6.94, 9.63, 43.80
0, 4453561, 38202, 3688, -763.37, -37.69, 7.50, 8.86, 37.85
0, 4463308, 39311, 3793, -743.62, -39.56, 7.50, 9.28, 29.85
0, 4470238, 39782, 3838, -725.87, -41.06, 8.68, 9.37, 24.02
0, 4476842, 40045, 3863, -725.87, -41.06, 9.62, 9.84, 18.39
0, 4484702, 40101, 3870, -711.81, -42.19, 10.45, 9.84, 11.60
0, 4492596, 40085, 3872, -703.00, -42.94, 10.45, 9.67, 4.74
0, 4500412, 40058, 3873, -698.69, -43.25, 10.35, 9.45, -2.09
0, 4507187, 40002, 3875, -698.69, -43.25, 9.98, 9.44, -7.99
0, 4515648, 39766, 3876, -698.12, -43.31, 9.89, 9.44, -15.33
0, 4523800, 39338, 3891, -698.37, -43.38, 9.89, 9.38, -22.32
0, 4530979, 39024, 3860, -699.06, -43.38, 10.43, 9.55, -28.38
0, 4539637, 38504, 3808, -702.06, -43.38, 9.80, 9.27, -35.54
0, 4546557, 37960, 3751, -702.06, -43.38, 10.09, 9.27, -41.12
0, 4554064, 37246, 3700, -706.81, -43.38, 9.27, 9.59, -47.00
0, 4563897, 36147, 3623, -711.87, -42.81, 9.27, 9.37, -54.39
0, 4570848, 35182, 3546, -719.06, -42.13, 9.81, 9.44, -59.38
0, 4577454, 34114, 3436, -719.06, -42.13, 8.99, 9.98, -63.92
0, 4586109, 32452, 3286, -728.25, -41.44, 8.00, 9.98, -69.54
0, 4593263, 30804, 3149, -739.56, -40.63, 8.00, 9.44, -73.89
0, 4601424, 28566, 2926, -753.69, -39.25, 7.01, 8.79, -78.50
0, 4610397, 25693, 2650, -770.87, -37.69, 5.36, 10.65, -83.11
0, 4617205, 23251, 2376, -770.87, -37.69, 9.31, 9.30, -86.27
0, 4625064, 20344, 2089, -789.94, -35.56, 11.79, 9.30, -89.53
0, 4632811, 17559, 1834, -808.56, -32.81, 11.79, 8.93, -92.34
0, 4640580, 14685, 1558, -826.31, -29.50, 16.36, 10.72, -94.73
0, 4647522, 12121, 1297, -826.31, -29.50, 16.36, 10.72, -96.49
0, 4654672, 9645, 1049, -843.75, -26.37, 16.98, 9.41, -97.94
0, 4664341, 6193, 661, -861.25, -23.25, 16.98, 9.79, -99.30
0, 4671385, 3633, 388, -879.00, -20.06, 15.08, 8.90, -99.84
0, 4677897, 1234, 139, -879.00, -20.06, 12.73, 9.85, -100.00
0, 4686830, -1919, -126, -897.31, -16.81, 6.31, 9.85, -99.70
0, 4693626, -4397, -349, -916.37, -13.06, 3.12, 8.96, -99.06
0, 4701641, -7352, -637, -936.19, -9.56, 3.12, 8.35, -97.87
0, 4710177, -10462, -936, -956.81, -6.75, 3.10, 9.93, -96.07
0, 4716974, -12883, -1205, -956.81, -6.75, 4.92, 10.71, -94.25
0, 4725094, -15827, -1505, -978.25, -3.75, 11.46, 10.71, -91.65
0, 4733961, -19059, -1808, -1000.44, -0.31, 14.65, 10.83, -88.28
0, 4743162, -22422, -2120, -1022.94, 3.06, 14.65, 10.94, -84.22
0, 4752651, -25692, -2458, -1045.50, 6.12, 14.69, 11.66, -79.47
0, 4763120, -28839, -2784, -1067.69, 9.19, 17.00, 8.62, -73.60
0, 4769191, -30458, -3040, -1067.69, 9.19, 14.32, 9.65, -69.91
0, 4776800, -32358, -3222, -1089.25, 12.31, 12.41, 9.65, -65.01
0, 4786633, -34616, -3456, -1109.94, 15.50, 10.85, 6.02, -58.26
0, 4794905, -36299, -3590, -1129.88, 18.00, 7.91, 11.82, -52.24
0, 4804114, -37877, -3721, -1149.13, 20.12, 7.90, 11.59, -45.22
0, 4815294, -39464, -3885, -1168.00, 21.56, 7.90, 9.15, -36.32
0, 4822729, -40288, -3956, -1184.88, 23.00, 7.29, 9.79, -30.20
0, 4829022, -40812, -3998, -1184.88, 23.00, 8.31, 10.26, -24.91
0, 4839474, -41385, -4041, -1209.94, 24.19, 9.34, 10.00, -15.99
0, 4847092, -41541, -4051, -1209.94, 24.87, 9.33, 10.00, -9.39
0, 4853877, -41516, -4061, -1218.25, 25.31, 10.61, 10.18, -3.48
0, 4865084, -41497, -4064, -1223.56, 25.50, 10.61, 9.98, 6.30
0, 4871930, -41396, -4067, -1225.88, 25.62, 9.57, 10.08, 12.25
0, 4878636, -41107, -4068, -1225.88, 25.62, 10.08, 9.96, 18.04
0, 4888166, -40697, -4119, -1225.75, 25.62, 10.87, 9.96, 26.15
0, 4894764, -40558, -4112, -1225.44, 25.62, 10.37, 9.13, 31.66
0, 4902636, -40206, -4077, -1223.06, 26.12, 10.37, 9.78, 38.10
0, 4911420, -39448, -3997, -1219.31, 26.00, 9.53, 10.06, 45.07
0, 4918188, -38604, -3914, -1219.31, 26.00, 9.92, 10.18, 50.27
0, 4926117, -37338, -3790, -1217.19, 25.44, 8.95, 10.18, 56.12
0, 4933793, -35913, -3665, -1212.19, 24.37, 7.75, 10.13, 61.54
0, 4941751, -34398, -3529, -1203.19, 22.94, 7.75, 10.42, 66.86
0, 4949403, -32875, -3381, -1190.13, 22.94, 7.77, 10.42, 71.68
0, 4955833, -31488, -3252, -1190.13, 21.44, 8.86, 9.37, 75.48
0, 4965458, -29179, -3024, -1174.50, 19.75, 8.86, 9.40, 80.72
0, 4972316, -27281, -2840, -1158.00, 17.87, 9.05, 10.31, 84.11
0, 4979142, -25172, -2638, -1158.00, 17.87, 9.57, 10.10, 87.18
0, 4988684, -22321, -2319, -1139.75, 15.69, 10.68, 10.10, 90.95
0, 4996397, -19856, -2034, -1120.25, 13.13, 15.01, 10.34, 93.54
0, 5004881, -16722, -1679, -1100.06, 10.19, 14.02, 9.13, 95.90
