********************************************************************************
Obsolete PIO Core v6.1.11 is used (previous was 6.1.14)
Please remove multiple PIO Cores from a system:
https://docs.platformio.org/en/latest/core/installation/troubleshooting.html
********************************************************************************
--- Terminal on /dev/cu.usbmodem14303 | 230400 8-N-1
--- Available filters and text transformations: colorize, debug, default, direct, hexlify, log2file, nocontrol, printable, send_on_enter, time
--- More details at https://bit.ly/pio-monitor-filters
--- Quit: Ctrl+C | Menu: Ctrl+T | Help: Ctrl+T followed by Ctrl+H
start
pain
Waiting for ODrive...
pin
found ODrive
DC voltage: 24.00
Enabling closed loop control...
ODrive running!
end time:5000000
0, 32, -1376256, 131071, 17.69, -1.44, 9.28, 11.55, 100.00
0, 9600, 1210, 73, 17.50, -1.44, 9.28, 11.55, 99.32
0, 15581, 3397, 298, 17.75, -1.44, 11.14, 8.62, 98.22
0, 22823, 6026, 549, 17.75, -1.44, 9.50, 11.36, 96.19
0, 32017, 9382, 878, 19.06, -3.06, 6.81, 10.29, 92.55
0, 41958, 12937, 1236, 34.44, -6.44, 9.79, 6.90, 87.32
0, 52073, 16178, 1571, 55.19, -9.63, 16.00, 12.20, 80.70
0, 61594, 19256, 1897, 75.19, -12.81, 14.70, 12.20, 73.36
0, 67608, 21243, 2085, 94.37, -15.88, 14.70, 9.34, 68.21
0, 73460, 23064, 2268, 113.12, -15.88, 14.32, 9.34, 62.85
0, 79884, 24888, 2446, 113.12, -19.00, 13.81, 9.78, 56.61
0, 89321, 27238, 2672, 131.37, -21.69, 11.37, 10.40, 46.82
0, 99079, 29146, 2864, 149.31, -24.06, 8.84, 8.07, 36.06
0, 109171, 30467, 3000, 167.37, -26.12, 8.84, 10.05, 24.40
0, 115687, 30989, 3053, 185.75, -26.12, 6.65, 9.67, 16.66
0, 121544, 31192, 3075, 185.75, -27.75, 7.15, 9.67, 9.62
0, 127578, 31186, 3085, 200.94, -28.75, 7.15, 9.63, 2.32
0, 136671, 31108, 3126, 210.62, -29.19, 6.74, 9.42, -8.70
0, 146194, 30922, 3136, 214.69, -29.50, 7.47, 9.42, -20.13
0, 156070, 30537, 3167, 214.56, -29.50, 8.29, 9.71, -31.69
0, 163548, 30209, 3143, 214.56, -29.81, 8.39, 9.71, -40.15
0, 169493, 29743, 3101, 213.50, -29.94, 8.39, 9.33, -46.65
0, 175600, 29050, 3033, 210.62, -29.94, 10.51, 9.61, -53.07
0, 183125, 27908, 2919, 210.62, -29.94, 7.61, 9.58, -60.57
0, 192409, 25969, 2730, 207.06, -29.25, 6.75, 9.81, -69.13
0, 201880, 23361, 2462, 200.12, -28.00, 6.05, 9.81, -76.96
0, 211536, 20366, 2147, 188.50, -26.19, 8.38, 9.73, -83.89
0, 217597, 18385, 1970, 172.06, -23.69, 8.38, 7.64, -87.67
0, 223661, 16419, 1778, 153.87, -23.69, 13.78, 7.64, -90.96
0, 229511, 14424, 1593, 153.87, -20.94, 14.49, 12.21, -93.68
0, 238651, 11074, 1252, 136.00, -18.19, 15.96, 9.35, -96.98
0, 247770, 7773, 942, 117.94, -15.25, 15.22, 8.51, -99.08
0, 257300, 4349, 529, 99.50, -11.88, 15.22, 8.61, -99.98
0, 264217, 1841, 257, 80.56, -11.88, 13.02, 8.61, -99.80
0, 270074, -266, 62, 80.56, -8.50, 10.97, 7.53, -99.09
0, 275936, -2336, -107, 60.69, -8.50, 10.97, 9.94, -97.89
0, 283795, -5226, -363, 39.88, -4.75, 7.67, 9.28, -95.50
0, 292344, -8378, -688, 39.88, -1.69, 2.91, 9.28, -91.92
0, 301840, -11915, -1043, 18.25, 1.25, 4.69, 7.17, -86.78
0, 310935, -15220, -1402, -4.00, 4.44, 6.94, 10.29, -80.78
0, 316979, -17382, -1590, -26.62, 4.44, 6.94, 9.61, -76.25
0, 322833, -19292, -1773, -26.62, 7.87, 12.41, 9.61, -71.46
0, 328883, -21094, -1946, -49.19, 11.19, 15.03, 10.56, -66.14
0, 337954, -23623, -2186, -71.25, 14.06, 14.99, 9.58, -57.51
0, 347579, -25958, -2428, -92.56, 16.62, 13.11, 8.82, -47.58
0, 357485, -27710, -2594, -113.00, 19.00, 13.11, 10.58, -36.70
0, 364641, -28618, -2692, -132.69, 19.00, 11.01, 10.58, -28.49
0, 370482, -29070, -2750, -132.69, 21.00, 9.68, 9.84, -21.64
0, 376329, -29303, -2807, -151.12, 21.00, 9.68, 9.59, -14.66
0, 384284, -29368, -2847, -164.62, 22.37, 7.46, 9.35, -5.06
0, 392775, -29315, -2881, -164.62, 23.37, 8.13, 9.35, 5.23
0, 402245, -29152, -2884, -172.06, 24.06, 9.49, 10.51, 16.64
0, 411144, -28714, -2895, -174.31, 24.44, 9.55, 9.79, 27.17
0, 417173, -28383, -2876, -174.06, 24.44, 9.55, 9.35, 34.13
0, 423022, -27935, -2833, -174.06, 24.56, 9.80, 9.35, 40.71
0, 429060, -27310, -2774, -172.69, 24.62, 9.25, 10.23, 47.28
0, 438094, -26072, -2661, -168.87, 24.25, 9.07, 10.26, 56.64
0, 448052, -24399, -2491, -163.31, 23.37, 9.25, 10.13, 66.16
0, 458192, -22334, -2252, -154.31, 22.19, 9.25, 10.27, 74.86
0, 465378, -20447, -2054, -141.62, 22.19, 11.56, 10.27, 80.35
0, 471253, -18633, -1854, -141.62, 20.50, 11.66, 10.01, 84.38
0, 477375, -16531, -1634, -126.06, 20.50, 11.66, 9.58, 88.13
0, 485647, -13473, -1343, -106.94, 18.25, 13.18, 9.00, 92.42
0, 495343, -9886, -1014, -86.31, 15.50, 16.91, 12.08, 96.26
0, 505437, -6157, -640, -64.94, 12.38, 12.78, 7.40, 98.85
0, 513485, -3213, -334, -64.94, 9.31, 9.00, 7.40, 99.85
0, 519541, -1025, -126, -42.94, 9.31, 9.00, 9.56, 99.98
0, 525693, 1248, 84, -20.50, 6.12, 2.32, 8.83, 99.56
0, 533258, 4034, 352, -358.06, 2.75, 4.53, 8.83, 98.28
0, 542465, 7381, 689, -358.06, -0.50, 6.59, 9.96, 95.61
0, 552123, 10894, 1006, -335.94, -3.62, 9.64, 9.55, 91.53
0, 561101, 13888, 1331, -314.56, -7.00, 14.29, 7.00, 86.61
0, 567520, 15984, 1558, -294.00, -7.00, 14.29, 12.37, 82.46
0, 573460, 17955, 1769, -274.25, -10.13, 15.39, 12.37, 78.17
0, 580059, 20181, 1984, -274.25, -13.31, 15.24, 8.01, 72.93
0, 588062, 22834, 2245, -255.31, -16.44, 15.81, 9.96, 65.96
0, 597519, 25697, 2524, -236.87, -19.56, 14.03, 10.11, 56.92
0, 606306, 28029, 2757, -218.94, -19.56, 14.03, 8.17, 47.85
0, 614376, 29731, 2925, -201.06, -22.31, 10.16, 8.17, 39.04
0, 620275, 30693, 3025, -201.06, -24.81, 9.18, 10.37, 32.35
0, 626179, 31406, 3096, -182.94, -24.81, 9.18, 9.66, 25.50
0, 633851, 31973, 3157, -164.50, -27.06, 5.83, 9.66, 16.40
0, 642771, 32165, 3178, -164.50, -28.62, 6.56, 9.54, 5.65
0, 651752, 32104, 3206, -149.50, -29.62, 7.54, 9.45, -5.24
0, 660069, 31977, 3234, -140.56, -30.06, 7.54, 9.43, -15.27
0, 667325, 31716, 3234, -140.56, -30.06, 10.01, 9.43, -23.90
0, 673459, 31469, 3242, -137.56, -30.31, 8.77, 8.92, -31.05
0, 680135, 31178, 3221, -137.56, -30.62, 8.02, 9.84, -38.64
0, 687902, 30578, 3174, -138.87, -30.69, 8.16, 9.70, -47.14
0, 697057, 29419, 3068, -142.19, -30.69, 6.99, 9.33, -56.63
0, 706135, 27838, 2912, -146.12, -30.56, 6.99, 10.32, -65.34
0, 714350, 25915, 2725, -153.69, -29.94, 6.91, 10.32, -72.55
0, 720246, 24211, 2550, -153.69, -28.75, 6.91, 9.62, -77.28
0, 726155, 22341, 2355, -165.87, -28.75, 6.44, 9.99, -81.63
0, 734157, 19754, 2098, -182.25, -27.00, 9.31, 9.99, -86.84
0, 743114, 16843, 1821, -182.25, -24.62, 13.99, 8.94, -91.71
0, 751374, 13962, 1550, -200.44, -21.69, 14.95, 8.52, -95.24
0, 759329, 11039, 1250, -218.25, -19.00, 17.67, 12.88, -97.73
0, 766390, 8473, 993, -236.19, -19.00, 17.67, 12.88, -99.19
0, 772296, 6312, 758, -236.19, -16.06, 15.66, 9.58, -99.84
0, 778198, 4128, 507, -254.44, -16.06, 12.44, 10.45, -99.99
0, 786215, 1210, 205, -273.19, -12.75, 12.44, 8.34, -99.37
0, 795614, -2104, -85, -292.81, -9.44, 5.67, 11.50, -97.44
0, 805034, -5571, -392, -313.31, -5.62, 5.11, 11.50, -94.24
0, 812919, -8438, -695, -313.31, -2.31, 6.38, 8.88, -90.62
0, 819061, -10724, -932, -334.69, -2.31, 6.38, 8.92, -87.22
0, 825137, -12987, -1170, -356.75, 0.56, 2.51, 8.92, -83.38
0, 832064, -15487, -1424, -356.75, 3.62, 9.94, 9.56, -78.45
0, 839892, -18261, -1674, -379.25, 7.06, 11.64, 9.83, -72.21
0, 847889, -20728, -1915, -401.87, 10.50, 14.08, 10.16, -65.17
0, 856821, -23162, -2136, -424.19, 10.50, 14.08, 10.69, -56.59
0, 865007, -25125, -2341, -445.75, 13.44, 14.37, 10.69, -48.14
0, 870916, -26265, -2462, -445.75, 16.06, 13.16, 9.43, -41.74
0, 877137, -27234, -2552, -466.37, 16.06, 13.16, 10.55, -34.77
0, 885300, -28184, -2645, -486.31, 18.37, 11.77, 10.55, -25.33
0, 894284, -28753, -2712, -504.75, 20.44, 9.36, 9.84, -14.65
0, 902694, -28882, -2738, -504.75, 21.75, 7.71, 9.76, -4.50
0, 910333, -28812, -2797, -517.81, 22.69, 7.99, 9.78, 4.76
0, 917499, -28673, -2831, -525.62, 22.69, 7.99, 9.78, 13.41
0, 923421, -28451, -2834, -528.50, 23.19, 8.72, 7.91, 20.49
0, 929557, -28089, -2839, -528.50, 23.69, 7.92, 11.97, 27.72
0, 937400, -27625, -2803, -528.00, 23.69, 9.98, 9.52, 36.72
0, 946574, -26850, -2731, -526.00, 24.12, 9.98, 10.09, 46.82
0, 955993, -25686, -2626, -521.50, 24.19, 10.06, 10.09, 56.59
0, 963870, -24460, -2498, -515.94, 23.81, 9.07, 10.12, 64.20
0, 969785, -23393, -2371, -515.94, 23.81, 9.79, 9.96, 69.53
0, 975991, -22024, -2220, -507.50, 23.06, 9.79, 9.96, 74.74
0, 984036, -19818, -1991, -495.44, 21.94, 11.28, 9.89, 80.86
0, 991598, -17461, -1713, -495.44, 20.19, 11.67, 9.73, 85.91
0, 999047, -14722, -1465, -479.75, 17.94, 14.18, 9.87, 90.18
0, 1007819, -11495, -1162, -460.19, 17.94, 14.18, 10.09, 94.26
0, 1016026, -8450, -868, -439.31, 15.19, 16.89, 10.09, 97.11
0, 1021928, -6349, -664, -439.31, 12.06, 12.24, 7.70, 98.57
0, 1027865, -4171, -424, -417.75, 12.06, 12.24, 9.83, 99.53
0, 1035895, -1222, -137, -395.56, 9.06, 3.93, 9.83, 100.00
0, 1045351, 2200, 173, -373.12, 5.87, 2.29, 11.15, 99.34
0, 1054458, 5515, 506, -350.81, 2.44, 3.89, 9.45, 97.47
0, 1061369, 8084, 758, -350.81, -0.75, 6.98, 8.65, 95.26
0, 1068361, 10567, 983, -328.94, -0.75, 6.98, 8.65, 92.34
0, 1074298, 12681, 1207, -307.81, -3.87, 10.34, 10.12, 89.34
0, 1081360, 15048, 1461, -307.81, -7.19, 14.19, 10.17, 85.17
0, 1088587, 17471, 1705, -287.50, -10.38, 17.21, 8.80, 80.26
0, 1097616, 20573, 2023, -268.06, -10.38, 15.28, 10.48, 73.25
0, 1107226, 23792, 2337, -249.31, -13.56, 15.28, 10.48, 64.84
0, 1115702, 26362, 2583, -231.06, -16.62, 15.85, 9.60, 56.68
0, 1121622, 27968, 2752, -231.06, -16.62, 14.04, 8.60, 50.63
0, 1127738, 29369, 2888, -213.19, -19.44, 14.04, 10.52, 44.09
0, 1135943, 30856, 3040, -195.37, -22.00, 8.86, 10.52, 34.96
0, 1145495, 32067, 3166, -177.19, -24.19, 4.67, 10.03, 23.89
0, 1154887, 32681, 3232, -158.87, -25.75, 6.65, 9.47, 12.70
0, 1161718, 32769, 3246, -158.87, -26.81, 6.88, 9.61, 4.44
0, 1168665, 32719, 3266, -144.62, -26.81, 6.88, 9.61, -3.98
0, 1174582, 32644, 3289, -135.81, -27.25, 7.59, 9.63, -11.14
0, 1181555, 32460, 3287, -135.81, -27.50, 9.67, 9.54, -19.50
0, 1188513, 32154, 3299, -132.62, -27.50, 9.09, 9.58, -27.69
0, 1197923, 31841, 3283, -133.00, -27.75, 9.87, 10.11, -38.46
0, 1207822, 31143, 3229, -134.62, -27.81, 9.87, 10.11, -49.24
0, 1216391, 30065, 3137, -138.06, -27.69, 9.14, 9.54, -58.01
0, 1222306, 29031, 3036, -138.06, -27.19, 7.32, 9.53, -63.70
0, 1228208, 27785, 2912, -141.56, -27.19, 6.00, 10.01, -69.05
0, 1236361, 25624, 2699, -148.50, -26.19, 6.00, 10.01, -75.85
0, 1246018, 22602, 2390, -160.75, -24.37, 5.69, 10.28, -82.95
0, 1255972, 19429, 2070, -177.81, -22.00, 9.46, 9.38, -89.07
0, 1263383, 17118, 1849, -177.81, -19.12, 11.89, 10.08, -92.79
0, 1270254, 14841, 1628, -196.00, -19.12, 15.10, 10.08, -95.58
0, 1276420, 12523, 1401, -213.87, -16.37, 15.10, 10.00, -97.51
0, 1284408, 9561, 1091, -231.87, -13.63, 15.55, 9.37, -99.20
0, 1292338, 6708, 814, -231.87, -10.50, 18.32, 8.38, -99.95
0, 1301681, 3277, 399, -250.12, -7.19, 14.74, 11.79, -99.66
0, 1309667, 387, 104, -268.69, -7.19, 8.95, 10.03, -98.39
0, 1317966, -2618, -133, -288.00, -3.31, 8.95, 10.03, -96.10
0, 1323912, -4752, -321, -308.25, 0.19, 7.82, 9.90, -93.86
0, 1330409, -7147, -548, -308.25, 0.19, 3.22, 8.49, -90.85
0, 1338181, -10033, -860, -329.44, 3.00, 2.05, 11.85, -86.51
0, 1348069, -13711, -1235, -351.31, 5.94, 6.79, 9.65, -79.89
0, 1358208, -17305, -1584, -373.81, 9.38, 6.79, 9.65, -71.90
0, 1366707, -19994, -1842, -396.44, 12.81, 9.72, 10.10, -64.37
0, 1372655, -21634, -1990, -396.44, 15.88, 14.37, 9.89, -58.68
0, 1378787, -23150, -2135, -418.81, 15.88, 15.08, 11.14, -52.50
0, 1388312, -25182, -2347, -440.56, 18.56, 12.85, 9.21, -42.34
0, 1398276, -26753, -2512, -461.37, 20.81, 10.43, 10.27, -31.11
0, 1409662, -27936, -2619, -481.44, 22.81, 9.48, 9.68, -17.73
0, 1417707, -28316, -2665, -500.12, 24.37, 9.48, 9.68, -8.05
0, 1423658, -28346, -2675, -500.12, 25.31, 8.41, 9.93, -0.84
0, 1429836, -28273, -2723, -513.56, 25.31, 7.80, 9.33, 6.65
0, 1437419, -28110, -2774, -522.44, 25.94, 9.43, 9.33, 15.78
0, 1446829, -27669, -2785, -526.25, 26.31, 9.43, 8.76, 26.93
0, 1456674, -27158, -2758, -525.94, 26.87, 7.95, 11.93, 38.21
0, 1463815, -26595, -2707, -525.94, 27.06, 9.75, 9.28, 46.06
0, 1470704, -25799, -2636, -523.87, 27.06, 8.79, 9.28, 53.31
0, 1476812, -24932, -2551, -519.81, 26.87, 8.79, 10.14, 59.43
0, 1484841, -23597, -2391, -514.75, 26.12, 9.16, 10.20, 66.97
0, 1492914, -21915, -2208, -514.75, 25.00, 9.68, 9.91, 73.91
0, 1502391, -19342, -1940, -506.25, 23.25, 11.58, 9.98, 81.15
0, 1510504, -16780, -1655, -493.75, 23.25, 13.13, 9.73, 86.50
0, 1518860, -13672, -1359, -477.69, 21.06, 13.13, 9.73, 91.13
0, 1524796, -11520, -1166, -457.87, 18.25, 14.06, 9.50, 93.86
0, 1531981, -8884, -912, -457.87, 18.25, 16.68, 8.89, 96.50
0, 1539202, -6254, -654, -436.87, 15.19, 7.13, 10.51, 98.43
0, 1548699, -2784, -292, -415.19, 12.19, 4.14, 10.04, 99.81
0, 1558609, 861, 43, -393.00, 8.94, 4.14, 10.04, 99.83
0, 1566784, 3791, 330, -370.56, 5.56, 1.87, 7.73, 98.77
0, 1572762, 5986, 548, -370.56, 5.56, 3.76, 9.32, 97.38
0, 1579558, 8529, 806, -348.25, 2.37, 6.72, 9.32, 95.17
0, 1587558, 11422, 1052, -326.50, -0.75, 11.06, 10.02, 91.75
0, 1597260, 14816, 1435, -305.50, -4.19, 16.83, 8.17, 86.45
0, 1607208, 18455, 1831, -285.31, -7.25, 16.83, 9.12, 79.77
0, 1614473, 21026, 2065, -266.00, -10.69, 15.46, 9.38, 74.15
0, 1621335, 23288, 2291, -266.00, -10.69, 16.89, 9.38, 68.31
0, 1627708, 25241, 2477, -247.31, -14.13, 14.60, 9.09, 62.47
0, 1635841, 27587, 2707, -229.31, -17.19, 14.60, 10.38, 54.47
0, 1644729, 29764, 2929, -211.44, -19.81, 9.81, 9.55, 45.13
0, 1653626, 31458, 3107, -193.50, -22.31, 9.26, 9.34, 35.26
0, 1660972, 32453, 3210, -193.50, -22.31, 6.17, 9.84, 26.79
0, 1669000, 33078, 3275, -175.25, -24.56, 6.17, 9.84, 17.29
0, 1675256, 33281, 3297, -156.87, -26.31, 6.89, 9.67, 9.78
0, 1683072, 33273, 3309, -156.87, -26.31, 7.52, 9.60, 0.31
0, 1690063, 33209, 3326, -142.75, -27.31, 7.84, 9.39, -8.16
0, 1699108, 33008, 3331, -134.81, -27.75, 9.71, 9.04, -19.03
0, 1708927, 32626, 3347, -132.56, -27.87, 9.71, 9.04, -30.56
0, 1716857, 32360, 3326, -133.00, -28.12, 8.52, 10.43, -39.56
0, 1722812, 31959, 3295, -133.00, -28.12, 9.36, 8.94, -46.09
0, 1728948, 31312, 3245, -134.75, -28.19, 9.21, 8.94, -52.56
0, 1737034, 30107, 3142, -138.12, -28.06, 9.21, 9.62, -60.64
0, 1746598, 28182, 2953, -141.56, -27.56, 6.93, 9.59, -69.44
0, 1755834, 25787, 2710, -149.31, -26.56, 6.11, 9.98, -77.05
0, 1762405, 23746, 2503, -149.31, -26.56, 6.74, 9.91, -81.88
0, 1770178, 21206, 2234, -162.25, -24.87, 10.05, 9.91, -86.92
0, 1776121, 19278, 2057, -179.50, -22.56, 10.05, 10.22, -90.26
0, 1784274, 16678, 1801, -197.69, -19.69, 14.05, 9.96, -94.07
0, 1791421, 14223, 1570, -197.69, -19.69, 14.70, 10.15, -96.65
0, 1801075, 10642, 1216, -215.50, -16.87, 15.27, 9.29, -98.99
0, 1810003, 7386, 907, -233.44, -14.13, 15.83, 9.29, -99.94
0, 1818424, 4317, 502, -251.75, -11.00, 15.83, 8.80, -99.77
0, 1824383, 2179, 286, -270.37, -11.00, 11.07, 7.40, -99.02
0, 1831586, -477, 51, -270.37, -7.62, 9.24, 9.39, -97.42
0, 1838788, -3129, -187, -289.75, -3.94, 5.70, 9.39, -95.08
0, 1848495, -6663, -495, -310.06, -0.31, 4.68, 8.60, -90.78
0, 1858438, -10326, -888, -331.31, 2.56, 4.68, 7.24, -85.07
0, 1866066, -13088, -1176, -353.19, 5.44, 2.08, 10.90, -79.85
0, 1872616, -15490, -1425, -353.19, 5.44, 6.28, 10.90, -74.82
0, 1878943, -17692, -1621, -375.69, 8.81, 11.76, 10.16, -69.51
0, 1887050, -20127, -1856, -398.25, 12.19, 11.76, 9.03, -62.12
0, 1896146, -22474, -2067, -420.56, 15.44, 14.30, 9.69, -53.11
0, 1905699, -24565, -2282, -442.31, 18.06, 14.82, 10.59, -42.96
0, 1913672, -25954, -2430, -442.31, 20.37, 12.50, 9.25, -34.04
0, 1921120, -26900, -2526, -463.06, 20.37, 11.47, 9.25, -25.41
0, 1927246, -27463, -2574, -483.12, 22.37, 11.47, 9.99, -18.16
0, 1935351, -27860, -2615, -501.81, 24.00, 9.22, 10.04, -8.42
0, 1942959, -27927, -2628, -501.81, 24.00, 8.15, 9.99, 0.80
0, 1951925, -27818, -2691, -515.19, 25.00, 8.12, 10.02, 11.65
0, 1960732, -27546, -2718, -523.69, 25.56, 8.93, 10.02, 22.17
0, 1969284, -27091, -2746, -527.25, 25.81, 8.93, 10.14, 32.15
0, 1975768, -26706, -2716, -527.12, 26.37, 8.98, 9.98, 39.49
0, 1983757, -25987, -2653, -525.25, 26.37, 10.03, 9.25, 48.20
0, 1990412, -25210, -2580, -525.25, 26.62, 9.05, 10.14, 55.11
0, 1999935, -23809, -2415, -521.12, 26.56, 9.65, 10.14, 64.36
0, 2009331, -22001, -2217, -515.62, 25.87, 10.66, 10.02, 72.64
0, 2017050, -20028, -2011, -503.62, 24.75, 10.66, 9.68, 78.75
0, 2023376, -18146, -1789, -503.62, 24.75, 11.44, 9.64, 83.25
0, 2029903, -15919, -1577, -491.50, 23.06, 13.03, 9.64, 87.37
0, 2037520, -13099, -1302, -475.37, 20.87, 16.70, 9.84, 91.48
0, 2047089, -9592, -976, -455.37, 18.06, 16.70, 8.20, 95.54
0, 2056401, -6198, -645, -434.31, 15.00, 11.53, 11.64, 98.26
0, 2062965, -3765, -380, -434.31, 15.00, 7.04, 8.95, 99.43
0, 2071273, -723, -91, -412.50, 12.00, 4.75, 8.95, 100.00
0, 2077430, 1541, 113, -390.25, 8.75, 4.75, 9.70, 99.77
0, 2085660, 4482, 395, -367.81, 5.37, 2.91, 9.48, 98.59
0, 2094030, 7536, 704, -345.62, 5.37, 3.39, 10.11, 96.38
0, 2102608, 10634, 987, -345.62, 2.25, 6.92, 8.62, 93.09
0, 2111275, 13757, 1323, -323.94, -0.94, 15.49, 8.62, 88.74
0, 2119726, 16827, 1642, -303.00, -4.31, 16.33, 9.11, 83.56
0, 2125801, 19016, 1881, -283.00, -7.44, 16.33, 11.10, 79.29
0, 2133537, 21728, 2129, -263.75, -7.44, 15.16, 9.57, 73.23
0, 2140178, 23909, 2347, -263.75, -10.88, 16.94, 9.57, 67.51
0, 2149569, 26763, 2619, -245.25, -14.31, 13.26, 10.03, 58.69
0, 2159505, 29411, 2893, -227.12, -17.37, 13.26, 11.42, 48.53
0, 2166772, 30946, 3054, -209.12, -20.00, 10.32, 9.92, 40.64
0, 2173626, 32045, 3169, -190.94, -20.00, 8.65, 9.92, 32.92
0, 2180198, 32797, 3247, -190.94, -22.62, 5.35, 10.08, 25.29
0, 2187559, 33295, 3297, -173.12, -24.81, 7.20, 9.62, 16.56
0, 2196749, 33486, 3315, -160.50, -26.50, 7.20, 9.96, 5.49
0, 2206464, 33440, 3334, -153.62, -27.44, 7.55, 9.67, -6.29
0, 2213374, 33329, 3349, -151.75, -27.44, 9.41, 9.38, -14.63
0, 2221722, 32961, 3350, -151.75, -27.81, 9.33, 9.38, -24.55
0, 2227666, 32769, 3359, -152.06, -28.00, 9.33, 9.50, -31.47
0, 2235745, 32407, 3329, -154.19, -28.19, 8.63, 9.30, -40.61
0, 2243690, 31766, 3281, -157.75, -28.19, 9.05, 9.43, -49.21
0, 2252707, 30617, 3187, -157.75, -28.25, 7.73, 9.66, -58.42
0, 2261408, 29022, 3035, -161.87, -28.06, 7.04, 9.66, -66.65
0, 2269532, 27137, 2839, -169.81, -27.56, 6.18, 9.53, -73.66
0, 2275794, 25338, 2678, -182.56, -25.94, 6.18, 9.72, -78.58
0, 2283866, 22733, 2404, -199.75, -25.94, 7.07, 9.77, -84.25
0, 2290662, 20517, 2175, -199.75, -24.31, 9.63, 9.77, -88.40
0, 2299759, 17610, 1901, -217.87, -22.00, 13.88, 8.88, -93.01
0, 2309535, 14353, 1582, -235.87, -19.12, 13.88, 9.99, -96.70
0, 2316649, 11720, 1313, -254.25, -16.37, 15.20, 9.34, -98.54
0, 2323875, 9041, 1033, -273.12, -16.37, 17.28, 9.34, -99.65
0, 2330514, 6639, 806, -273.12, -13.31, 15.53, 9.46, -100.00
0, 2337686, 4056, 478, -292.62, -9.94, 12.24, 8.65, -99.65
0, 2346861, 707, 138, -312.87, -6.37, 12.24, 9.94, -98.10
0, 2356664, -2879, -160, -334.12, -2.69, 11.49, 9.72, -95.10
0, 2363659, -5404, -386, -356.12, -2.69, 8.43, 10.55, -92.14
0, 2371675, -8353, -690, -356.12, 0.31, 5.81, 10.55, -87.93
0, 2377804, -10639, -920, -378.56, 3.19, 6.95, 11.65, -84.15
0, 2385946, -13641, -1229, -401.06, 6.50, 6.95, 9.64, -78.42
0, 2394048, -16568, -1519, -423.37, 6.50, 10.27, 8.91, -71.95
0, 2403085, -19461, -1792, -423.37, 9.88, 10.80, 10.00, -63.92
0, 2411709, -21806, -2006, -445.06, 13.19, 14.39, 10.00, -55.54
0, 2419840, -23709, -2195, -465.94, 15.88, 14.39, 11.07, -47.08
0, 2426011, -24953, -2325, -485.87, 15.88, 14.08, 9.21, -40.35
0, 2434180, -26204, -2456, -505.31, 18.19, 12.32, 9.47, -31.10
0, 2441344, -27026, -2537, -505.31, 20.19, 11.44, 9.47, -22.73
0, 2450848, -27701, -2597, -523.19, 21.81, 8.92, 9.40, -11.38
0, 2459943, -27902, -2622, -535.62, 22.81, 8.34, 10.09, -0.37
0, 2466852, -27840, -2657, -543.62, 23.37, 8.34, 9.90, 8.00
0, 2473859, -27681, -2712, -547.19, 23.37, 8.06, 9.90, 16.44
0, 2480890, -27356, -2723, -547.19, 23.62, 8.61, 9.80, 24.78
0, 2487879, -26976, -2741, -547.00, 24.25, 9.02, 11.24, 32.89
0, 2496953, -26368, -2686, -544.69, 24.56, 9.02, 9.13, 43.07
0, 2506792, -25381, -2597, -540.31, 24.44, 10.27, 11.05, 53.51
0, 2513788, -24464, -2497, -534.69, 24.44, 9.28, 9.94, 60.48
0, 2521997, -23096, -2336, -534.69, 23.81, 9.45, 9.94, 68.10
0, 2527935, -21849, -2202, -526.25, 22.69, 10.59, 10.14, 73.19
0, 2535985, -19717, -1981, -514.50, 22.69, 10.59, 9.93, 79.48
0, 2544341, -17142, -1683, -498.31, 21.00, 11.22, 9.78, 85.22
0, 2553981, -13594, -1351, -478.87, 18.81, 13.99, 9.44, 90.74
0, 2562004, -10634, -1080, -478.87, 16.00, 16.82, 9.44, 94.39
0, 2569916, -7720, -793, -458.62, 12.94, 12.00, 11.05, 97.12
0, 2575897, -5579, -580, -437.75, 12.94, 12.00, 7.28, 98.59
0, 2584127, -2579, -272, -416.00, 9.94, 7.29, 7.28, 99.77
0, 2591397, 66, -35, -416.00, 6.69, 3.39, 11.15, 99.98
0, 2600613, 3401, 294, -393.75, 3.25, 2.93, 8.27, 99.13
0, 2610005, 6843, 635, -371.19, 0.13, 3.35, 9.74, 96.99
0, 2616598, 9242, 872, -348.94, 0.13, 3.35, 8.63, 94.74
0, 2624173, 12017, 1122, -327.19, -3.06, 11.13, 8.63, 91.40
0, 2630999, 14270, 1373, -327.19, -6.44, 14.69, 8.68, 87.73
0, 2637993, 16543, 1603, -306.19, -9.50, 17.86, 10.81, 83.35
0, 2647424, 19763, 1943, -286.00, -12.81, 14.25, 8.98, 76.50
0, 2657192, 23160, 2278, -266.56, -15.94, 14.25, 9.99, 68.34
0, 2664285, 25456, 2502, -247.87, -15.94, 16.59, 10.50, 61.82
0, 2672674, 27889, 2742, -247.87, -19.00, 14.52, 10.50, 53.51
0, 2678913, 29416, 2894, -229.75, -21.87, 10.50, 7.55, 46.97
0, 2687060, 30960, 3051, -211.69, -24.44, 10.50, 10.52, 38.03
0, 2695300, 32077, 3168, -193.50, -24.44, 4.42, 9.34, 28.61
0, 2704991, 32803, 3245, -176.44, -26.62, 6.24, 9.45, 17.18
0, 2713028, 32976, 3264, -176.44, -28.12, 6.56, 9.45, 7.51
0, 2721130, 32925, 3285, -164.94, -29.12, 7.58, 9.66, -2.31
0, 2727307, 32849, 3307, -159.00, -29.12, 7.58, 9.70, -9.79
0, 2735450, 32610, 3305, -157.94, -29.50, 9.26, 9.51, -19.56
0, 2742911, 32328, 3322, -157.94, -29.69, 8.93, 9.51, -28.34
0, 2752281, 32010, 3298, -158.69, -29.94, 8.69, 9.32, -39.04
0, 2761254, 31339, 3246, -161.12, -30.00, 9.60, 9.88, -48.81
0, 2768360, 30478, 3173, -164.12, -29.81, 9.60, 9.74, -56.14
0, 2775837, 29184, 3050, -168.19, -29.81, 7.23, 9.34, -63.41
0, 2783609, 27524, 2881, -176.56, -29.31, 7.14, 9.34, -70.40
0, 2790364, 25719, 2707, -176.56, -28.31, 6.36, 10.04, -75.98
0, 2798676, 23139, 2444, -190.31, -26.56, 7.90, 9.26, -82.14
0, 2808286, 20087, 2132, -208.00, -24.25, 7.90, 9.31, -88.22
0, 2815492, 17841, 1923, -226.12, -24.25, 10.12, 9.84, -91.99
0, 2823533, 15242, 1660, -244.25, -21.37, 14.49, 9.84, -95.37
0, 2829807, 12921, 1445, -244.25, -18.62, 15.05, 9.97, -97.38
0, 2837420, 10107, 1161, -262.94, -15.94, 15.05, 9.45, -99.06
0, 2845739, 7107, 874, -282.12, -15.94, 17.65, 9.03, -99.94
0, 2855564, 3490, 426, -301.87, -12.81, 15.40, 12.11, -99.65
0, 2863613, 583, 124, -301.87, -9.44, 11.39, 12.11, -98.37
0, 2871616, -2313, -101, -322.56, -5.69, 10.25, 10.03, -96.16
0, 2877762, -4541, -299, -344.19, -2.12, 7.34, 9.86, -93.85
0, 2885924, -7542, -595, -366.37, -2.12, 7.34, 8.92, -89.98
0, 2893724, -10447, -901, -388.87, 0.75, 3.39, 8.92, -85.46
0, 2902736, -13774, -1242, -388.87, 3.62, 6.55, 10.89, -79.28
0, 2911482, -16907, -1550, -411.37, 7.06, 10.07, 9.35, -72.38
0, 2918528, -19199, -1765, -433.44, 10.44, 10.07, 9.55, -66.23
0, 2925787, -21260, -1959, -454.75, 10.44, 14.01, 9.55, -59.38
0, 2933472, -23222, -2143, -475.19, 13.63, 15.12, 10.19, -51.63
0, 2940598, -24797, -2308, -475.19, 16.31, 13.82, 9.18, -44.04
0, 2948771, -26218, -2458, -494.87, 18.62, 12.76, 9.47, -34.94
0, 2958588, -27462, -2572, -514.06, 20.69, 9.46, 10.45, -23.56
0, 2965791, -28049, -2635, -531.44, 20.69, 9.46, 9.50, -14.99
0, 2973936, -28326, -2670, -543.44, 22.25, 9.11, 9.50, -5.16
0, 2980667, -28313, -2692, -543.44, 23.25, 7.88, 10.12, 3.00
0, 2987826, -28203, -2753, -551.12, 23.87, 8.81, 9.92, 11.66
0, 2995990, -27936, -2775, -553.75, 23.87, 8.81, 8.55, 21.42
0, 3005814, -27418, -2782, -553.06, 24.25, 9.27, 9.50, 32.88
0, 3013915, -26904, -2735, -550.56, 24.81, 8.60, 9.50, 41.99
0, 3021829, -26120, -2665, -550.56, 25.00, 10.50, 10.26, 50.49
0, 3027811, -25350, -2595, -546.25, 25.00, 9.05, 10.09, 56.62
0, 3035800, -24108, -2452, -540.56, 24.87, 9.05, 10.20, 64.33
0, 3043952, -22562, -2275, -531.19, 24.12, 9.47, 10.20, 71.57
0, 3052971, -20317, -2039, -531.19, 23.06, 10.77, 9.93, 78.77
0, 3061366, -17799, -1746, -518.37, 21.31, 12.58, 9.93, 84.63
0, 3068371, -15312, -1517, -501.81, 21.31, 13.84, 9.46, 88.84
0, 3075929, -12539, -1254, -482.37, 19.12, 13.84, 8.66, 92.67
0, 3084098, -9531, -973, -462.25, 16.37, 16.45, 8.66, 95.94
0, 3090967, -6999, -721, -462.25, 13.31, 9.07, 11.16, 97.95
0, 3098588, -4189, -424, -441.56, 10.25, 10.05, 9.88, 99.39
0, 3107679, -884, -105, -419.94, 10.25, 10.05, 9.63, 100.00
0, 3115751, 2075, 162, -397.75, 7.06, 6.01, 9.63, 99.52
0, 3124228, 5121, 462, -375.25, 3.69, 4.16, 9.82, 97.99
0, 3131068, 7584, 709, -375.25, 0.50, 8.68, 9.52, 96.00
0, 3138048, 10090, 940, -352.87, -2.62, 12.75, 10.03, 93.29
0, 3146286, 13072, 1253, -331.06, -2.62, 12.75, 9.17, 89.23
0, 3156008, 16575, 1619, -309.94, -6.00, 15.16, 9.17, 83.30
0, 3164356, 19521, 1921, -289.69, -9.06, 15.74, 10.97, 77.28
0, 3172240, 22201, 2179, -289.69, -12.56, 16.57, 9.27, 70.87
0, 3178408, 24158, 2367, -270.19, -15.94, 15.84, 9.13, 65.40
0, 3186422, 26505, 2592, -251.44, -15.94, 15.84, 10.23, 57.75
0, 3194514, 28629, 2816, -233.12, -18.94, 10.65, 10.23, 49.47
0, 3203416, 30490, 3004, -215.00, -21.62, 11.03, 8.77, 39.81
0, 3211113, 31722, 3135, -215.00, -24.06, 6.38, 9.89, 31.08
0, 3217813, 32463, 3212, -196.75, -24.06, 5.98, 9.76, 23.26
0, 3225990, 32934, 3261, -179.50, -26.31, 5.98, 9.76, 13.52
0, 3234050, 33015, 3275, -167.50, -28.00, 7.16, 9.69, 3.78
0, 3241027, 32974, 3289, -167.50, -29.06, 7.68, 9.56, -4.68
0, 3248973, 32853, 3310, -161.31, -29.44, 9.04, 9.61, -14.27
0, 3257776, 32519, 3313, -160.12, -29.44, 9.04, 9.88, -24.74
0, 3265886, 32265, 3319, -160.81, -29.62, 8.67, 9.88, -34.14
0, 3274042, 31857, 3287, -163.06, -29.87, 7.68, 10.33, -43.25
0, 3281048, 31215, 3237, -163.06, -29.94, 10.92, 8.43, -50.75
0, 3288219, 30234, 3154, -166.31, -29.94, 7.50, 9.54, -58.05
0, 3296511, 28688, 3002, -170.62, -29.87, 7.50, 9.60, -65.93
0, 3305862, 26465, 2768, -179.62, -29.37, 6.06, 9.60, -74.02
0, 3313793, 24136, 2547, -193.81, -28.37, 7.04, 9.72, -80.13
0, 3320684, 21966, 2314, -193.81, -26.62, 7.23, 9.76, -84.85
0, 3327690, 19739, 2098, -211.56, -26.62, 13.26, 7.37, -89.03
0, 3335809, 17204, 1859, -229.69, -24.31, 13.26, 7.37, -93.08
0, 3344014, 14485, 1596, -248.00, -21.50, 14.24, 10.06, -96.25
0, 3351973, 11549, 1295, -248.00, -18.75, 15.02, 10.25, -98.42
0, 3359835, 8666, 1000, -266.75, -16.00, 16.29, 8.59, -99.66
0, 3367161, 5979, 702, -286.06, -16.00, 16.29, 8.45, -100.00
0, 3375663, 2874, 353, -306.00, -12.94, 14.98, 8.45, -99.40
0, 3383606, -12, 76, -326.81, -9.63, 14.88, 8.13, -97.89
0, 3390264, -2402, -111, -326.81, -5.87, 12.07, 9.12, -95.93
0, 3397578, -5070, -352, -348.50, -5.87, 5.68, 9.38, -93.05
0, 3406998, -8550, -710, -370.75, -2.31, 5.68, 7.32, -88.26
0, 3415437, -11688, -1017, -393.31, 0.62, 4.87, 7.32, -83.00
0, 3423418, -14568, -1334, -415.69, 3.50, 5.74, 11.10, -77.21
0, 3429475, -16756, -1537, -415.69, 6.87, 11.21, 9.34, -72.34
0, 3437355, -19290, -1774, -437.62, 6.87, 11.21, 10.71, -65.42
0, 3445681, -21603, -1987, -458.81, 10.25, 14.42, 10.71, -57.46
0, 3455823, -24039, -2228, -479.12, 13.50, 15.01, 9.61, -46.98
0, 3463760, -25630, -2395, -498.69, 16.19, 12.49, 10.55, -38.28
0, 3471176, -26715, -2510, -498.69, 18.44, 12.06, 9.96, -29.83
0, 3478161, -27487, -2576, -517.81, 18.44, 9.54, 9.90, -21.64
0, 3486223, -28021, -2633, -535.00, 20.12, 9.54, 9.90, -12.00
0, 3494222, -28211, -2655, -546.75, 21.75, 9.00, 10.00, -2.33
0, 3502125, -28164, -2691, -546.75, 22.37, 8.20, 10.20, 7.25
0, 3509790, -28015, -2743, -553.75, 22.37, 8.54, 8.57, 16.48
0, 3517571, -27633, -2764, -556.25, 22.62, 8.54, 9.79, 25.70
0, 3526032, -27161, -2757, -555.62, 23.19, 9.15, 9.79, 35.47
0, 3533810, -26591, -2705, -553.00, 23.50, 10.47, 10.51, 44.12
0, 3540586, -25872, -2642, -553.00, 23.37, 9.58, 10.49, 51.34
0, 3547927, -24888, -2546, -548.37, 23.37, 9.16, 10.31, 58.77
0, 3557713, -23295, -2359, -542.25, 22.62, 9.16, 9.82, 67.94
0, 3566052, -21513, -2163, -532.56, 21.56, 9.56, 9.82, 75.00
0, 3573837, -19363, -1942, -519.75, 19.81, 10.99, 9.92, 80.90
0, 3581134, -17059, -1677, -519.75, 17.69, 12.52, 9.61, 85.78
0, 3588108, -14461, -1441, -503.12, 17.69, 13.68, 9.77, 89.82
0, 3596182, -11516, -1164, -483.69, 14.88, 13.68, 9.77, 93.69
0, 3605989, -7872, -808, -463.69, 11.81, 13.96, 8.55, 97.18
0, 3613818, -5019, -515, -443.00, 8.81, 9.66, 7.48, 98.98
0, 3620481, -2636, -276, -443.00, 8.81, 10.53, 9.36, 99.81
0, 3628148, 146, -27, -421.37, 5.56, 4.07, 9.95, 99.95
0, 3636354, 3101, 264, -399.25, 2.19, 4.07, 9.95, 99.15
0, 3644365, 6040, 555, -376.75, -1.00, 3.91, 10.04, 97.43
0, 3652320, 8975, 854, -376.75, -4.12, 8.70, 9.49, 94.80
0, 3659844, 11675, 1078, -354.37, -4.12, 12.51, 9.78, 91.51
0, 3667816, 14523, 1403, -332.56, -7.44, 12.51, 9.78, 87.19
0, 3676415, 17654, 1732, -311.37, -10.56, 13.58, 8.57, 81.61
0, 3684424, 20450, 2016, -291.06, -14.06, 15.55, 8.95, 75.62
0, 3691404, 22759, 2241, -291.06, -17.44, 16.95, 9.29, 69.82
0, 3698448, 24918, 2442, -271.50, -17.44, 14.23, 8.89, 63.46
0, 3708157, 27665, 2715, -252.75, -20.50, 11.42, 8.89, 53.93
0, 3716419, 29665, 2920, -234.37, -23.06, 11.42, 7.25, 45.24
0, 3724179, 31146, 3077, -216.19, -25.56, 11.04, 10.21, 36.65
0, 3731659, 32203, 3186, -216.19, -25.56, 6.49, 9.29, 28.07
0, 3738706, 32829, 3251, -197.81, -27.81, 6.36, 9.29, 19.78
0, 3746911, 33138, 3282, -180.81, -29.50, 6.36, 9.29, 9.94
0, 3756534, 33144, 3295, -169.37, -30.56, 7.18, 9.66, -1.72
0, 3764146, 33066, 3317, -163.81, -31.00, 7.66, 9.62, -10.93
0, 3770754, 32903, 3322, -163.81, -31.00, 9.52, 9.60, -18.86
0, 3778561, 32538, 3340, -162.87, -31.12, 8.72, 9.60, -28.06
0, 3786740, 32265, 3319, -163.50, -31.37, 8.72, 9.95, -37.43
0, 3794779, 31736, 3279, -166.12, -31.44, 7.16, 9.20, -46.28
0, 3802725, 30862, 3208, -166.12, -31.31, 7.66, 9.54, -54.60
0, 3810229, 29658, 3100, -169.56, -31.31, 7.02, 9.50, -61.99
0, 3818358, 27968, 2929, -174.31, -30.87, 7.02, 9.50, -69.41
0, 3826815, 25752, 2706, -183.56, -29.87, 6.19, 9.86, -76.42
0, 3834916, 23258, 2454, -198.06, -28.19, 6.47, 9.35, -82.38
0, 3842201, 20954, 2214, -198.06, -25.87, 9.45, 9.99, -87.06
0, 3849549, 18643, 1999, -216.00, -25.87, 13.04, 10.11, -91.09
0, 3858621, 15788, 1708, -234.19, -23.06, 14.09, 10.11, -95.07
0, 3866861, 12811, 1434, -252.56, -20.31, 14.09, 10.00, -97.69
0, 3874513, 9981, 1147, -271.50, -17.62, 16.03, 9.25, -99.25
0, 3882497, 7125, 878, -271.50, -14.56, 17.56, 8.82, -99.97
0, 3889476, 4604, 515, -291.00, -14.56, 16.98, 11.56, -99.83
0, 3897386, 1725, 251, -311.12, -11.19, 10.58, 11.56, -98.80
0, 3907028, -1808, -52, -332.06, -7.50, 10.58, 9.93, -96.32
0, 3914547, -4563, -300, -353.94, -3.87, 7.69, 9.89, -93.47
0, 3921366, -7070, -538, -353.94, -3.87, 4.87, 8.90, -90.22
0, 3929201, -9973, -852, -376.25, -0.94, 4.14, 8.90, -85.72
0, 3937333, -12961, -1161, -398.75, 1.94, 4.14, 11.71, -80.23
0, 3945686, -16015, -1469, -421.06, 5.25, 8.35, 9.73, -73.78
0, 3954598, -19012, -1745, -442.81, 8.63, 9.42, 10.03, -66.06
0, 3961443, -20963, -1935, -442.81, 8.63, 14.91, 9.72, -59.61
0, 3969098, -22867, -2104, -463.81, 11.88, 14.68, 9.72, -51.91
0, 3977630, -24690, -2295, -483.87, 14.63, 12.18, 11.52, -42.80
0, 3986830, -26227, -2458, -503.31, 16.94, 12.18, 9.13, -32.47
0, 3995057, -27233, -2553, -522.37, 18.94, 11.76, 10.13, -22.88
0, 4004804, -27943, -2623, -538.81, 20.56, 9.87, 9.75, -11.24
0, 4011648, -28134, -2649, -538.81, 20.56, 8.31, 9.82, -2.96
0, 4019277, -28103, -2678, -550.25, 21.62, 8.20, 9.82, 6.29
0, 4027870, -27937, -2736, -557.31, 22.25, 8.26, 9.80, 16.64
0, 4035831, -27557, -2759, -559.81, 22.56, 8.26, 8.93, 26.07
0, 4043869, -27120, -2754, -559.06, 23.12, 7.66, 10.97, 35.35
0, 4050976, -26621, -2707, -559.06, 23.12, 10.25, 9.81, 43.27
0, 4059604, -25716, -2629, -556.31, 23.44, 9.91, 9.81, 52.45
0, 4067982, -24582, -2512, -551.75, 23.37, 9.91, 10.05, 60.82
0, 4076026, -23246, -2354, -545.44, 22.69, 9.68, 9.91, 68.26
0, 4084113, -21479, -2160, -535.81, 22.69, 10.12, 10.07, 75.09
0, 4091101, -19557, -1964, -535.81, 21.56, 10.93, 10.07, 80.41
0, 4098164, -17372, -1703, -523.00, 19.94, 12.31, 9.88, 85.21
0, 4107886, -13795, -1373, -506.00, 17.75, 12.31, 9.98, 90.77
0, 4115717, -10907, -1107, -486.62, 14.94, 15.50, 9.73, 94.34
0, 4122304, -8502, -875, -486.62, 14.94, 15.11, 9.63, 96.69
0, 4131332, -5200, -535, -466.69, 11.94, 10.93, 9.63, 98.90
0, 4138348, -2684, -282, -446.12, 8.88, 5.44, 10.49, 99.80
0, 4146412, 244, -18, -424.69, 5.69, 5.44, 10.78, 99.94
0, 4155540, 3536, 305, -402.50, 2.31, 3.71, 7.84, 98.95
0, 4162132, 5981, 550, -402.50, 2.31, 5.76, 8.66, 97.48
0, 4169916, 8861, 842, -380.06, -0.88, 9.16, 8.66, 94.94
0, 4178613, 11943, 1108, -717.75, -4.00, 13.54, 10.36, 91.10
0, 4186747, 14905, 1446, -695.81, -7.31, 13.54, 8.13, 86.60
0, 4195002, 17873, 1762, -674.56, -10.44, 13.16, 10.30, 81.16
0, 4203035, 20646, 2036, -654.06, -14.00, 16.10, 9.30, 75.09
0, 4210544, 23090, 2274, -654.06, -14.00, 16.02, 8.70, 68.78
0, 4218753, 25548, 2503, -634.50, -17.37, 16.02, 8.70, 61.22
0, 4226695, 27761, 2724, -615.56, -20.37, 14.22, 11.20, 53.33
0, 4234758, 29661, 2920, -597.12, -22.94, 12.32, 10.64, 44.81
0, 4242052, 31037, 3065, -597.12, -22.94, 7.16, 9.15, 36.74
0, 4248839, 32013, 3167, -578.81, -25.44, 5.21, 9.15, 28.96
0, 4258574, 32853, 3253, -560.44, -27.69, 6.47, 9.97, 17.49
0, 4266501, 33114, 3280, -543.87, -29.37, 6.47, 9.61, 7.95
0, 4273246, 33098, 3293, -532.94, -30.44, 7.06, 9.66, -0.22
0, 4281862, 33024, 3318, -532.94, -30.44, 8.25, 9.66, -10.65
0, 4288880, 32862, 3318, -527.44, -30.94, 9.73, 9.45, -19.07
0, 4296860, 32491, 3337, -526.56, -31.12, 9.73, 9.23, -28.47
0, 4306141, 32151, 3310, -527.25, -31.37, 8.81, 10.42, -39.06
0, 4312785, 31698, 3275, -527.25, -31.37, 11.97, 9.49, -46.34
0, 4320646, 30807, 3203, -530.00, -31.44, 8.21, 9.49, -54.57
0, 4329016, 29434, 3077, -533.37, -31.31, 6.70, 9.59, -62.78
0, 4336873, 27778, 2909, -538.37, -30.81, 6.70, 9.57, -69.91
0, 4345136, 25573, 2693, -548.12, -29.81, 6.64, 9.58, -76.71
0, 4353263, 23059, 2436, -563.00, -29.81, 6.54, 9.77, -82.65
0, 4360907, 20654, 2189, -563.00, -28.12, 9.41, 10.24, -87.51
0, 4369156, 18085, 1946, -581.00, -25.87, 12.61, 10.24, -91.91
0, 4377113, 15574, 1688, -599.25, -23.06, 12.61, 10.02, -95.28
0, 4385306, 12578, 1409, -617.75, -20.31, 15.04, 10.06, -97.82
0, 4393300, 9606, 1103, -636.87, -20.31, 15.51, 9.50, -99.37
0, 4399948, 7268, 895, -636.87, -17.62, 18.18, 9.04, -99.95
0, 4409281, 3846, 459, -656.50, -14.63, 15.23, 9.04, -99.67
0, 4417242, 966, 170, -676.87, -11.25, 15.23, 8.45, -98.42
0, 4423877, -1437, -18, -698.06, -7.56, 9.09, 10.17, -96.67
0, 4432516, -4612, -305, -698.06, -7.56, 7.30, 8.72, -93.46
0, 4439480, -7168, -549, -360.06, -3.94, 3.18, 8.72, -90.13
0, 4447096, -9995, -854, -382.44, -1.00, 3.18, 8.34, -85.75
0, 4456504, -13464, -1211, -404.87, 1.87, 2.83, 10.29, -79.33
0, 4463302, -15943, -1462, -404.87, 1.87, 7.62, 9.80, -74.05
0, 4471050, -18563, -1703, -427.00, 5.19, 9.29, 9.80, -67.42
0, 4479509, -20996, -1938, -448.62, 8.63, 14.72, 9.52, -59.49
0, 4487013, -22884, -2106, -469.37, 11.88, 14.72, 10.04, -51.94
0, 4496594, -24934, -2321, -489.25, 14.63, 15.03, 9.92, -41.68
0, 4505983, -26473, -2484, -508.56, 16.94, 12.36, 9.22, -31.08
0, 4512836, -27306, -2559, -508.56, 16.94, 10.01, 9.82, -23.08
0, 4520980, -27920, -2621, -527.50, 18.94, 9.35, 9.82, -13.37
0, 4529473, -28168, -2651, -543.87, 20.62, 8.37, 10.27, -3.11
0, 4537077, -28140, -2679, -555.19, 21.75, 8.37, 9.91, 6.11
0, 4545493, -27980, -2740, -561.69, 22.31, 8.03, 10.11, 16.25
0, 4553430, -27607, -2760, -563.62, 22.31, 9.23, 10.42, 25.66
0, 4561378, -27172, -2759, -563.62, 22.62, 7.70, 10.42, 34.85
0, 4569625, -26588, -2705, -562.75, 23.19, 10.25, 9.97, 44.04
0, 4576987, -25823, -2638, -559.75, 23.50, 10.25, 9.71, 51.87
0, 4585442, -24680, -2524, -555.12, 23.44, 9.11, 10.28, 60.35
0, 4593252, -23409, -2372, -548.69, 23.44, 9.45, 9.90, 67.62
0, 4600133, -21973, -2214, -548.69, 22.75, 9.90, 9.90, 73.53
0, 4609567, -19425, -1949, -538.75, 21.69, 12.10, 10.11, 80.79
0, 4616854, -17168, -1686, -525.75, 20.00, 12.10, 10.04, 85.67
0, 4623588, -14693, -1462, -508.44, 20.00, 13.32, 9.61, 89.60
0, 4632651, -11364, -1150, -508.44, 17.87, 15.01, 9.61, 93.93
0, 4639584, -8825, -906, -489.06, 15.13, 16.02, 8.56, 96.48
0, 4647177, -6062, -632, -469.25, 12.06, 10.17, 11.72, 98.49
0, 4656549, -2647, -279, -448.81, 9.06, 10.17, 9.41, 99.82
0, 4663490, -125, -48, -427.44, 9.06, 4.00, 8.75, 99.97
0, 4671612, 2829, 239, -427.44, 5.87, 3.63, 8.75, 99.25
0, 4680066, 5931, 545, -405.37, 2.69, 7.20, 9.67, 97.48
0, 4687334, 8619, 816, -382.94, -0.44, 8.93, 9.89, 95.14
0, 4695500, 11486, 1061, -360.62, -3.81, 8.93, 8.80, 91.63
0, 4703463, 14366, 1387, -698.62, -3.81, 11.97, 9.08, 87.33
0, 4711608, 17341, 1694, -698.62, -7.00, 13.79, 9.08, 82.10
0, 4719799, 20195, 1988, -677.31, -10.38, 13.79, 11.02, 76.03
0, 4726684, 22475, 2212, -656.75, -13.81, 16.87, 9.47, 70.35
0, 4735262, 25078, 2458, -637.06, -13.81, 15.97, 10.05, 62.59
0, 4743484, 27411, 2689, -618.06, -16.81, 13.97, 10.05, 54.51
0, 4750666, 29178, 2871, -618.06, -19.44, 10.18, 9.65, 47.01
0, 4760060, 30989, 3059, -599.50, -21.87, 7.79, 8.92, 36.67
0, 4767350, 32046, 3169, -581.19, -24.12, 7.79, 9.63, 28.31
0, 4774082, 32677, 3236, -562.81, -24.12, 5.05, 10.01, 20.39
0, 4783662, 33047, 3273, -546.69, -25.87, 7.00, 10.01, 8.90
0, 4790788, 33048, 3285, -546.69, -27.00, 7.32, 9.65, 0.27
0, 4797773, 32989, 3304, -536.00, -27.44, 8.21, 9.63, -8.20
0, 4806728, 32780, 3314, -531.12, -27.62, 8.21, 9.22, -18.95
0, 4813921, 32466, 3330, -530.56, -27.62, 9.68, 9.97, -27.44
0, 4822062, 32193, 3312, -530.56, -27.87, 8.03, 9.97, -36.79
0, 4830790, 31614, 3268, -531.44, -27.94, 11.47, 10.05, -46.41
0, 4837780, 30856, 3208, -534.31, -27.81, 8.21, 9.73, -53.74
0, 4845825, 29570, 3090, -537.56, -27.31, 8.21, 9.52, -61.70
0, 4854115, 27857, 2916, -543.06, -27.31, 6.34, 9.53, -69.29
0, 4862253, 25728, 2705, -543.06, -26.37, 6.61, 9.53, -76.06
0, 4870873, 23085, 2438, -553.19, -24.62, 6.60, 9.49, -82.42
0, 4879032, 20537, 2178, -568.50, -22.37, 9.33, 10.36, -87.61
0, 4886827, 18126, 1949, -586.69, -19.56, 9.33, 7.52, -91.77
0, 4895106, 15515, 1683, -605.06, -19.56, 13.92, 10.17, -95.29
0, 4902585, 12784, 1431, -605.06, -16.87, 14.99, 9.11, -97.65
0, 4911533, 9456, 1085, -623.75, -14.19, 15.33, 9.11, -99.41
0, 4919495, 6609, 804, -643.00, -11.13, 15.33, 8.91, -99.99
0, 4926331, 4153, 482, -662.87, -7.75, 17.49, 8.15, -99.75
0, 4935160, 941, 166, -683.50, -7.75, 14.30, 8.98, -98.42
0, 4942898, -1864, -57, -704.87, -4.12, 7.64, 8.98, -96.33
0, 4949494, -4284, -278, -704.87, -0.50, 3.31, 9.08, -93.88
0, 4959086, -7809, -628, -727.06, 2.50, 3.31, 10.05, -89.24
0, 4966116, -10411, -895, -749.44, 2.50, 1.50, 7.87, -85.07
0, 4973496, -13080, -1171, -771.81, 5.31, 1.54, 10.03, -80.03
0, 4982526, -16319, -1498, -771.81, 8.63, 7.59, 10.03, -73.00
0, 4989264, -18564, -1702, -793.81, 12.00, 13.19, 9.67, -67.18
0, 4996992, -20765, -1919, -815.12, 15.25, 13.19, 10.65, -59.95
0, 5007031, -23227, -2143, -835.62, 17.94, 14.17, 10.83, -49.78
