********************************************************************************
Obsolete PIO Core v6.1.11 is used (previous was 6.1.14)
Please remove multiple PIO Cores from a system:
https://docs.platformio.org/en/latest/core/installation/troubleshooting.html
********************************************************************************
--- Terminal on /dev/cu.usbmodem14303 | 230400 8-N-1
--- Available filters and text transformations: colorize, debug, default, direct, hexlify, log2file, nocontrol, printable, send_on_enter, time
--- More details at https://bit.ly/pio-monitor-filters
--- Quit: Ctrl+C | Menu: Ctrl+T | Help: Ctrl+T followed by Ctrl+H
start
pain
Waiting for ODrive...
pin
found ODrive
DC voltage: 23.99
Enabling closed loop control...
ODrive running!
end time:5000000
0, 32, -1179648, 262143, 114.56, -10.63, 14.14, 3.45, 100.00
0, 9874, 2083, 115, 114.87, -10.63, 14.14, 7.00, 99.63
0, 15904, 4268, 337, 114.81, -10.63, 9.68, 7.00, 99.04
0, 21810, 6414, 544, 114.81, -10.75, 9.68, 9.89, 98.19
0, 27589, 8567, 758, 116.75, -10.75, 4.28, 11.85, 97.11
0, 34692, 11109, 987, 116.75, -13.06, 9.43, 10.54, 95.45
0, 44275, 14358, 1336, 136.56, -16.44, 10.34, 8.70, 92.62
0, 53930, 17603, 1663, 157.25, -19.56, 18.36, 11.14, 89.12
0, 62856, 20894, 2013, 177.12, -22.81, 15.12, 11.14, 85.32
0, 68788, 23020, 2221, 196.25, -26.00, 15.12, 9.82, 82.50
0, 74490, 25073, 2423, 196.25, -26.00, 16.24, 9.82, 79.59
0, 80488, 27160, 2633, 214.81, -29.31, 14.92, 9.66, 76.31
0, 90116, 30206, 2925, 232.62, -32.38, 11.16, 9.67, 70.61
0, 99861, 32874, 3203, 250.25, -35.38, 6.87, 10.27, 64.34
0, 108956, 35149, 3433, 267.94, -38.06, 6.87, 9.80, 58.07
0, 115747, 36747, 3573, 286.06, -38.06, 6.75, 9.80, 53.14
0, 121455, 37960, 3682, 286.06, -40.50, 6.75, 8.84, 48.86
0, 127329, 39028, 3780, 304.62, -40.50, 6.46, 9.98, 44.32
0, 134088, 39982, 3874, 304.62, -42.63, 7.20, 9.59, 38.96
0, 143875, 41049, 3970, 323.75, -44.31, 8.17, 9.74, 30.95
0, 153758, 41724, 4037, 342.37, -45.69, 10.23, 9.60, 22.64
0, 163127, 41962, 4060, 356.56, -46.56, 10.68, 9.60, 14.61
0, 169062, 41950, 4064, 366.75, -47.25, 10.68, 9.50, 9.47
0, 174771, 41940, 4065, 366.75, -47.25, 10.87, 9.50, 4.49
0, 180783, 41919, 4066, 373.19, -47.44, 9.73, 9.66, -0.75
0, 190409, 41805, 4069, 375.56, -47.50, 10.00, 9.43, -9.14
0, 199784, 41469, 4070, 375.50, -47.56, 10.15, 9.73, -17.25
0, 209005, 41042, 4090, 375.00, -47.56, 10.15, 9.49, -25.12
0, 216045, 40817, 4072, 373.37, -47.56, 10.63, 9.49, -31.02
0, 221753, 40524, 4043, 373.37, -47.63, 9.11, 10.30, -35.71
0, 227675, 40069, 3998, 369.12, -47.63, 9.11, 9.60, -40.49
0, 235289, 39248, 3917, 365.69, -47.69, 10.17, 9.77, -46.48
0, 244477, 37913, 3765, 365.69, -47.19, 9.94, 9.72, -53.42
0, 254167, 36381, 3653, 360.87, -46.31, 8.89, 8.98, -60.38
0, 263548, 34813, 3524, 352.19, -45.00, 8.13, 8.98, -66.69
0, 269459, 33698, 3416, 339.69, -45.00, 8.13, 9.83, -70.45
0, 275166, 32458, 3302, 339.69, -43.88, 7.97, 9.83, -73.90
0, 281386, 30908, 3175, 325.75, -42.69, 7.53, 9.63, -77.44
0, 290288, 28371, 2924, 311.19, -41.00, 4.71, 8.28, -82.12
0, 299139, 25470, 2644, 294.37, -39.06, 4.71, 10.98, -86.28
0, 308944, 21909, 2252, 276.00, -36.50, 8.71, 9.13, -90.29
0, 315711, 19439, 2030, 276.00, -36.50, 10.33, 9.13, -92.67
0, 321431, 17344, 1829, 258.00, -33.31, 10.33, 9.06, -94.43
0, 327353, 15149, 1617, 240.50, -33.31, 17.28, 10.76, -96.00
0, 334126, 12628, 1373, 240.50, -30.00, 17.03, 9.27, -97.49
0, 343765, 9157, 1021, 222.94, -27.00, 17.58, 9.27, -99.02
0, 353154, 5857, 639, 204.87, -23.75, 14.73, 9.30, -99.83
0, 362010, 2630, 289, 186.19, -20.56, 13.27, 8.86, -99.98
0, 367921, 456, 85, 166.62, -20.56, 13.27, 9.83, -99.75
0, 373811, -1575, -70, 166.62, -16.94, 8.72, 9.83, -99.26
0, 379688, -3667, -279, 146.06, -13.25, 8.72, 9.48, -98.50
0, 387814, -6637, -544, 124.56, -10.31, 5.98, 8.53, -97.03
0, 396954, -9988, -893, 102.44, -10.31, 4.24, 9.86, -94.80
0, 406510, -13477, -1249, 79.75, -7.37, 5.74, 10.85, -91.81
0, 414406, -16304, -1530, 79.75, -4.06, 8.38, 10.85, -88.87
0, 420118, -18372, -1723, 57.00, -4.06, 8.38, 10.66, -86.47
0, 425930, -20436, -1926, 57.00, -0.75, 15.19, 10.66, -83.81
0, 431640, -22467, -2106, 34.56, 2.56, 13.78, 10.71, -80.99
0, 440245, -25387, -2405, 12.88, 5.50, 17.47, 11.04, -76.36
0, 449667, -28095, -2675, -7.94, 8.56, 15.83, 8.65, -70.79
0, 459366, -30517, -3030, -27.87, 11.50, 15.83, 9.74, -64.57
0, 466447, -32117, -3180, -47.06, 11.50, 11.56, 9.74, -59.73
0, 472166, -33307, -3296, -47.06, 14.13, 9.88, 6.24, -55.65
0, 478198, -34441, -3420, -65.87, 14.13, 9.88, 13.08, -51.20
0, 485967, -35746, -3535, -84.37, 17.06, 10.05, 13.08, -45.26
0, 494427, -36921, -3616, -84.37, 19.00, 8.02, 10.39, -38.55
0, 504023, -37939, -3710, -102.06, 20.75, 7.70, 10.35, -30.70
0, 513046, -38652, -3786, -117.00, 21.81, 8.44, 9.30, -23.11
0, 518749, -38947, -3817, -129.25, 21.81, 8.44, 9.82, -18.24
0, 524694, -39094, -3831, -129.25, 22.69, 9.01, 9.82, -13.12
0, 530404, -39099, -3837, -138.50, 23.50, 9.19, 10.43, -8.16
0, 538367, -39065, -3851, -145.25, 23.94, 9.19, 10.09, -1.22
0, 547546, -39032, -3854, -148.69, 23.94, 9.30, 9.71, 6.79
0, 557190, -38837, -3854, -148.94, 24.06, 9.37, 9.75, 15.16
0, 565183, -38406, -3855, -148.94, 24.12, 9.43, 9.75, 22.01
0, 571145, -38165, -3852, -148.62, 24.19, 9.43, 9.62, 27.06
0, 576864, -37940, -3831, -147.75, 24.19, 9.11, 9.62, 31.83
0, 583618, -37532, -3791, -147.75, 24.19, 10.60, 9.36, 37.36
0, 592181, -36776, -3723, -144.25, 24.19, 8.83, 10.37, 44.18
0, 600554, -35864, -3644, -140.44, 23.69, 8.84, 10.50, 50.62
0, 610376, -34593, -3531, -135.94, 23.00, 8.84, 9.88, 57.82
0, 617393, -33547, -3430, -128.50, 23.00, 8.43, 9.88, 62.70
0, 623101, -32572, -3337, -128.50, 22.12, 8.41, 9.95, 66.51
0, 628811, -31516, -3237, -119.06, 22.12, 8.41, 9.53, 70.15
0, 636689, -29884, -3075, -107.75, 21.00, 8.40, 10.43, 74.88
0, 645310, -27786, -2874, -107.75, 19.62, 8.65, 10.43, 79.65
0, 654776, -25066, -2615, -94.12, 17.94, 9.31, 9.61, 84.37
0, 663437, -22613, -2333, -78.06, 15.94, 12.81, 9.78, 88.18
0, 669384, -20836, -2116, -59.75, 15.94, 12.81, 10.19, 90.51
0, 675340, -18815, -1936, -59.75, 13.56, 14.43, 10.19, 92.60
0, 681415, -16533, -1651, -40.81, 10.81, 13.58, 9.34, 94.47
0, 689650, -13499, -1386, -21.37, 7.75, 14.78, 10.48, 96.58
0, 698239, -10575, -1118, -1.19, 7.75, 14.78, 10.28, 98.25
0, 707930, -7057, -776, 19.69, 4.25, 12.25, 7.85, 99.47
0, 715913, -4131, -469, 41.44, 1.31, 11.79, 7.85, 99.95
0, 721764, -1939, -244, 41.44, 1.31, 11.79, 11.29, 99.98
0, 727665, 164, -61, 63.81, -1.62, 6.22, 11.29, 99.76
0, 734441, 2587, 164, 63.81, -4.81, 2.51, 8.17, 99.17
0, 743177, 5778, 484, 86.50, -8.19, 4.37, 10.78, 97.90
0, 751069, 8686, 774, 109.00, -11.19, 6.21, 7.80, 96.27
0, 760531, 12081, 1075, 130.94, -14.50, 6.21, 11.41, 93.71
0, 767989, 14532, 1353, 152.12, -14.50, 13.68, 11.41, 91.24
0, 773705, 16453, 1569, 152.12, -17.81, 16.70, 11.55, 89.08
0, 779723, 18585, 1791, 172.37, -17.81, 16.70, 8.12, 86.57
0, 787854, 21595, 2082, 191.75, -20.94, 15.94, 8.83, 82.81
0, 797673, 25159, 2433, 210.44, -24.19, 17.67, 10.43, 77.70
0, 807742, 28595, 2774, 228.50, -27.50, 16.91, 10.43, 71.88
0, 816176, 31077, 3019, 228.50, -30.69, 13.01, 8.26, 66.57
0, 821880, 32548, 3167, 246.12, -33.81, 13.01, 10.54, 62.77
0, 828026, 34003, 3319, 263.69, -33.81, 9.76, 10.54, 58.50
0, 834810, 35559, 3474, 263.69, -36.69, 6.35, 9.77, 53.60
0, 842590, 37222, 3615, 281.62, -39.13, 7.01, 9.27, 47.75
0, 850661, 38697, 3748, 300.12, -41.31, 6.88, 9.36, 41.44
0, 859696, 39866, 3864, 319.19, -41.31, 6.88, 9.46, 34.14
0, 867879, 40632, 3932, 338.12, -43.06, 8.44, 9.46, 27.34
0, 873583, 40975, 3964, 338.12, -44.56, 9.67, 9.69, 22.52
0, 879802, 41149, 3980, 353.87, -44.56, 9.67, 9.71, 17.20
0, 887982, 41157, 3985, 364.87, -45.69, 10.65, 9.51, 10.13
0, 896908, 41143, 3986, 371.87, -46.38, 10.62, 9.51, 2.35
0, 905675, 41104, 3989, 371.87, -46.63, 9.78, 9.68, -5.30
0, 913546, 40990, 3991, 374.12, -46.69, 10.03, 9.68, -12.14
0, 920192, 40701, 3991, 374.06, -46.69, 10.03, 9.68, -17.88
0, 926105, 40349, 4013, 373.81, -46.75, 9.81, 9.39, -22.93
0, 931947, 40115, 3996, 373.81, -46.75, 9.78, 9.29, -27.86
0, 939845, 39717, 3959, 372.75, -46.75, 9.73, 10.24, -34.41
0, 948557, 39005, 3889, 368.56, -46.75, 9.73, 9.81, -41.45
0, 958223, 37859, 3759, 364.06, -46.88, 10.30, 9.81, -48.97
0, 966584, 36763, 3681, 358.81, -46.38, 10.24, 9.41, -55.20
0, 972290, 35959, 3625, 358.81, -46.38, 8.26, 9.65, -59.28
0, 978483, 34951, 3538, 350.00, -45.56, 8.26, 9.65, -63.55
0, 986305, 33513, 3393, 338.75, -44.44, 9.07, 9.96, -68.67
0, 993492, 31971, 3263, 338.75, -43.56, 7.41, 9.52, -73.09
0, 1000647, 30141, 3105, 326.37, -42.31, 6.52, 9.12, -77.21
0, 1009827, 27427, 2832, 311.62, -42.31, 6.52, 10.37, -82.05
0, 1017941, 24615, 2543, 294.37, -40.63, 4.81, 10.37, -85.89
0, 1023652, 22529, 2320, 294.37, -38.69, 8.53, 9.28, -88.34
0, 1029615, 20315, 2103, 276.00, -38.69, 8.53, 9.60, -90.66
0, 1037429, 17510, 1847, 258.06, -36.06, 13.62, 9.60, -93.32
0, 1046236, 14274, 1537, 240.69, -32.75, 16.75, 9.34, -95.81
0, 1053496, 11630, 1265, 240.69, -29.50, 16.43, 9.22, -97.43
0, 1060684, 9098, 1016, 223.12, -29.50, 16.43, 9.25, -98.65
0, 1068678, 6225, 685, 205.06, -26.44, 13.27, 9.25, -99.55
0, 1074389, 4156, 465, 205.06, -23.19, 14.97, 8.59, -99.90
0, 1080350, 1977, 227, 186.37, -23.19, 14.97, 9.57, -100.00
0, 1088527, -945, -5, 166.75, -20.06, 11.86, 11.10, -99.69
0, 1097317, -4080, -311, 146.25, -16.37, 8.23, 11.10, -98.80
0, 1105911, -7234, -608, 146.25, -12.69, 2.73, 9.32, -97.36
0, 1113163, -9874, -883, 124.69, -9.88, 3.75, 9.16, -95.72
0, 1120131, -12408, -1156, 102.56, -9.88, 3.75, 9.16, -93.78
0, 1125841, -14551, -1382, 102.56, -6.50, 6.30, 12.37, -91.94
0, 1131755, -16599, -1556, 79.94, -3.06, 11.04, 7.86, -89.78
0, 1139634, -19473, -1832, 57.19, -3.06, 14.23, 11.18, -86.54
0, 1148700, -22811, -2142, 34.81, 0.25, 14.23, 10.82, -82.31
0, 1158039, -26030, -2478, 13.13, 3.50, 13.81, 10.82, -77.41
0, 1165766, -28315, -2701, 13.13, 6.62, 17.52, 9.30, -72.97
0, 1171695, -29870, -2918, -7.69, 6.62, 17.52, 9.30, -69.33
0, 1177572, -31282, -3099, -27.69, 9.56, 13.95, 9.04, -65.55
0, 1184348, -32816, -3248, -27.69, 12.50, 10.54, 8.61, -60.97
0, 1191341, -34287, -3402, -46.94, 15.19, 9.69, 10.26, -56.02
0, 1199956, -35929, -3549, -65.69, 15.19, 7.62, 8.67, -49.63
0, 1209072, -37367, -3655, -84.31, 17.19, 7.62, 8.67, -42.57
0, 1217027, -38388, -3756, -102.06, 18.87, 8.45, 11.61, -36.19
0, 1222737, -38990, -3822, -102.06, 18.87, 7.54, 10.26, -31.50
0, 1228620, -39467, -3869, -117.44, 20.00, 7.54, 10.26, -26.59
0, 1235654, -39867, -3903, -117.44, 21.12, 8.39, 9.97, -20.62
0, 1242778, -40068, -3918, -129.81, 21.87, 9.56, 10.53, -14.50
0, 1250611, -40066, -3931, -139.50, 22.25, 9.31, 9.83, -7.71
0, 1259833, -40035, -3935, -145.94, 22.25, 9.31, 9.83, 0.34
0, 1268264, -39974, -3937, -149.06, 22.37, 9.62, 10.45, 7.69
0, 1273973, -39855, -3935, -149.06, 22.37, 10.43, 8.84, 12.65
0, 1279980, -39569, -3936, -149.19, 22.44, 10.43, 8.84, 17.83
0, 1288243, -39166, -3948, -148.81, 22.50, 9.86, 9.83, 24.88
0, 1297677, -38864, -3922, -147.75, 22.50, 9.22, 9.30, 32.76
0, 1305596, -38407, -3879, -147.75, 22.62, 9.47, 10.66, 39.21
0, 1312661, -37769, -3816, -143.94, 22.62, 9.46, 9.90, 44.81
0, 1320224, -36812, -3726, -140.62, 22.31, 9.46, 9.90, 50.61
0, 1325941, -35984, -3654, -140.62, 21.69, 8.41, 10.08, 54.85
0, 1331960, -35051, -3571, -137.00, 21.69, 8.24, 10.32, 59.16
0, 1340128, -33700, -3447, -130.19, 20.69, 8.70, 9.27, 64.76
0, 1349423, -32001, -3283, -119.62, 19.44, 8.70, 9.72, 70.72
0, 1358590, -30106, -3098, -107.00, 18.06, 8.98, 9.72, 76.15
0, 1366116, -28283, -2922, -107.00, 16.50, 9.14, 10.29, 80.24
0, 1372441, -26493, -2747, -93.00, 16.50, 9.14, 9.59, 83.41
0, 1378670, -24610, -2569, -77.31, 14.63, 9.35, 9.59, 86.29
0, 1386261, -22413, -2312, -59.31, 12.38, 11.36, 10.66, 89.44
0, 1392498, -20488, -2076, -59.31, 9.75, 14.13, 10.10, 91.74
0, 1400626, -17576, -1771, -40.38, 9.75, 14.88, 8.87, 94.33
0, 1410214, -13998, -1441, -20.94, 6.75, 14.88, 8.87, 96.78
0, 1418586, -11110, -1168, -0.75, 3.44, 18.36, 7.82, 98.36
0, 1424301, -9000, -969, -0.75, 3.44, 14.14, 10.91, 99.14
0, 1430443, -6800, -752, -339.75, 0.13, 14.14, 10.91, 99.70
0, 1438558, -3822, -443, -318.06, -2.69, 10.26, 12.47, 100.00
0, 1447883, -381, -104, -295.69, -5.81, 6.92, 7.91, 99.72
0, 1455618, 2391, 150, -295.69, -9.19, 3.92, 10.34, 99.00
0, 1462453, 4899, 390, -273.00, -9.19, 4.14, 8.69, 97.98
0, 1470465, 7850, 689, -250.56, -12.38, 4.14, 8.69, 96.34
0, 1476181, 9960, 898, -228.62, -15.56, 10.59, 9.85, 94.88
0, 1482930, 12432, 1122, -228.62, -15.56, 12.39, 9.61, 92.85
0, 1490499, 14900, 1398, -207.44, -18.87, 13.86, 10.33, 90.20
0, 1500357, 18301, 1753, -187.19, -22.12, 14.49, 8.36, 86.16
0, 1510058, 21880, 2108, -167.81, -25.37, 14.49, 8.36, 81.55
0, 1517810, 24702, 2387, -149.12, -28.56, 16.14, 9.34, 77.45
0, 1523527, 26714, 2590, -149.12, -28.56, 16.36, 10.34, 74.20
0, 1529315, 28638, 2781, -131.06, -31.87, 16.36, 10.34, 70.72
0, 1537140, 30919, 3003, -113.44, -35.00, 14.95, 9.61, 65.73
0, 1544975, 32927, 3210, -113.44, -38.00, 7.18, 10.04, 60.42
0, 1553787, 35014, 3419, -95.81, -40.56, 6.60, 9.35, 54.12
0, 1561695, 36755, 3574, -77.94, -40.56, 6.68, 8.95, 48.19
0, 1569799, 38292, 3713, -59.50, -42.88, 6.68, 8.95, 41.87
0, 1575517, 39146, 3793, -59.50, -42.88, 7.38, 8.93, 37.29
0, 1581542, 39793, 3857, -40.44, -44.88, 8.45, 8.93, 32.36
0, 1589592, 40437, 3914, -21.19, -46.44, 8.45, 9.37, 25.64
0, 1599193, 40860, 3953, -4.44, -47.69, 9.58, 9.88, 17.45
0, 1609237, 40913, 3961, 7.00, -48.44, 10.45, 9.56, 8.76
0, 1616144, 40890, 3962, 7.00, -48.81, 10.62, 9.67, 2.74
0, 1623038, 40862, 3964, 14.06, -48.81, 9.94, 9.67, -3.27
0, 1628784, 40809, 3966, 17.44, -48.94, 9.94, 9.41, -8.28
0, 1635954, 40599, 3968, 17.44, -48.94, 9.77, 9.67, -14.50
0, 1644282, 40162, 3983, 17.62, -49.00, 10.55, 9.32, -21.65
0, 1652304, 39894, 3973, 17.31, -49.00, 10.02, 9.51, -28.43
0, 1661328, 39434, 3932, 16.06, -49.00, 9.76, 9.51, -35.88
0, 1669758, 38680, 3852, 12.13, -49.13, 9.76, 10.28, -42.65
0, 1675464, 38018, 3776, 12.13, -49.13, 9.95, 9.52, -47.10
0, 1681351, 37244, 3716, 8.31, -48.81, 9.87, 9.52, -51.57
0, 1689359, 36157, 3636, 3.62, -48.06, 9.87, 9.60, -57.43
0, 1699195, 34602, 3505, -4.81, -47.00, 8.35, 9.04, -64.24
0, 1709308, 32695, 3322, -16.12, -46.13, 9.15, 9.94, -70.75
0, 1715998, 31172, 3198, -16.12, -44.94, 8.00, 9.37, -74.75
0, 1723277, 29189, 3006, -28.56, -44.94, 8.00, 9.37, -78.82
0, 1728992, 27461, 2836, -42.94, -43.38, 6.78, 9.04, -81.79
0, 1736514, 24847, 2572, -59.75, -41.56, 4.50, 10.41, -85.39
0, 1742879, 22497, 2315, -59.75, -41.56, 10.41, 9.24, -88.15
0, 1751602, 19320, 2020, -78.19, -39.00, 13.09, 9.05, -91.49
0, 1761493, 15675, 1658, -96.19, -35.88, 13.09, 9.05, -94.63
0, 1769633, 12642, 1372, -113.56, -32.50, 17.41, 10.37, -96.68
0, 1775346, 10708, 1189, -113.56, -32.50, 17.36, 9.22, -97.84
0, 1781057, 8604, 978, -131.06, -29.44, 13.97, 9.22, -98.75
0, 1788995, 5811, 635, -148.94, -26.25, 13.97, 8.56, -99.60
0, 1797459, 2730, 300, -167.44, -23.06, 14.99, 7.70, -99.99
0, 1805839, -293, 31, -167.44, -19.50, 13.01, 9.82, -99.83
0, 1813475, -2996, -223, -186.75, -19.50, 5.69, 10.64, -99.23
0, 1821539, -5948, -470, -207.00, -15.81, 5.69, 10.64, -98.11
0, 1827255, -8077, -709, -228.25, -12.81, 3.43, 9.19, -97.02
0, 1832969, -10132, -894, -228.25, -12.81, 3.78, 9.28, -95.69
0, 1840709, -12915, -1189, -250.12, -9.94, 8.37, 9.28, -93.51
0, 1850301, -16401, -1539, -272.69, -6.62, 8.37, 12.17, -90.22
0, 1859977, -19897, -1874, -295.37, -3.37, 10.52, 10.64, -86.25
0, 1867791, -22756, -2136, -317.87, 0.06, 13.83, 10.10, -82.60
0, 1874329, -25108, -2378, -317.87, 0.06, 14.22, 10.10, -79.25
0, 1880447, -27000, -2567, -339.81, 3.00, 14.22, 11.08, -75.89
0, 1888586, -29284, -2823, -0.88, 6.12, 16.35, 9.05, -71.07
0, 1897351, -31467, -3113, -21.19, 9.19, 13.68, 9.06, -65.48
0, 1906281, -33516, -3317, -21.19, 12.00, 11.21, 7.61, -59.40
0, 1913668, -35067, -3483, -40.63, 12.00, 9.13, 9.94, -54.09
0, 1921725, -36556, -3590, -59.56, 14.94, 9.13, 9.94, -48.05
0, 1927436, -37446, -3663, -78.25, 17.06, 7.29, 11.66, -43.61
0, 1933655, -38281, -3745, -78.25, 17.06, 8.03, 11.66, -38.67
0, 1941021, -39110, -3834, -96.50, 18.81, 8.72, 9.29, -32.66
0, 1950858, -39927, -3910, -112.37, 20.00, 8.40, 10.27, -24.43
0, 1960680, -40399, -3948, -125.00, 21.19, 8.40, 9.50, -16.04
0, 1967351, -40519, -3955, -131.94, 22.06, 9.48, 9.84, -10.27
0, 1974368, -40488, -3967, -131.94, 22.06, 9.14, 9.84, -4.16
0, 1980404, -40468, -3971, -138.94, 22.56, 9.14, 10.25, 1.11
0, 1988460, -40424, -3973, -143.00, 22.75, 9.18, 9.42, 8.14
0, 1996982, -40211, -3972, -143.94, 22.87, 10.61, 9.93, 15.52
0, 2004834, -39757, -3987, -143.94, 22.87, 9.79, 9.60, 22.25
0, 2013269, -39470, -3984, -143.56, 22.87, 9.58, 9.60, 29.37
0, 2021591, -39098, -3946, -140.31, 22.87, 9.58, 9.34, 36.23
0, 2027303, -38688, -3906, -137.12, 22.87, 10.25, 11.24, 40.83
0, 2034223, -37984, -3838, -137.12, 23.06, 9.13, 11.24, 46.27
0, 2041433, -37006, -3744, -133.31, 22.87, 8.18, 10.49, 51.75
0, 2051214, -35456, -3609, -126.62, 22.31, 7.93, 9.96, 58.86
0, 2061192, -33798, -3458, -116.12, 21.37, 7.93, 10.34, 65.67
0, 2068001, -32553, -3335, -103.06, 20.12, 9.07, 9.70, 70.04
0, 2074897, -31155, -3201, -103.06, 20.12, 8.76, 9.70, 74.20
0, 2080890, -29811, -3068, -90.00, 18.75, 8.76, 9.27, 77.61
0, 2089110, -27694, -2863, -74.31, 17.25, 8.52, 10.49, 81.93
0, 2098056, -25057, -2613, -56.31, 15.44, 9.55, 9.66, 86.15
0, 2107924, -22194, -2288, -37.25, 13.25, 10.75, 10.41, 90.20
0, 2114700, -20048, -2034, -37.25, 13.25, 14.56, 9.54, 92.60
0, 2122575, -17155, -1714, -17.69, 10.75, 14.56, 9.54, 94.97
0, 2128480, -14985, -1530, 2.62, 10.75, 14.27, 8.82, 96.46
0, 2135240, -12583, -1295, 2.62, 7.87, 16.89, 10.67, 97.85
0, 2142300, -10039, -1066, 23.69, 4.75, 13.58, 10.67, 98.93
0, 2152082, -6442, -716, 45.50, 1.19, 10.91, 10.81, 99.81
0, 2161883, -2851, -331, 67.87, -1.69, 10.91, 10.57, 99.97
0, 2169001, -223, -83, 90.50, -4.69, 6.13, 10.50, 99.62
0, 2175651, 2137, 128, 90.50, -4.69, 6.00, 10.50, 98.95
0, 2181357, 4201, 330, 112.87, -8.00, 4.62, 8.34, 98.11
0, 2189338, 7140, 617, 134.69, -11.38, 4.62, 11.54, 96.52
0, 2198402, 10478, 933, 155.62, -14.38, 9.14, 8.67, 94.16
0, 2208343, 13898, 1289, 175.81, -17.69, 12.57, 10.16, 90.88
0, 2215153, 16143, 1532, 175.81, -17.69, 17.01, 11.30, 88.24
0, 2223013, 18919, 1829, 195.06, -21.06, 17.01, 11.30, 84.81
0, 2228928, 21129, 2040, 213.62, -24.19, 14.64, 7.78, 81.96
0, 2235709, 23568, 2278, 213.62, -24.19, 14.36, 9.00, 78.43
0, 2242599, 26018, 2521, 231.75, -27.37, 17.36, 9.00, 74.56
0, 2252243, 29190, 2832, 249.31, -30.75, 12.12, 9.90, 68.69
0, 2262199, 31924, 3102, 266.94, -33.81, 12.12, 8.52, 62.12
0, 2269026, 33548, 3275, 284.81, -36.94, 8.84, 10.36, 57.34
0, 2275922, 35052, 3424, 284.81, -36.94, 5.83, 10.36, 52.31
0, 2281787, 36258, 3532, 303.31, -39.63, 6.81, 9.56, 47.88
0, 2289653, 37678, 3655, 322.44, -42.00, 6.81, 9.66, 41.74
0, 2298653, 38955, 3773, 341.37, -44.00, 7.05, 9.23, 34.48
0, 2308504, 39809, 3858, 357.81, -45.56, 8.48, 9.52, 26.29
0, 2315296, 40196, 3893, 357.81, -45.56, 9.86, 9.58, 20.52
0, 2323299, 40333, 3905, 370.25, -46.81, 10.22, 9.58, 13.64
0, 2329204, 40318, 3908, 377.81, -47.75, 10.22, 9.62, 8.52
0, 2336378, 40301, 3909, 377.81, -47.75, 10.73, 9.68, 2.26
0, 2343194, 40269, 3911, 381.50, -48.25, 10.11, 9.68, -3.69
0, 2352720, 40149, 3914, 381.62, -48.38, 9.50, 9.58, -11.97
0, 2362662, 39744, 3914, 381.31, -48.38, 9.50, 9.54, -20.54
0, 2370183, 39403, 3926, 380.44, -48.44, 10.59, 9.48, -26.91
0, 2376713, 39067, 3888, 380.44, -48.44, 10.02, 9.56, -32.36
0, 2383173, 38575, 3837, 377.44, -48.50, 9.50, 9.56, -37.64
0, 2390690, 37848, 3758, 372.94, -48.56, 9.50, 9.38, -43.63
0, 2399723, 36865, 3685, 367.37, -48.31, 9.74, 9.26, -50.59
0, 2409441, 35641, 3603, 359.00, -47.44, 9.03, 9.64, -57.71
0, 2416266, 34598, 3506, 359.00, -47.44, 9.26, 10.13, -62.48
0, 2424305, 33146, 3361, 349.06, -46.75, 8.00, 10.13, -67.80
0, 2430007, 31952, 3260, 337.50, -45.63, 8.00, 9.76, -71.37
0, 2437851, 29983, 3089, 323.19, -45.63, 7.71, 8.83, -76.00
0, 2444676, 28034, 2892, 323.19, -44.06, 6.76, 9.37, -79.73
0, 2454663, 24677, 2550, 305.94, -42.25, 8.19, 9.30, -84.69
0, 2463748, 21352, 2196, 287.31, -39.75, 10.16, 9.30, -88.63
0, 2471427, 18585, 1950, 269.25, -36.63, 10.16, 9.58, -91.54
0, 2477503, 16401, 1727, 251.87, -36.63, 12.94, 9.22, -93.54
0, 2484004, 13996, 1509, 251.87, -33.31, 16.38, 9.22, -95.40
0, 2491057, 11425, 1246, 234.37, -30.25, 16.38, 8.93, -97.06
0, 2500323, 8130, 936, 216.56, -27.06, 17.68, 9.78, -98.69
0, 2510011, 4621, 510, 198.25, -23.87, 15.06, 8.27, -99.70
0, 2516719, 2171, 244, 198.25, -23.87, 15.03, 7.25, -99.98
0, 2524743, -691, 14, 179.12, -20.25, 7.61, 7.25, -99.87
0, 2530675, -2794, -203, 159.12, -16.56, 7.61, 11.09, -99.47
0, 2538492, -5664, -442, 138.19, -16.56, 4.23, 9.29, -98.54
0, 2545270, -8170, -717, 138.19, -13.56, 3.40, 8.80, -97.36
0, 2555230, -11779, -1090, 116.50, -10.63, 6.34, 12.14, -95.01
0, 2564186, -15059, -1438, 94.19, -7.31, 8.81, 12.14, -92.28
0, 2571878, -17803, -1672, 71.50, -4.06, 8.81, 7.80, -89.49
0, 2577943, -20000, -1884, 48.94, -4.06, 10.72, 10.60, -87.00
0, 2584747, -22519, -2112, 48.94, -0.69, 13.84, 10.60, -83.92
0, 2591516, -24910, -2357, 26.81, 2.25, 17.33, 9.67, -80.56
0, 2600517, -27691, -2627, 5.50, 5.37, 17.33, 9.48, -75.66
0, 2610230, -30335, -2995, -15.06, 8.38, 15.61, 9.57, -69.86
0, 2617059, -32047, -3167, -15.06, 8.38, 13.46, 8.66, -65.47
0, 2625139, -33919, -3360, -34.75, 11.19, 9.59, 8.66, -59.98
0, 2631023, -35189, -3494, -53.88, 14.25, 9.59, 10.33, -55.79
0, 2639035, -36726, -3602, -72.56, 14.25, 9.23, 8.58, -49.85
0, 2646570, -37951, -3712, -72.56, 16.44, 7.58, 11.61, -44.05
0, 2656045, -39250, -3847, -90.94, 18.25, 7.53, 8.64, -36.48
0, 2664837, -40186, -3931, -107.06, 19.56, 8.37, 8.64, -29.23
0, 2672796, -40781, -3979, -120.06, 20.87, 8.37, 10.32, -22.52
0, 2679004, -41102, -4003, -130.62, 20.87, 8.61, 10.41, -17.21
0, 2686108, -41264, -4014, -130.62, 21.75, 9.59, 10.41, -11.07
0, 2692564, -41244, -4025, -138.25, 22.25, 9.49, 9.83, -5.45
0, 2701718, -41232, -4027, -142.87, 22.50, 10.15, 9.06, 2.54
0, 2710744, -41139, -4031, -144.12, 22.62, 10.15, 10.04, 10.40
0, 2717600, -40964, -4032, -143.87, 22.62, 9.97, 9.77, 16.33
0, 2725463, -40559, -4042, -143.87, 22.69, 10.30, 9.77, 23.06
0, 2731278, -40362, -4068, -143.19, 22.75, 10.30, 9.95, 27.97
0, 2739510, -40012, -4038, -140.75, 22.75, 9.16, 9.96, 34.79
0, 2747340, -39455, -3980, -137.00, 22.87, 10.44, 10.78, 41.11
0, 2756335, -38469, -3885, -137.00, 23.00, 9.50, 10.10, 48.13
0, 2765096, -37181, -3759, -133.44, 22.50, 8.45, 10.10, 54.69
0, 2773045, -35807, -3638, -127.00, 21.62, 8.45, 10.56, 60.37
0, 2779178, -34702, -3539, -116.87, 21.62, 8.18, 10.18, 64.55
0, 2786360, -33316, -3406, -116.87, 20.31, 7.71, 10.18, 69.21
0, 2792694, -31983, -3281, -103.50, 18.94, 8.56, 9.61, 73.09
0, 2801537, -29943, -3081, -88.56, 17.31, 8.90, 9.65, 78.14
0, 2810860, -27454, -2839, -72.00, 15.50, 8.90, 10.38, 82.95
0, 2817674, -25409, -2643, -53.50, 15.50, 9.48, 9.46, 86.12
0, 2825583, -23056, -2378, -53.50, 13.38, 12.69, 9.46, 89.43
0, 2831372, -21277, -2174, -34.38, 10.88, 12.69, 11.05, 91.57
0, 2839316, -18489, -1898, -14.69, 10.88, 14.71, 9.20, 94.14
0, 2846453, -15834, -1585, -14.69, 8.13, 14.25, 10.26, 96.05
0, 2855985, -12308, -1282, 5.62, 4.94, 15.80, 10.26, 98.03
0, 2865264, -8992, -965, 26.87, 1.37, 13.12, 9.32, 99.31
0, 2873054, -6194, -692, 48.75, -1.62, 13.12, 8.79, 99.88
0, 2879472, -3836, -436, 71.19, -1.62, 8.82, 11.72, 100.00
0, 2886920, -1094, -164, 71.19, -4.62, 7.10, 11.72, 99.74
0, 2893026, 1155, 32, 93.75, -7.75, 3.21, 8.49, 99.22
0, 2901748, 4276, 336, 116.06, -11.19, 4.62, 8.10, 97.99
0, 2911114, 7731, 680, 137.75, -14.25, 4.62, 8.05, 96.03
0, 2917907, 10247, 918, 158.56, -14.25, 8.24, 10.64, 94.21
0, 2926094, 13054, 1201, 158.56, -17.44, 12.43, 10.64, 91.57
0, 2931807, 14931, 1395, 178.56, -20.87, 15.65, 9.27, 89.46
0, 2939833, 17671, 1672, 197.75, -20.87, 15.65, 12.82, 86.11
0, 2947712, 20579, 1983, 216.25, -24.00, 15.73, 9.99, 82.41
0, 2956635, 23813, 2301, 216.25, -27.19, 14.49, 9.99, 77.75
0, 2965655, 27001, 2613, 234.31, -30.50, 16.61, 9.47, 72.56
0, 2973111, 29405, 2851, 251.94, -33.69, 12.89, 10.42, 67.93
0, 2979790, 31282, 3042, 269.50, -33.69, 12.89, 11.01, 63.54
0, 2987461, 33207, 3240, 287.44, -36.81, 9.87, 11.01, 58.23
0, 2993787, 34697, 3385, 287.44, -39.69, 6.86, 9.83, 53.65
0, 3002170, 36545, 3555, 305.94, -42.13, 6.41, 9.53, 47.34
0, 3011563, 38354, 3718, 325.06, -44.31, 6.41, 9.54, 39.96
0, 3018351, 39367, 3816, 344.69, -44.31, 7.20, 9.35, 34.47
0, 3026551, 40242, 3897, 344.69, -46.06, 8.55, 9.35, 27.66
0, 3032264, 40693, 3937, 363.19, -47.56, 9.65, 9.50, 22.84
0, 3040292, 41036, 3969, 377.50, -47.56, 9.65, 9.82, 15.96
0, 3048252, 41083, 3977, 387.00, -48.69, 10.40, 9.76, 9.07
0, 3057543, 41068, 3978, 392.19, -49.38, 10.67, 9.76, 0.97
0, 3066116, 41027, 3981, 392.19, -49.63, 9.76, 9.53, -6.51
0, 3073199, 40920, 3982, 393.06, -49.69, 10.00, 9.62, -12.66
0, 3079919, 40633, 3983, 392.87, -49.69, 10.00, 9.21, -18.46
0, 3087804, 40213, 4006, 392.25, -49.69, 10.35, 9.21, -25.17
0, 3094004, 39994, 3984, 392.25, -49.75, 9.62, 9.30, -30.37
0, 3102329, 39515, 3939, 389.12, -49.81, 9.61, 9.66, -37.21
0, 3111994, 38590, 3839, 384.37, -49.81, 9.61, 9.50, -44.90
0, 3118761, 37763, 3749, 380.06, -49.81, 10.20, 9.42, -50.10
0, 3126999, 36677, 3672, 380.06, -49.25, 9.82, 9.42, -56.19
0, 3132921, 35822, 3618, 372.37, -48.31, 8.36, 9.60, -60.39
0, 3140941, 34475, 3492, 361.50, -48.31, 8.36, 9.74, -65.82
0, 3149274, 32862, 3336, 349.31, -47.25, 8.80, 9.65, -71.12
0, 3159310, 30468, 3134, 335.06, -46.38, 7.43, 8.16, -77.00
0, 3167147, 28262, 2914, 335.06, -44.94, 5.95, 8.16, -81.18
0, 3175082, 25673, 2666, 318.37, -43.25, 6.55, 10.61, -85.03
0, 3181237, 23468, 2416, 299.75, -41.13, 6.55, 9.57, -87.73
0, 3189390, 20462, 2117, 281.31, -41.13, 8.72, 9.57, -90.92
0, 3196820, 17792, 1875, 281.31, -38.44, 14.72, 9.26, -93.43
0, 3206280, 14315, 1541, 263.62, -35.06, 16.67, 10.17, -96.05
0, 3215111, 11162, 1229, 246.25, -32.00, 16.87, 9.00, -97.91
0, 3221824, 8743, 988, 228.62, -28.87, 16.87, 9.96, -98.93
0, 3229310, 6081, 665, 210.69, -28.87, 17.27, 9.96, -99.67
0, 3236093, 3599, 401, 210.69, -25.62, 12.83, 8.61, -99.98
0, 3242786, 1131, 146, 192.12, -22.44, 10.86, 8.78, -99.93
0, 3251653, -1997, -118, 172.69, -18.56, 7.04, 8.59, -99.35
0, 3260406, -5201, -396, 152.31, -18.56, 7.04, 7.67, -98.19
0, 3268236, -8075, -710, 131.19, -15.06, 2.23, 7.67, -96.67
0, 3275977, -10916, -982, 131.19, -12.25, 3.81, 9.46, -94.72
0, 3281698, -12972, -1200, 109.25, -9.25, 3.81, 9.32, -93.00
0, 3289768, -15828, -1487, 86.69, -9.25, 6.70, 9.15, -90.18
0, 3297354, -18602, -1745, 64.12, -5.87, 11.81, 9.15, -87.12
0, 3306332, -21890, -2049, 64.12, -2.50, 13.69, 11.16, -83.01
0, 3314804, -24960, -2361, 41.69, 0.56, 16.46, 10.04, -78.66
0, 3321358, -26989, -2567, 19.87, 0.56, 16.46, 9.14, -75.00
0, 3329275, -29175, -2808, -1.25, 3.62, 18.21, 9.14, -70.25
0, 3336041, -30793, -3064, -1.25, 6.81, 12.90, 10.78, -65.93
0, 3342901, -32318, -3204, -21.50, 9.63, 10.37, 7.15, -61.31
0, 3350773, -33945, -3365, -41.00, 9.63, 10.37, 13.71, -55.74
0, 3359977, -35685, -3531, -60.00, 12.63, 10.31, 9.73, -48.90
0, 3367896, -36957, -3620, -60.00, 14.94, 8.46, 9.73, -42.75
0, 3375563, -37940, -3713, -78.25, 16.87, 7.83, 10.93, -36.61
0, 3381847, -38611, -3787, -94.31, 16.87, 7.92, 9.04, -31.45
0, 3389935, -39263, -3854, -107.81, 18.44, 7.92, 9.04, -24.68
0, 3397829, -39667, -3890, -118.06, 19.50, 8.73, 9.93, -17.95
0, 3406396, -39804, -3900, -118.06, 20.56, 9.33, 10.67, -10.54
0, 3414418, -39779, -3911, -125.50, 21.25, 9.24, 9.94, -3.56
0, 3421252, -39749, -3914, -129.87, 21.25, 9.24, 9.37, 2.41
0, 3429596, -39664, -3914, -130.87, 21.56, 9.76, 9.37, 9.68
0, 3436566, -39466, -3913, -130.87, 21.69, 9.78, 9.60, 15.71
0, 3443048, -39082, -3920, -130.62, 21.75, 9.92, 9.99, 21.27
0, 3450876, -38784, -3914, -129.87, 21.75, 9.92, 9.63, 27.89
0, 3460093, -38384, -3876, -127.19, 21.75, 8.32, 10.48, 35.52
0, 3468213, -37780, -3817, -123.12, 21.81, 9.04, 10.48, 42.05
0, 3475759, -36933, -3738, -123.12, 21.69, 9.32, 10.51, 47.94
0, 3481948, -36103, -3666, -119.69, 21.69, 8.01, 9.73, 52.61
0, 3490063, -34910, -3559, -113.69, 21.31, 8.01, 9.73, 58.49
0, 3497778, -33668, -3443, -104.00, 20.50, 8.54, 10.52, 63.82
0, 3505263, -32310, -3313, -104.00, 19.44, 8.58, 9.72, 68.71
0, 3512350, -30883, -3174, -92.12, 19.44, 8.62, 9.32, 73.07
0, 3520049, -29100, -2999, -78.62, 18.25, 8.62, 9.32, 77.49
0, 3528329, -26838, -2780, -62.88, 16.75, 8.59, 10.46, 81.86
0, 3534530, -24998, -2608, -62.88, 15.06, 10.59, 9.84, 84.84
0, 3541754, -22916, -2363, -44.63, 15.06, 13.50, 10.23, 88.01
0, 3550084, -20347, -2060, -25.25, 12.94, 13.50, 9.51, 91.23
0, 3559674, -16865, -1682, -5.25, 10.44, 14.66, 9.51, 94.33
0, 3567405, -13992, -1441, -5.25, 7.69, 14.20, 8.60, 96.36
0, 3574333, -11603, -1220, 15.44, 4.56, 13.56, 10.98, 97.80
0, 3581486, -8979, -966, 37.00, 4.56, 13.56, 10.46, 98.91
0, 3589568, -6048, -676, 59.13, 1.00, 11.38, 10.46, 99.70
0, 3596325, -3559, -415, 59.13, -1.94, 11.35, 10.69, 99.98
0, 3603978, -745, -137, 81.62, -4.87, 5.85, 10.03, 99.88
0, 3612146, 2202, 134, 104.12, -4.87, 5.85, 8.92, 99.28
0, 3620094, 5085, 408, 126.12, -8.06, 2.45, 8.92, 98.21
0, 3627984, 7983, 700, 126.12, -11.13, 4.00, 12.26, 96.69
0, 3633697, 10065, 903, 147.44, -14.38, 11.82, 8.07, 95.29
0, 3641380, 12837, 1171, 167.87, -14.38, 11.82, 9.20, 93.05
0, 3649367, 15432, 1456, 187.50, -17.75, 13.94, 9.20, 90.27
0, 3658167, 18554, 1785, 206.31, -20.94, 15.96, 11.79, 86.70
0, 3664897, 21057, 2033, 206.31, -24.12, 13.82, 6.83, 83.62
0, 3671874, 23606, 2281, 224.56, -24.12, 16.80, 9.47, 80.13
0, 3680029, 26565, 2574, 242.44, -27.56, 16.80, 9.47, 75.67
0, 3687664, 29153, 2830, 259.94, -30.62, 16.80, 10.45, 71.15
0, 3693760, 30984, 3012, 259.94, -33.88, 11.71, 8.86, 67.31
0, 3701451, 33071, 3226, 277.62, -33.88, 6.90, 10.33, 62.20
0, 3710520, 35373, 3457, 295.69, -36.75, 6.90, 10.33, 55.81
0, 3718525, 37291, 3621, 314.44, -39.25, 6.45, 9.35, 49.88
0, 3725203, 38702, 3749, 314.44, -41.50, 6.82, 9.60, 44.74
0, 3732000, 39831, 3860, 333.75, -41.50, 6.82, 8.93, 39.36
0, 3739966, 40901, 3957, 353.75, -43.38, 7.90, 8.93, 32.88
0, 3747676, 41666, 4031, 372.56, -44.94, 9.17, 9.78, 26.45
0, 3754868, 42133, 4077, 372.56, -46.06, 10.24, 9.76, 20.35
0, 3762523, 42371, 4101, 386.50, -46.06, 10.57, 9.61, 13.76
0, 3770382, 42376, 4106, 396.37, -46.88, 10.57, 9.61, 6.94
0, 3778098, 42362, 4107, 401.94, -47.25, 11.44, 9.68, 0.21
0, 3784220, 42327, 4109, 401.94, -47.38, 9.66, 9.35, -5.13
0, 3791617, 42189, 4115, 403.25, -47.38, 9.66, 9.85, -11.57
0, 3799775, 41845, 4115, 403.06, -47.38, 10.06, 9.85, -18.61
0, 3808751, 41438, 4131, 402.19, -47.44, 10.49, 9.13, -26.24
0, 3815414, 41190, 4110, 402.19, -47.50, 9.76, 9.20, -31.81
0, 3822219, 40808, 4073, 399.00, -47.50, 9.76, 9.80, -37.38
0, 3830227, 40121, 4002, 394.50, -47.63, 9.93, 9.80, -43.77
0, 3837688, 39222, 3914, 390.56, -47.19, 10.27, 9.89, -49.53
0, 3843947, 38238, 3802, 390.56, -46.38, 10.15, 9.41, -54.20
0, 3851706, 36894, 3690, 383.75, -46.38, 9.28, 9.23, -59.76
0, 3861214, 35242, 3570, 372.87, -45.19, 9.28, 9.23, -66.20
0, 3869102, 33705, 3414, 358.00, -43.75, 7.90, 9.67, -71.20
0, 3875757, 32198, 3281, 358.00, -42.56, 7.58, 10.23, -75.16
0, 3882549, 30401, 3130, 342.37, -42.56, 6.71, 9.51, -78.94
0, 3890396, 28039, 2892, 325.69, -40.88, 6.71, 9.51, -82.96
0, 3898213, 25333, 2630, 307.00, -39.00, 4.62, 10.98, -86.57
0, 3905207, 22755, 2340, 307.00, -36.38, 10.12, 9.12, -89.46
0, 3913116, 19847, 2063, 288.37, -36.38, 13.85, 9.60, -92.33
0, 3920959, 17034, 1796, 270.50, -33.19, 13.85, 9.60, -94.74
0, 3928678, 14198, 1531, 253.12, -29.87, 17.18, 10.35, -96.68
0, 3935001, 11883, 1290, 253.12, -29.87, 16.59, 9.38, -97.95
0, 3942120, 9378, 1039, 235.69, -26.87, 16.59, 9.84, -99.01
0, 3950436, 6414, 710, 217.87, -23.62, 15.25, 9.84, -99.77
0, 3959993, 2946, 323, 199.56, -20.50, 15.98, 8.88, -99.99
0, 3966931, 409, 77, 199.56, -17.00, 12.66, 9.79, -99.71
0, 3973523, -1894, -107, 180.44, -17.00, 6.34, 10.70, -99.11
0, 3981362, -4762, -362, 160.50, -13.19, 6.34, 10.70, -97.97
0, 3989221, -7677, -657, 139.69, -10.19, 3.73, 10.34, -96.37
0, 3995976, -10109, -890, 139.69, -7.25, 4.03, 9.44, -94.63
0, 4002744, -12525, -1154, 118.06, -7.25, 7.03, 12.05, -92.55
0, 4012358, -16002, -1502, 95.75, -4.00, 7.03, 12.05, -89.05
0, 4020655, -18987, -1783, 73.12, -0.75, 10.49, 7.39, -85.53
0, 4028094, -21670, -2028, 50.56, 2.69, 14.80, 10.40, -81.98
0, 4034809, -24086, -2279, 50.56, 2.69, 13.68, 11.17, -78.49
0, 4042238, -26435, -2520, 28.44, 5.56, 13.68, 11.17, -74.31
0, 4050737, -28771, -2755, 7.06, 8.63, 16.08, 8.71, -69.14
0, 4060507, -31015, -3076, -13.50, 11.75, 13.78, 9.85, -62.73
0, 4067685, -32475, -3216, -13.50, 14.31, 11.18, 6.45, -57.73
0, 4074202, -33677, -3337, -33.31, 14.31, 10.07, 11.72, -53.00
0, 4082339, -35024, -3479, -52.50, 17.19, 7.68, 11.72, -46.84
0, 4090702, -36258, -3573, -70.50, 19.06, 7.68, 9.12, -40.27
0, 4098536, -37179, -3641, -85.75, 20.69, 8.91, 10.36, -33.92
0, 4106496, -37890, -3709, -85.75, 21.94, 7.73, 10.28, -27.31
0, 4114243, -38388, -3762, -98.87, 21.94, 8.16, 9.48, -20.75
0, 4122163, -38661, -3791, -109.44, 22.81, 8.16, 9.48, -13.94
0, 4129933, -38688, -3801, -117.00, 23.56, 9.01, 10.33, -7.19
0, 4136684, -38664, -3812, -117.00, 24.00, 8.98, 9.88, -1.31
0, 4143384, -38642, -3816, -121.75, 24.00, 10.05, 9.82, 4.54
0, 4151406, -38538, -3816, -123.31, 24.12, 10.05, 9.82, 11.52
0, 4161003, -38147, -3816, -123.06, 24.31, 9.62, 9.93, 19.79
0, 4168151, -37797, -3815, -122.50, 24.31, 9.40, 9.97, 25.87
0, 4174842, -37515, -3787, -122.50, 24.31, 10.07, 9.56, 31.46
0, 4183060, -36965, -3739, -120.25, 24.31, 9.81, 9.56, 38.19
0, 4191086, -36243, -3677, -116.19, 24.31, 9.81, 10.88, 44.56
0, 4198949, -35380, -3602, -112.19, 23.81, 8.56, 9.87, 50.60
0, 4206840, -34360, -3509, -112.19, 23.12, 8.89, 9.66, 56.42
0, 4214643, -33202, -3395, -105.81, 23.12, 8.53, 9.93, 61.91
0, 4222773, -31801, -3264, -97.25, 22.31, 8.53, 9.93, 67.32
0, 4230660, -30253, -3112, -86.56, 21.19, 8.44, 9.67, 72.25
0, 4238506, -28431, -2936, -73.69, 19.75, 8.87, 9.90, 76.81
0, 4245174, -26603, -2758, -73.69, 19.75, 9.21, 9.67, 80.41
0, 4252236, -24533, -2559, -58.25, 18.12, 11.12, 9.67, 83.92
0, 4261708, -21856, -2247, -39.88, 16.06, 11.12, 10.66, 88.12
0, 4269126, -19491, -1993, -20.37, 13.56, 13.92, 9.89, 91.00
0, 4275259, -17248, -1726, -20.37, 13.56, 14.21, 8.88, 93.09
0, 4283353, -14261, -1469, -0.19, 10.81, 18.09, 8.88, 95.43
0, 4291435, -11414, -1199, -339.31, 7.75, 18.09, 7.68, 97.30
0, 4299249, -8553, -920, -317.56, 4.19, 12.62, 11.14, 98.65
0, 4307212, -5671, -638, -317.56, 1.31, 10.01, 9.75, 99.55
0, 4314905, -2824, -338, -295.31, 1.31, 5.93, 8.15, 99.96
0, 4322927, 119, -62, -272.81, -1.69, 5.93, 8.15, 99.91
0, 4330899, 2949, 207, -250.44, -4.87, 3.72, 10.34, 99.38
0, 4338157, 5600, 460, -228.56, -8.25, 3.63, 9.16, 98.47
0, 4344188, 7834, 691, -228.56, -8.25, 9.40, 9.26, 97.42
0, 4352146, 10758, 964, -207.50, -11.31, 11.54, 9.26, 95.62
0, 4361724, 14051, 1303, -187.25, -14.63, 11.54, 10.05, 92.83
0, 4368655, 16427, 1563, -187.25, -17.94, 14.49, 9.28, 90.42
0, 4375241, 18843, 1822, -167.87, -17.94, 14.51, 9.88, 87.81
0, 4383632, 21958, 2113, -149.25, -21.06, 16.68, 9.88, 84.08
0, 4391707, 24879, 2403, -131.06, -24.37, 16.68, 10.48, 80.05
0, 4399526, 27676, 2685, -113.37, -27.87, 15.78, 9.23, 75.78
0, 4407580, 30318, 2938, -113.37, -30.94, 15.62, 9.75, 71.01
0, 4415143, 32514, 3162, -95.81, -30.94, 8.03, 9.97, 66.21
0, 4423242, 34686, 3384, -78.06, -34.13, 8.03, 9.97, 60.75
0, 4431207, 36751, 3572, -59.88, -37.00, 6.50, 9.78, 55.08
0, 4439082, 38626, 3743, -41.00, -37.00, 6.07, 8.92, 49.22
0, 4445841, 39940, 3870, -41.00, -39.63, 7.09, 9.22, 44.00
0, 4452761, 41060, 3972, -21.50, -41.94, 8.01, 9.22, 38.49
0, 4462421, 42267, 4090, -1.44, -43.88, 8.01, 10.12, 30.58
0, 4469450, 42934, 4159, 17.44, -45.50, 9.26, 9.27, 24.69
0, 4475916, 43385, 4205, 17.44, -45.50, 10.52, 9.80, 19.18
0, 4484318, 43739, 4243, 31.75, -46.69, 10.77, 9.80, 11.94
0, 4492147, 43820, 4254, 42.38, -47.69, 10.77, 9.64, 5.13
0, 4500211, 43801, 4259, 49.50, -48.31, 11.10, 9.61, -1.91
0, 4508706, 43737, 4263, 53.06, -48.63, 11.33, 9.47, -9.31
0, 4515493, 43576, 4263, 53.06, -48.63, 10.14, 9.47, -15.19
0, 4523445, 43160, 4263, 53.38, -48.69, 10.14, 9.47, -22.01
0, 4531365, 42829, 4285, 52.88, -48.75, 11.10, 9.54, -28.70
0, 4539234, 42473, 4275, 50.56, -48.75, 10.78, 10.75, -35.21
0, 4545992, 42019, 4210, 50.56, -48.75, 9.30, 9.30, -40.67
0, 4553041, 41309, 4131, 45.69, -48.94, 9.83, 9.30, -46.21
0, 4562728, 39987, 3991, 41.63, -48.94, 9.83, 9.11, -53.53
0, 4569827, 38759, 3869, 35.44, -48.13, 11.47, 9.96, -58.66
0, 4576303, 37446, 3718, 35.44, -48.13, 9.50, 8.98, -63.15
0, 4585150, 35689, 3604, 25.00, -46.94, 7.40, 8.98, -68.94
0, 4592298, 34210, 3464, 10.75, -45.44, 7.40, 9.72, -73.32
0, 4600465, 32287, 3289, -6.94, -43.63, 7.59, 10.41, -77.98
0, 4609163, 29837, 3075, -24.94, -42.25, 7.24, 9.37, -82.51
0, 4615948, 27666, 2857, -24.94, -42.25, 4.29, 8.61, -85.71
0, 4623816, 24784, 2565, -43.56, -40.38, 4.29, 8.61, -89.04
0, 4631666, 21941, 2258, -62.44, -38.25, 8.04, 9.12, -91.95
0, 4639515, 19116, 2002, -80.62, -38.25, 11.09, 9.32, -94.42
0, 4646350, 16593, 1745, -80.62, -35.38, 13.52, 9.32, -96.22
0, 4653537, 13937, 1503, -98.12, -32.00, 16.79, 9.51, -97.74
0, 4663247, 10477, 1161, -115.50, -28.87, 16.79, 9.67, -99.18
0, 4670301, 7895, 909, -133.12, -25.75, 17.91, 9.31, -99.78
0, 4676775, 5627, 614, -133.12, -25.75, 14.83, 8.49, -99.99
0, 4685538, 2430, 269, -151.12, -22.56, 12.43, 8.49, -99.78
0, 4692543, -109, 42, -169.75, -19.37, 12.43, 6.62, -99.19
0, 4700593, -2950, -219, -189.31, -15.69, 7.68, 12.04, -98.05
0, 4708767, -5946, -469, -209.69, -12.00, 5.15, 8.08, -96.40
0, 4715751, -8510, -761, -209.69, -12.00, 3.88, 8.92, -94.60
0, 4723946, -11513, -1055, -230.87, -9.19, 3.88, 8.92, -92.04
0, 4731649, -14328, -1359, -252.87, -6.25, 7.19, 8.91, -89.21
0, 4739905, -17181, -1616, -275.44, -6.25, 9.02, 7.79, -85.72
0, 4746864, -19622, -1848, -275.44, -2.87, 10.80, 10.70, -82.44
0, 4753997, -22139, -2072, -298.06, 0.50, 13.75, 10.70, -78.75
0, 4763782, -25452, -2414, -320.50, 3.62, 13.75, 8.65, -73.21
0, 4771186, -27533, -2611, -342.19, 6.50, 16.87, 8.61, -68.66
0, 4777520, -29094, -2796, -342.19, 6.50, 15.45, 10.31, -64.53
0, 4786721, -31019, -3071, -363.19, 9.56, 10.15, 10.31, -58.19
0, 4793669, -32313, -3201, -383.37, 12.44, 9.29, 9.02, -53.16
0, 4801548, -33621, -3331, -402.81, 14.94, 9.29, 7.58, -47.21
0, 4810552, -34910, -3469, -421.37, 17.56, 10.05, 8.87, -40.14
0, 4817262, -35745, -3538, -421.37, 17.56, 7.67, 10.11, -34.71
0, 4825130, -36490, -3590, -437.00, 19.12, 8.24, 10.11, -28.19
0, 4832871, -36977, -3626, -450.12, 20.62, 8.17, 10.16, -21.65
0, 4840905, -37226, -3647, -461.06, 21.25, 8.17, 9.78, -14.75
0, 4848580, -37247, -3655, -469.00, 21.25, 8.38, 10.33, -8.10
0, 4854950, -37221, -3662, -469.00, 21.87, 9.10, 10.33, -2.54
0, 4864581, -37184, -3674, -473.56, 22.00, 9.10, 9.65, 5.86
0, 4872060, -37071, -3675, -474.87, 22.12, 9.60, 9.67, 12.36
0, 4878163, -36812, -3675, -474.87, 22.12, 9.66, 10.40, 17.63
0, 4887354, -36311, -3677, -474.62, 22.19, 8.81, 10.40, 25.46
0, 4894186, -36105, -3663, -474.19, 22.25, 10.27, 9.32, 31.18
0, 4902108, -35714, -3630, -472.00, 22.25, 10.27, 9.72, 37.67
0, 4911481, -35045, -3571, -467.56, 22.00, 10.27, 9.96, 45.12
0, 4917949, -34437, -3515, -467.56, 22.00, 8.63, 10.15, 50.08
0, 4925993, -33488, -3424, -464.56, 21.56, 8.42, 10.15, 56.03
0, 4934152, -32310, -3313, -459.81, 20.81, 8.47, 9.83, 61.79
0, 4942072, -30981, -3183, -452.87, 19.81, 8.47, 9.50, 67.07
0, 4950201, -29354, -3023, -443.19, 19.81, 8.27, 10.30, 72.16
0, 4957422, -27615, -2856, -443.19, 18.50, 8.67, 9.66, 76.38
0, 4966251, -25167, -2623, -430.87, 16.87, 9.57, 9.66, 81.12
0, 4974354, -22976, -2371, -415.62, 14.81, 9.57, 10.03, 85.05
0, 4981364, -20962, -2130, -397.12, 12.44, 11.87, 10.20, 88.11
0, 4990364, -17903, -1817, -377.50, 12.44, 14.15, 9.16, 91.55
0, 4997378, -15295, -1547, -377.50, 9.69, 14.72, 9.16, 93.84
0, 5003987, -12855, -1323, -357.19, 6.69, 18.62, 9.74, 95.68
