********************************************************************************
Obsolete PIO Core v6.1.11 is used (previous was 6.1.14)
Please remove multiple PIO Cores from a system:
https://docs.platformio.org/en/latest/core/installation/troubleshooting.html
********************************************************************************
--- Terminal on /dev/cu.usbmodem14303 | 230400 8-N-1
--- Available filters and text transformations: colorize, debug, default, direct, hexlify, log2file, nocontrol, printable, send_on_enter, time
--- More details at https://bit.ly/pio-monitor-filters
--- Quit: Ctrl+C | Menu: Ctrl+T | Help: Ctrl+T followed by Ctrl+H
start
pain
Waiting for ODrive...
pin
found ODrive
DC voltage: 24.01
Enabling closed loop control...
ODrive running!
end time:10000000
0, 34, 65536, 65536, -4.00, 0.00, 12.03, 9.56, 100.00
0, 9506, 457, -11, -4.00, 0.00, 12.03, 9.52, 95.25
0, 16598, 985, -28, -4.00, 0.00, 12.04, 10.09, 85.76
0, 23142, 1188, -50, -4.00, 0.06, 12.78, 10.09, 72.96
0, 30071, 1326, -35, -2.62, 0.19, 11.71, 9.03, 55.82
0, 39369, 1437, -24, 3.87, 0.50, 11.71, 8.55, 28.56
0, 48727, 1443, -18, 7.69, 0.31, 10.89, 10.52, -1.50
0, 58870, 1365, -2, 9.44, 0.25, 10.99, 8.78, -33.82
0, 65760, 1220, 18, 9.44, 0.25, 12.01, 8.78, -53.90
0, 71658, 966, 26, 10.06, 0.13, 12.01, 9.67, -68.98
0, 77488, 617, 31, 9.69, 0.13, 11.69, 9.91, -81.40
0, 84257, 262, 36, 9.69, -0.13, 10.91, 9.58, -92.12
0, 92732, 36, 14, 8.13, -0.25, 13.32, 9.58, -99.24
0, 102205, -106, 2, 3.87, -0.31, 12.88, 10.10, -98.30
0, 111990, -212, -7, -1.31, -0.13, 12.88, 9.80, -87.61
0, 117930, -234, -9, -3.81, -0.13, 12.34, 9.75, -76.72
0, 123642, -232, -11, -3.81, 0.00, 12.31, 9.75, -63.55
0, 129509, -228, -12, -5.25, 0.06, 12.31, 9.81, -47.74
0, 138294, -220, -14, -6.12, 0.13, 12.39, 9.71, -21.02
0, 148172, -201, -18, -6.19, 0.13, 12.02, 9.77, 10.95
0, 157951, -107, -26, -6.12, 0.13, 12.08, 9.88, 41.50
0, 165195, 64, -29, -6.12, 0.13, 12.19, 9.88, 61.60
0, 170896, 293, -32, -6.00, 0.19, 12.19, 10.06, 75.08
0, 176789, 633, -34, -5.50, 0.19, 12.70, 10.06, 86.29
0, 183373, 887, -61, -5.50, 0.25, 13.14, 10.03, 95.06
0, 192444, 1129, -53, -3.62, 0.25, 11.72, 10.10, 99.98
0, 202011, 1439, -25, 0.56, 0.56, 11.55, 9.43, 95.80
0, 212001, 1743, 8, 4.75, 0.50, 11.55, 10.16, 81.61
0, 217904, 1870, 21, 7.44, 0.50, 12.58, 9.46, 69.08
0, 223614, 1991, 33, 7.44, 0.25, 11.63, 9.46, 54.53
0, 229321, 2096, 45, 10.69, -0.06, 11.63, 9.81, 38.11
0, 237362, 2176, 56, 13.38, -0.06, 12.09, 9.83, 12.90
0, 246358, 2149, 65, 15.44, -0.25, 11.69, 9.89, -16.27
0, 255475, 2041, 79, 15.44, -0.44, 11.83, 8.97, -44.41
0, 264145, 1801, 83, 16.87, -0.50, 11.49, 8.97, -67.60
0, 270102, 1502, 92, 17.00, -0.50, 11.49, 10.73, -80.53
0, 275816, 1112, 104, 17.00, -0.69, 11.56, 10.73, -90.10
0, 281898, 810, 83, 16.00, -0.75, 10.80, 9.37, -96.87
0, 291626, 446, 52, 13.44, -0.88, 12.64, 9.68, -99.78
0, 301243, 61, 18, 8.06, -0.75, 12.44, 9.61, -92.91
0, 310208, -131, 0, 3.06, -0.44, 12.44, 10.01, -78.35
0, 317100, -157, -4, -0.56, -0.44, 11.55, 10.01, -62.56
0, 322811, -150, -5, -0.56, -0.13, 11.55, 9.89, -47.07
0, 328731, -142, -6, -4.06, -0.13, 12.95, 9.85, -29.31
0, 336267, -128, -9, -5.44, 0.00, 12.11, 9.76, -5.22
0, 345442, -85, -17, -5.44, 0.06, 12.02, 9.92, 24.39
0, 355135, 77, -20, -5.37, 0.06, 11.99, 9.53, 53.28
0, 364544, 423, -25, -5.25, 0.13, 12.92, 9.53, 76.31
0, 370441, 743, -27, -4.87, 0.13, 12.92, 9.87, 87.23
0, 376153, 936, -50, -3.50, 0.19, 13.04, 9.87, 94.77
0, 382355, 1112, -55, -3.50, 0.19, 11.81, 9.59, 99.24
0, 390445, 1373, -31, -0.13, 0.37, 11.61, 8.85, 99.02
0, 399903, 1697, 3, 4.31, 0.50, 11.61, 9.72, 90.13
0, 409663, 1944, 27, 7.25, 0.25, 12.57, 9.86, 72.10
0, 416658, 2144, 46, 10.56, 0.25, 11.36, 9.86, 54.60
0, 422358, 2270, 62, 10.56, -0.06, 11.36, 9.96, 38.21
0, 428360, 2336, 74, 13.44, -0.06, 12.09, 9.59, 19.55
0, 435129, 2328, 78, 13.44, -0.31, 11.47, 9.74, -2.36
0, 444867, 2253, 93, 16.06, -0.50, 11.52, 9.74, -33.39
0, 454693, 2012, 95, 18.25, -0.62, 11.83, 9.41, -61.33
0, 463474, 1613, 108, 18.69, -0.81, 11.22, 9.74, -81.11
0, 469186, 1268, 118, 18.00, -0.81, 11.22, 9.77, -90.52
0, 474906, 973, 98, 18.00, -0.88, 11.07, 9.77, -96.82
0, 480777, 711, 76, 15.81, -1.00, 11.07, 9.69, -99.81
0, 489500, 368, 45, 11.44, -1.00, 11.97, 9.62, -97.54
0, 498555, 18, 14, 6.06, -1.00, 12.59, 9.81, -86.94
0, 507851, -119, 1, 1.75, -0.62, 11.67, 9.80, -68.26
0, 515708, -118, -2, 1.75, -0.31, 13.05, 9.80, -47.56
0, 521410, -107, -3, -2.06, -0.31, 13.05, 9.91, -30.52
0, 527116, -95, -5, -4.69, -0.06, 12.21, 9.91, -12.41
0, 532823, -76, -10, -4.69, 0.00, 12.04, 9.87, 6.13
0, 541840, 7, -15, -5.12, 0.00, 11.97, 9.73, 34.74
0, 550925, 219, -17, -4.94, 0.06, 12.44, 9.84, 60.55
0, 560537, 642, -22, -4.62, 0.13, 12.44, 10.14, 82.10
0, 567434, 915, -37, -3.56, 0.13, 12.85, 10.14, 92.75
0, 573144, 1070, -57, -3.56, 0.13, 11.52, 9.75, 98.06
0, 579140, 1254, -41, -0.81, 0.13, 11.52, 11.26, 100.00
0, 586938, 1534, -15, 3.56, 0.19, 12.38, 11.26, 96.85
0, 595401, 1780, 12, 3.56, 0.50, 12.49, 8.84, 86.43
0, 605079, 2038, 35, 6.56, 0.31, 11.29, 9.54, 66.60
0, 614121, 2289, 62, 9.75, 0.00, 12.13, 9.93, 42.10
0, 620050, 2387, 77, 12.88, 0.00, 12.13, 9.85, 23.93
0, 625751, 2400, 82, 12.88, -0.25, 12.13, 9.85, 5.60
0, 631456, 2369, 88, 15.44, -0.50, 11.37, 9.75, -12.92
0, 640479, 2258, 98, 18.12, -0.69, 11.37, 8.79, -41.07
0, 648979, 1998, 103, 19.37, -0.69, 11.87, 11.38, -64.41
0, 658715, 1487, 114, 18.87, -0.81, 11.80, 9.32, -85.04
0, 666575, 1116, 113, 18.87, -0.94, 11.37, 9.32, -95.58
0, 672445, 856, 89, 17.19, -1.00, 11.37, 9.63, -99.43
0, 678366, 603, 67, 13.31, -1.00, 12.77, 9.63, -99.64
0, 685335, 335, 43, 13.31, -1.06, 11.41, 9.94, -95.17
0, 694625, 4, 12, 8.25, -0.81, 11.91, 9.97, -81.70
0, 702883, -91, 3, 3.94, -0.50, 12.72, 9.88, -63.46
0, 711667, -83, 1, -0.06, -0.19, 12.72, 9.87, -39.09
0, 718614, -68, -2, -3.50, -0.19, 13.27, 9.87, -17.46
0, 724324, -50, -6, -3.50, -0.06, 12.32, 9.85, 1.03
0, 730202, -14, -10, -4.75, -0.06, 12.32, 9.86, 20.02
0, 738692, 127, -13, -4.69, 0.00, 12.02, 9.66, 45.99
0, 748579, 447, -18, -4.44, 0.00, 12.43, 9.76, 71.71
0, 757458, 866, -25, -3.62, 0.06, 12.67, 9.76, 88.60
0, 765224, 1071, -54, -3.62, 0.13, 11.50, 9.84, 97.38
0, 771016, 1243, -42, -1.37, 0.13, 11.50, 10.15, 99.92
0, 776720, 1440, -25, 2.62, 0.13, 12.49, 10.15, 98.96
0, 783058, 1663, -1, 2.62, 0.37, 11.80, 9.04, 93.91
0, 790687, 1858, 20, 5.94, 0.44, 11.80, 10.07, 82.58
0, 799234, 2108, 42, 8.94, 0.44, 11.34, 9.92, 63.92
0, 809041, 2366, 71, 12.25, 0.13, 12.19, 9.86, 36.56
0, 817018, 2453, 86, 14.88, -0.19, 12.08, 9.86, 11.45
0, 822846, 2432, 90, 14.88, -0.19, 12.08, 9.69, -7.49
0, 828746, 2383, 102, 17.69, -0.44, 11.67, 9.69, -26.38
0, 835503, 2257, 103, 17.69, -0.62, 11.85, 9.83, -46.79
0, 844712, 1899, 112, 19.62, -0.81, 11.73, 10.88, -70.79
0, 852438, 1472, 121, 19.69, -0.94, 10.87, 9.60, -86.14
0, 861923, 1040, 105, 18.44, -1.00, 12.87, 9.54, -97.50
0, 869302, 730, 78, 15.06, -1.00, 12.87, 9.54, -99.99
0, 875005, 507, 58, 15.06, -1.12, 11.39, 9.63, -97.97
0, 881046, 277, 38, 10.06, -1.12, 11.39, 10.00, -92.18
0, 889379, 8, 13, 5.62, -1.00, 12.31, 9.69, -78.42
0, 899003, -61, 5, 1.62, -0.69, 12.08, 9.86, -55.49
0, 909161, -48, 3, -2.06, -0.37, 13.37, 9.93, -25.48
0, 917460, -22, -4, -4.25, -0.13, 12.42, 9.93, 1.25
0, 923176, 9, -6, -4.25, -0.06, 12.42, 9.71, 19.72
0, 929272, 104, -10, -4.44, -0.06, 11.93, 9.71, 38.65
0, 936021, 285, -11, -4.44, 0.00, 12.44, 9.76, 57.82
0, 943460, 601, -16, -4.25, 0.06, 12.83, 10.06, 75.69
0, 951227, 934, -28, -3.75, 0.06, 13.03, 9.52, 89.63
0, 959788, 1165, -50, -1.94, 0.06, 13.03, 10.95, 98.37
0, 967807, 1420, -26, 1.81, 0.13, 12.51, 10.95, 99.68
0, 973510, 1625, -5, 1.81, 0.13, 11.74, 9.06, 96.49
0, 979526, 1788, 13, 5.56, 0.25, 11.74, 9.06, 89.54
0, 987404, 2009, 33, 8.38, 0.44, 12.45, 9.87, 75.32
0, 995584, 2266, 58, 8.38, 0.19, 11.41, 9.79, 55.36
0, 1003347, 2442, 82, 11.69, -0.13, 11.91, 9.83, 32.79
0, 1011982, 2491, 90, 14.44, -0.13, 11.91, 9.72, 5.30
0, 1019546, 2450, 98, 17.37, -0.37, 11.54, 9.72, -19.19
0, 1025244, 2384, 106, 17.37, -0.62, 11.39, 9.91, -36.96
0, 1031321, 2220, 107, 19.75, -0.62, 11.39, 9.13, -54.50
0, 1039286, 1845, 117, 20.25, -0.81, 11.41, 10.14, -74.17
0, 1048914, 1337, 128, 19.50, -0.94, 11.02, 10.14, -91.23
0, 1057538, 970, 99, 16.87, -1.00, 11.69, 10.19, -99.00
0, 1065037, 648, 71, 16.87, -1.12, 13.17, 9.92, -99.47
0, 1071526, 409, 49, 11.88, -1.12, 13.17, 9.92, -95.11
0, 1077495, 178, 29, 7.44, -1.12, 12.34, 9.48, -87.36
0, 1083613, 13, 13, 7.44, -0.81, 12.14, 9.97, -76.01
0, 1091002, -34, 8, 3.19, -0.81, 12.29, 9.81, -58.35
0, 1099856, -23, 6, -0.56, -0.50, 12.29, 9.81, -32.87
0, 1109550, -3, 2, -3.56, -0.37, 12.34, 9.81, -1.94
0, 1117904, 51, -5, -4.19, -0.37, 12.04, 9.75, 24.98
0, 1123606, 136, -7, -4.19, -0.37, 12.02, 10.03, 42.42
0, 1129677, 307, -9, -4.06, -0.31, 12.02, 10.03, 59.37
0, 1136529, 611, -14, -4.06, -0.25, 13.04, 9.50, 75.69
0, 1143813, 942, -23, -3.75, -0.25, 12.97, 10.14, 88.92
0, 1151574, 1155, -49, -2.62, -0.19, 11.14, 11.28, 97.53
0, 1160366, 1436, -25, 0.44, -0.19, 11.14, 8.81, 99.80
0, 1168664, 1713, 4, 4.75, 0.13, 12.48, 8.81, 94.49
0, 1174370, 1861, 20, 4.75, 0.13, 12.38, 9.98, 86.82
0, 1180262, 2039, 35, 7.69, -0.06, 12.38, 9.98, 75.77
0, 1188332, 2295, 61, 10.94, -0.37, 11.48, 9.54, 56.23
0, 1196408, 2479, 86, 10.94, -0.62, 12.28, 9.81, 32.81
0, 1203842, 2525, 93, 13.81, -0.88, 11.51, 9.40, 9.22
0, 1211811, 2487, 102, 16.75, -0.88, 11.42, 9.84, -16.62
0, 1219780, 2393, 108, 19.56, -1.06, 11.42, 9.84, -41.35
0, 1225483, 2238, 110, 19.56, -1.19, 12.01, 11.16, -57.44
0, 1231444, 1942, 116, 20.62, -1.19, 12.01, 9.51, -72.15
0, 1239233, 1470, 132, 20.19, -1.31, 11.69, 9.51, -87.21
0, 1248048, 1089, 110, 18.56, -1.37, 11.51, 9.60, -97.49
0, 1255470, 764, 81, 18.56, -1.50, 13.31, 9.54, -99.99
0, 1262687, 481, 56, 14.06, -1.50, 11.52, 10.02, -96.84
0, 1270526, 180, 29, 8.88, -1.25, 11.52, 10.02, -87.42
0, 1276226, 17, 13, 8.88, -0.94, 12.17, 9.51, -76.97
0, 1282140, -38, 8, 4.62, -0.94, 12.24, 9.88, -63.33
0, 1290244, -29, 6, 0.69, -0.62, 12.24, 9.86, -40.97
0, 1299340, -15, 3, -2.81, -0.44, 13.51, 9.86, -12.58
0, 1308272, 26, -5, -4.19, -0.37, 12.03, 9.78, 16.38
0, 1314931, 101, -7, -4.19, -0.31, 12.14, 9.77, 37.21
0, 1321735, 271, -9, -4.12, -0.31, 12.14, 9.77, 56.69
0, 1327443, 497, -13, -4.12, -0.25, 12.39, 9.60, 70.93
0, 1333332, 798, -15, -3.87, -0.25, 12.99, 10.09, 83.06
0, 1341320, 1065, -42, -3.19, -0.25, 11.15, 9.84, 94.58
0, 1350065, 1322, -34, -0.88, -0.19, 11.15, 9.84, 99.89
0, 1359354, 1646, -3, 3.44, 0.06, 12.41, 10.36, 96.74
0, 1366804, 1844, 18, 3.44, 0.06, 11.75, 10.11, 87.82
0, 1373287, 2041, 36, 6.81, 0.06, 11.75, 10.11, 75.86
0, 1379561, 2246, 56, 9.81, -0.25, 11.49, 9.48, 61.07
0, 1386626, 2431, 78, 9.81, -0.50, 12.36, 10.03, 41.42
0, 1393232, 2514, 92, 12.94, -0.81, 11.80, 9.77, 21.05
0, 1401704, 2506, 97, 15.75, -0.81, 11.40, 10.04, -6.36
0, 1411057, 2428, 107, 18.75, -1.06, 11.40, 10.04, -35.97
0, 1419073, 2239, 109, 20.44, -1.12, 11.85, 8.94, -58.82
0, 1424780, 1969, 114, 20.44, -1.12, 11.82, 10.99, -72.74
0, 1430485, 1601, 125, 20.37, -1.25, 11.82, 10.99, -84.16
0, 1438339, 1205, 121, 19.37, -1.31, 11.07, 9.48, -95.08
0, 1445777, 865, 90, 19.37, -1.44, 13.14, 10.05, -99.73
0, 1453187, 554, 62, 16.19, -1.37, 11.67, 9.23, -98.59
0, 1461976, 218, 32, 10.56, -1.37, 11.67, 10.20, -89.86
0, 1470372, -19, 10, 5.87, -1.00, 12.41, 10.20, -74.68
0, 1476076, -60, 6, 5.87, -1.00, 12.52, 9.80, -61.12
0, 1481999, -50, 4, 1.75, -0.69, 13.35, 9.80, -44.83
0, 1490270, -40, 2, -1.94, -0.44, 13.35, 9.89, -19.45
0, 1499936, -11, -5, -4.19, -0.37, 12.34, 9.90, 11.86
0, 1509245, 88, -8, -4.37, -0.31, 11.92, 10.00, 40.94
0, 1515923, 258, -11, -4.37, -0.25, 12.54, 9.80, 59.65
0, 1522702, 552, -16, -4.19, -0.25, 12.54, 9.80, 75.77
0, 1528409, 850, -19, -3.81, -0.25, 12.78, 9.55, 86.52
0, 1534527, 1040, -43, -3.81, -0.25, 13.13, 9.89, 94.73
0, 1542106, 1268, -39, -2.25, -0.19, 12.39, 9.21, 99.68
0, 1551417, 1598, -8, 1.44, -0.06, 12.39, 9.21, 97.51
0, 1560537, 1852, 19, 5.62, 0.13, 11.68, 9.27, 86.77
0, 1567979, 2084, 39, 8.56, -0.13, 12.44, 10.03, 72.32
0, 1574363, 2288, 60, 8.56, -0.13, 12.26, 10.03, 56.51
0, 1580559, 2437, 79, 11.94, -0.44, 12.26, 9.85, 38.85
0, 1588372, 2509, 91, 14.69, -0.69, 11.82, 9.73, 14.42
0, 1596213, 2482, 98, 14.69, -0.94, 11.50, 9.56, -11.03
0, 1604005, 2405, 106, 17.81, -1.12, 11.46, 9.92, -35.61
0, 1612584, 2180, 109, 20.00, -1.12, 11.92, 9.92, -59.98
0, 1621117, 1755, 121, 20.44, -1.25, 11.92, 10.25, -79.62
0, 1626824, 1430, 131, 20.44, -1.25, 11.02, 9.78, -89.42
0, 1632788, 1158, 116, 19.69, -1.31, 11.51, 9.78, -96.38
0, 1641012, 768, 81, 17.25, -1.37, 11.51, 9.62, -100.00
0, 1650759, 386, 47, 12.38, -1.44, 11.44, 9.40, -95.09
0, 1660724, 29, 15, 7.50, -1.12, 12.55, 9.98, -80.26
0, 1667631, -66, 6, 7.50, -0.81, 11.94, 9.84, -64.95
0, 1674516, -62, 3, 3.00, -0.81, 12.55, 9.84, -46.43
0, 1680609, -51, 1, -0.81, -0.50, 12.55, 9.80, -28.07
0, 1688538, -35, -2, -3.81, -0.37, 12.34, 9.73, -2.65
0, 1695957, 6, -7, -3.81, -0.37, 11.96, 9.72, 21.33
0, 1703985, 135, -11, -4.50, -0.37, 12.05, 9.93, 45.84
0, 1712941, 422, -15, -4.31, -0.31, 12.80, 9.93, 69.44
0, 1721383, 831, -20, -4.00, -0.25, 12.80, 10.02, 86.36
0, 1727094, 1004, -40, -4.00, -0.25, 12.85, 9.59, 94.19
0, 1732998, 1177, -49, -2.87, -0.25, 11.30, 9.59, 98.87
0, 1741257, 1454, -23, 0.06, -0.19, 11.30, 11.22, 99.30
0, 1751009, 1766, 10, 4.31, 0.13, 11.72, 8.81, 90.66
0, 1761056, 2060, 37, 7.37, 0.00, 12.38, 9.74, 72.30
0, 1767910, 2281, 60, 7.37, -0.31, 11.46, 9.90, 55.22
0, 1774876, 2441, 81, 10.63, -0.31, 12.29, 9.90, 35.07
0, 1780619, 2494, 90, 13.63, -0.56, 12.29, 9.92, 17.06
0, 1788386, 2474, 95, 16.56, -0.88, 11.57, 9.73, -8.12
0, 1794391, 2428, 104, 16.56, -0.88, 11.33, 9.24, -27.32
0, 1803299, 2238, 106, 19.37, -1.06, 11.84, 10.50, -53.68
0, 1813097, 1810, 117, 20.37, -1.19, 11.84, 10.50, -77.42
0, 1821177, 1375, 129, 18.56, -1.31, 11.09, 9.68, -91.21
0, 1826883, 1124, 113, 18.56, -1.31, 11.66, 10.10, -97.21
0, 1832588, 852, 89, 16.75, -1.37, 12.77, 10.10, -99.87
0, 1840526, 514, 58, 12.75, -1.44, 12.77, 10.10, -97.86
0, 1848989, 188, 30, 7.75, -1.31, 12.41, 9.55, -88.57
0, 1857366, -29, 9, 7.75, -0.94, 12.14, 9.90, -72.80
0, 1865029, -58, 5, 3.69, -0.94, 12.53, 9.86, -53.63
0, 1873095, -47, 3, 0.13, -0.62, 12.53, 9.86, -29.89
0, 1878801, -31, 0, -3.37, -0.44, 13.32, 9.85, -11.76
0, 1885238, -6, -6, -3.37, -0.44, 12.01, 9.74, 9.15
0, 1892366, 67, -8, -3.25, -0.37, 12.01, 9.74, 31.80
0, 1901969, 288, -11, -3.00, -0.31, 12.01, 9.72, 59.41
0, 1911582, 693, -17, -2.19, -0.25, 12.56, 9.67, 81.28
0, 1918564, 961, -31, 0.06, -0.25, 12.98, 10.12, 92.32
0, 1925586, 1160, -50, 0.06, -0.25, 11.16, 10.12, 98.62
0, 1931288, 1340, -33, 4.06, -0.19, 11.16, 11.30, 99.98
0, 1939139, 1626, -5, 7.44, 0.00, 12.64, 8.77, 96.24
0, 1945919, 1810, 15, 7.44, 0.00, 11.76, 10.01, 87.97
0, 1954842, 2074, 39, 10.50, 0.13, 11.38, 9.46, 70.67
0, 1963846, 2352, 67, 13.75, -0.19, 11.38, 9.46, 47.22
0, 1971652, 2493, 88, 16.50, -0.50, 12.25, 9.95, 23.55
0, 1977358, 2507, 92, 16.50, -0.50, 11.85, 9.58, 5.20
0, 1983058, 2475, 98, 19.50, -0.75, 11.33, 9.58, -13.31
0, 1990924, 2385, 107, 21.37, -1.00, 11.33, 9.77, -37.97
0, 1999752, 2136, 110, 21.31, -1.12, 11.81, 11.34, -62.63
0, 2008494, 1684, 123, 20.12, -1.31, 12.03, 9.38, -81.99
0, 2015624, 1322, 129, 20.12, -1.31, 11.47, 9.52, -92.96
0, 2023585, 952, 98, 16.87, -1.37, 11.47, 9.52, -99.30
0, 2029297, 699, 76, 11.69, -1.44, 12.98, 9.23, -99.77
0, 2035741, 451, 53, 11.69, -1.44, 11.40, 9.23, -96.18
0, 2043045, 170, 28, 7.19, -1.44, 12.40, 9.96, -87.03
0, 2052680, -40, 8, 2.94, -1.06, 12.46, 9.57, -67.60
0, 2062669, -51, 4, -0.69, -0.75, 12.46, 9.85, -40.53
0, 2069526, -34, 1, -3.06, -0.50, 13.21, 9.87, -19.29
0, 2076418, -13, -3, -3.06, -0.50, 12.45, 9.87, 3.02
0, 2082641, 29, -7, -3.31, -0.37, 11.92, 9.80, 23.06
0, 2090732, 171, -10, -3.06, -0.37, 11.92, 9.88, 47.59
0, 2099827, 474, -15, -2.56, -0.31, 12.51, 9.72, 71.18
0, 2109216, 906, -23, -0.81, -0.25, 12.66, 9.88, 89.01
0, 2115991, 1084, -50, -0.81, -0.25, 11.24, 9.91, 96.82
0, 2123850, 1326, -34, 2.69, -0.25, 11.24, 9.91, 100.00
0, 2129553, 1534, -15, 6.56, -0.13, 12.48, 10.18, 98.23
0, 2136391, 1744, 8, 6.56, -0.13, 11.75, 10.18, 91.67
0, 2143400, 1929, 26, 9.44, 0.13, 12.37, 10.03, 80.26
0, 2152460, 2216, 53, 12.75, -0.06, 12.26, 9.53, 59.46
0, 2162005, 2452, 83, 15.50, -0.37, 12.26, 9.82, 32.03
0, 2167715, 2508, 91, 15.50, -0.37, 11.92, 9.81, 13.98
0, 2175514, 2479, 97, 18.50, -0.62, 11.63, 9.81, -11.33
0, 2181214, 2431, 105, 20.94, -0.88, 11.63, 9.91, -29.46
0, 2189209, 2255, 107, 21.44, -0.88, 11.83, 8.94, -53.05
0, 2196203, 1963, 113, 21.44, -1.12, 11.87, 10.51, -70.81
0, 2206115, 1408, 131, 20.69, -1.25, 10.98, 9.43, -89.54
0, 2215116, 1032, 105, 18.19, -1.31, 11.57, 9.43, -98.58
0, 2222857, 695, 75, 13.19, -1.37, 11.57, 9.99, -99.65
0, 2228560, 480, 56, 13.19, -1.37, 11.30, 9.46, -96.40
0, 2234380, 267, 37, 8.69, -1.50, 12.28, 9.46, -89.67
0, 2242048, 33, 15, 4.50, -1.25, 12.28, 10.06, -75.96
0, 2250939, -26, 8, 0.75, -0.88, 12.23, 9.77, -54.25
0, 2260366, -13, 6, -2.31, -0.56, 13.40, 9.85, -26.35
0, 2267075, 9, 1, -2.31, -0.56, 12.45, 9.91, -4.83
0, 2274955, 51, -4, -3.00, -0.44, 11.94, 9.91, 20.66
0, 2281016, 132, -6, -2.87, -0.37, 11.94, 9.88, 39.44
0, 2288536, 337, -9, -2.50, -0.37, 12.37, 9.52, 60.53
0, 2294575, 593, -13, -2.50, -0.31, 12.98, 9.52, 74.91
0, 2304069, 992, -28, -1.37, -0.25, 12.92, 9.99, 91.50
0, 2314012, 1271, -39, 1.62, -0.19, 12.92, 10.61, 99.58
0, 2321316, 1522, -16, 5.87, 0.06, 11.11, 9.21, 98.93
0, 2327838, 1727, 6, 5.87, 0.06, 11.76, 9.21, 93.65
0, 2334017, 1888, 22, 8.81, 0.00, 12.33, 9.58, 84.75
0, 2341855, 2137, 45, 12.00, -0.31, 12.33, 9.87, 68.62
0, 2351043, 2411, 74, 14.88, -0.56, 11.58, 9.84, 44.15
0, 2360724, 2540, 94, 17.81, -0.81, 11.78, 9.53, 14.17
0, 2367547, 2522, 99, 17.81, -0.81, 11.65, 9.65, -7.98
0, 2375423, 2449, 109, 20.69, -1.06, 11.40, 9.65, -32.99
0, 2381125, 2338, 110, 21.87, -1.19, 11.40, 9.64, -49.84
0, 2388703, 2021, 115, 21.44, -1.19, 11.75, 9.64, -69.49
0, 2394932, 1658, 127, 21.44, -1.31, 10.72, 10.02, -82.55
0, 2404403, 1205, 120, 19.75, -1.37, 11.65, 9.71, -95.78
0, 2414427, 759, 81, 15.31, -1.50, 11.65, 10.15, -99.94
0, 2421505, 492, 57, 10.19, -1.37, 12.83, 9.53, -96.51
0, 2428272, 244, 35, 10.19, -1.37, 12.37, 9.53, -88.46
0, 2434438, 53, 17, 5.87, -1.00, 12.15, 9.81, -77.38
0, 2442185, -18, 10, 2.00, -0.69, 12.15, 9.93, -59.14
0, 2451316, -7, 7, -1.37, -0.50, 12.26, 9.81, -32.93
0, 2461096, 13, 3, -2.87, -0.44, 12.37, 9.73, -1.73
0, 2467945, 55, -3, -2.87, -0.44, 12.05, 9.87, 20.41
0, 2475982, 181, -6, -2.81, -0.37, 12.05, 9.87, 45.03
0, 2481860, 342, -8, -2.62, -0.31, 12.05, 10.08, 61.19
0, 2489688, 702, -13, -1.81, -0.31, 12.40, 10.14, 79.14
0, 2496424, 982, -25, -1.81, -0.31, 13.19, 9.62, 90.54
0, 2506406, 1270, -40, 0.44, -0.25, 10.99, 11.26, 99.36
0, 2515576, 1585, -10, 4.62, -0.06, 12.47, 11.26, 98.30
0, 2523194, 1801, 13, 8.00, 0.06, 12.47, 9.97, 90.78
0, 2529327, 1977, 30, 11.06, 0.06, 12.27, 9.97, 80.66
0, 2535569, 2184, 49, 11.06, -0.19, 11.67, 9.55, 67.08
0, 2542924, 2401, 73, 14.19, -0.50, 11.67, 10.04, 47.58
0, 2552029, 2537, 94, 17.06, -0.75, 12.21, 9.88, 19.83
0, 2561850, 2529, 101, 20.06, -1.00, 11.59, 9.83, -11.97
0, 2568681, 2462, 108, 20.06, -1.00, 11.44, 9.29, -33.57
0, 2576970, 2255, 110, 21.75, -1.19, 11.89, 9.29, -57.46
0, 2583014, 1982, 117, 21.81, -1.31, 11.89, 10.34, -72.34
0, 2591083, 1490, 134, 20.62, -1.37, 11.64, 9.57, -87.79
0, 2598724, 1157, 116, 17.31, -1.37, 11.40, 9.88, -96.87
0, 2607919, 735, 78, 17.31, -1.44, 13.15, 9.66, -99.88
0, 2616718, 406, 49, 11.81, -1.44, 11.23, 9.66, -94.45
0, 2624725, 112, 22, 7.31, -1.12, 11.23, 9.99, -82.79
0, 2630644, -10, 10, 3.12, -1.12, 12.13, 9.86, -70.52
0, 2637391, -25, 7, 3.12, -0.81, 12.32, 9.86, -53.39
0, 2644232, -15, 6, -0.44, -0.56, 13.42, 9.83, -33.40
0, 2654132, 1, 2, -2.81, -0.44, 12.29, 9.89, -1.84
0, 2664051, 70, -6, -2.94, -0.37, 12.29, 9.74, 29.97
0, 2670446, 175, -7, -2.81, -0.37, 12.12, 9.99, 49.04
0, 2678032, 436, -11, -2.81, -0.37, 12.13, 9.99, 68.85
0, 2683901, 726, -14, -2.37, -0.31, 13.08, 9.76, 81.37
0, 2691747, 1031, -33, -0.88, -0.25, 13.08, 10.12, 93.41
0, 2699610, 1264, -40, 2.87, -0.25, 11.21, 10.72, 99.40
0, 2708550, 1576, -11, 2.87, -0.19, 12.35, 8.83, 98.35
0, 2717215, 1823, 16, 6.94, 0.06, 11.78, 8.83, 89.44
0, 2725154, 2067, 38, 9.94, -0.13, 11.78, 10.08, 75.04
0, 2731048, 2264, 57, 13.25, -0.13, 11.68, 9.93, 61.06
0, 2737830, 2445, 79, 13.25, -0.44, 12.24, 9.93, 42.24
0, 2744436, 2529, 94, 16.06, -0.69, 11.69, 9.86, 21.93
0, 2754139, 2521, 99, 19.19, -0.94, 11.58, 9.48, -9.45
0, 2763371, 2430, 107, 21.44, -1.12, 11.58, 9.99, -38.49
0, 2769832, 2277, 109, 21.81, -1.12, 11.88, 10.69, -56.90
0, 2777663, 1885, 117, 21.81, -1.25, 11.71, 10.69, -75.80
0, 2783381, 1528, 132, 21.12, -1.31, 10.92, 9.44, -86.56
0, 2791635, 1144, 114, 18.75, -1.31, 10.92, 9.43, -96.74
0, 2799486, 788, 83, 13.56, -1.37, 12.74, 9.30, -100.00
0, 2808301, 447, 53, 13.56, -1.50, 11.58, 10.13, -95.92
0, 2817185, 117, 23, 8.63, -1.25, 12.37, 10.13, -83.89
0, 2825063, -33, 9, 4.31, -0.94, 12.37, 9.70, -67.34
0, 2831168, -39, 5, 0.56, -0.94, 12.10, 9.77, -51.43
0, 2837929, -30, 4, 0.56, -0.62, 13.33, 9.77, -31.47
0, 2844527, -14, 1, -2.44, -0.44, 12.33, 9.88, -10.52
0, 2853770, 26, -5, -3.12, -0.37, 12.02, 9.67, 19.42
0, 2862886, 156, -8, -3.00, -0.37, 12.02, 9.92, 47.24
0, 2869662, 355, -11, -2.69, -0.37, 12.46, 9.92, 65.38
0, 2877410, 732, -15, -2.69, -0.31, 12.75, 9.78, 82.19
0, 2883449, 974, -28, -1.62, -0.25, 13.13, 9.81, 91.73
0, 2891673, 1218, -45, 1.25, -0.25, 13.13, 10.24, 99.00
0, 2899544, 1485, -20, 5.69, -0.25, 12.35, 9.43, 99.35
0, 2908096, 1757, 9, 5.69, 0.00, 11.76, 9.43, 92.39
0, 2917468, 2031, 34, 8.81, 0.00, 12.26, 10.03, 76.64
0, 2925133, 2291, 60, 12.13, -0.31, 12.26, 9.60, 58.41
0, 2931510, 2460, 81, 15.00, -0.31, 11.61, 9.80, 40.43
0, 2938803, 2538, 95, 15.00, -0.56, 11.75, 9.80, 17.79
0, 2945095, 2526, 98, 18.12, -0.88, 11.51, 9.61, -2.59
0, 2953924, 2463, 108, 20.94, -1.12, 11.44, 9.83, -30.81
0, 2963267, 2269, 110, 21.87, -1.19, 11.44, 9.47, -57.88
0, 2970074, 1963, 115, 21.44, -1.19, 11.94, 10.21, -74.38
0, 2978231, 1459, 134, 21.44, -1.31, 11.05, 10.21, -89.31
0, 2983937, 1205, 121, 19.94, -1.37, 11.33, 9.45, -96.08
0, 2991987, 818, 86, 15.81, -1.37, 11.33, 10.20, -99.98
0, 2999704, 505, 58, 10.31, -1.44, 11.41, 10.20, -97.32
0, 3007214, 225, 33, 10.31, -1.37, 12.58, 9.33, -88.85
0, 3016035, -11, 10, 5.75, -1.00, 12.05, 9.86, -72.23
0, 3022250, -42, 7, 1.75, -1.00, 12.05, 9.81, -56.86
0, 3029863, -31, 5, -1.69, -0.69, 12.56, 9.81, -34.95
0, 3035575, -17, 2, -1.69, -0.44, 12.32, 9.80, -17.03
0, 3043157, 7, -4, -3.12, -0.37, 12.32, 9.81, 7.55
0, 3051322, 85, -7, -3.00, -0.37, 12.02, 9.89, 33.47
0, 3060899, 307, -10, -2.75, -0.31, 11.89, 9.68, 60.75
0, 3068736, 633, -14, -2.75, -0.25, 12.88, 9.68, 78.83
0, 3076649, 967, -28, -2.00, -0.25, 12.99, 10.11, 91.90
0, 3082352, 1129, -50, 0.19, -0.25, 12.99, 11.18, 97.60
0, 3090202, 1382, -29, 4.25, -0.19, 11.24, 11.18, 99.94
0, 3096809, 1622, -6, 4.25, -0.13, 12.49, 8.97, 96.87
0, 3105312, 1854, 19, 7.69, 0.13, 12.29, 9.67, 86.40
0, 3114320, 2141, 45, 10.88, -0.13, 12.29, 9.74, 68.17
0, 3121385, 2363, 69, 14.06, -0.13, 11.59, 9.85, 49.70
0, 3129211, 2507, 91, 14.06, -0.44, 12.21, 9.85, 26.24
0, 3135081, 2530, 95, 16.87, -0.69, 11.48, 9.51, 7.44
0, 3143108, 2488, 105, 20.00, -0.69, 11.48, 9.70, -18.57
0, 3151366, 2384, 108, 21.69, -1.00, 11.41, 10.79, -43.99
0, 3161162, 2039, 113, 21.56, -1.12, 11.88, 9.56, -69.92
0, 3169099, 1588, 127, 21.56, -1.25, 10.82, 9.56, -85.86
0, 3177101, 1212, 121, 20.50, -1.31, 11.67, 9.76, -96.17
0, 3183181, 923, 95, 17.25, -1.31, 11.67, 9.92, -99.68
0, 3191238, 572, 64, 12.00, -1.44, 12.83, 9.92, -98.34
0, 3197988, 328, 42, 12.00, -1.50, 11.56, 9.62, -92.03
0, 3206301, 49, 16, 7.37, -1.12, 12.11, 9.77, -78.23
0, 3214869, -34, 8, 3.12, -0.81, 12.11, 9.93, -58.06
0, 3221904, -22, 6, -0.50, -0.81, 12.53, 9.88, -38.07
0, 3229783, -8, 3, -0.50, -0.56, 13.38, 9.88, -13.37
0, 3235644, 15, -2, -2.81, -0.44, 11.95, 9.71, 5.66
0, 3243422, 92, -7, -3.00, -0.44, 11.95, 9.71, 30.48
0, 3251816, 265, -8, -2.81, -0.37, 12.07, 9.73, 55.05
0, 3261833, 662, -14, -2.19, -0.31, 12.48, 10.05, 78.88
0, 3269694, 972, -27, -0.50, -0.25, 13.07, 10.05, 91.87
0, 3276732, 1173, -48, -0.50, -0.25, 11.13, 9.72, 98.44
0, 3283653, 1399, -28, 3.06, -0.25, 11.13, 11.30, 99.88
0, 3291819, 1684, 1, 6.81, -0.19, 12.56, 11.30, 95.11
0, 3299064, 1876, 21, 6.81, 0.06, 11.80, 9.98, 85.26
0, 3308119, 2168, 47, 9.81, -0.06, 11.61, 9.49, 66.41
0, 3315970, 2407, 74, 13.13, -0.37, 12.19, 9.95, 45.36
0, 3322676, 2518, 93, 15.94, -0.37, 12.19, 9.95, 24.99
0, 3330510, 2529, 97, 19.06, -0.62, 11.78, 9.95, -0.23
0, 3336617, 2491, 103, 19.06, -0.88, 11.40, 9.88, -19.97
0, 3344034, 2381, 108, 21.44, -0.88, 11.40, 9.13, -42.82
0, 3352258, 2111, 112, 21.81, -1.12, 11.81, 11.09, -65.19
0, 3362057, 1560, 129, 21.00, -1.19, 11.88, 9.44, -85.68
0, 3370108, 1230, 123, 21.00, -1.31, 10.78, 9.44, -96.11
0, 3377866, 869, 90, 18.44, -1.37, 13.35, 9.71, -99.96
0, 3384132, 601, 66, 13.44, -1.50, 13.35, 9.66, -98.44
0, 3392349, 306, 40, 9.00, -1.50, 10.93, 9.66, -90.30
0, 3399928, 58, 17, 4.62, -1.31, 12.36, 10.03, -77.08
0, 3408730, -17, 9, 4.62, -0.94, 12.42, 9.88, -55.94
0, 3416923, -6, 7, 0.88, -0.69, 13.44, 9.84, -32.12
0, 3423669, 13, 3, -2.12, -0.69, 13.44, 9.90, -10.73
0, 3431919, 48, -3, -2.87, -0.44, 12.28, 9.90, 16.03
0, 3438702, 126, -6, -2.87, -0.37, 12.08, 9.88, 37.25
0, 3445407, 290, -7, -2.69, -0.37, 12.56, 9.53, 56.46
0, 3453302, 618, -12, -2.37, -0.37, 12.56, 9.76, 75.58
0, 3462454, 992, -27, -1.12, -0.31, 13.00, 9.84, 91.47
0, 3470597, 1222, -45, 1.94, -0.25, 12.91, 9.84, 98.86
0, 3477271, 1444, -24, 1.94, -0.25, 12.77, 10.10, 99.78
0, 3484199, 1683, 1, 6.12, -0.25, 12.77, 9.08, 95.78
0, 3492452, 1906, 24, 9.06, -0.19, 11.95, 9.08, 84.72
0, 3500080, 2159, 46, 12.31, -0.06, 12.12, 10.04, 69.07
0, 3508100, 2408, 73, 12.31, -0.37, 12.18, 9.79, 48.07
0, 3515752, 2540, 94, 15.25, -0.62, 11.71, 9.73, 24.97
0, 3522746, 2551, 98, 18.31, -0.62, 11.71, 9.73, 2.48
0, 3531056, 2499, 109, 21.12, -0.88, 11.50, 9.62, -24.32
0, 3537774, 2400, 110, 21.12, -1.00, 11.40, 9.94, -44.78
0, 3544543, 2173, 113, 22.12, -1.00, 11.87, 10.73, -63.24
0, 3552629, 1716, 126, 21.62, -1.12, 11.87, 9.62, -81.21
0, 3562281, 1257, 125, 19.87, -1.19, 10.72, 9.62, -95.27
0, 3570337, 897, 93, 19.87, -1.31, 11.70, 9.37, -99.89
0, 3577037, 614, 68, 15.31, -1.25, 11.29, 9.34, -98.54
0, 3584182, 363, 45, 10.31, -1.25, 11.29, 9.97, -91.96
0, 3592209, 88, 20, 6.06, -0.94, 12.31, 9.97, -78.69
0, 3599370, -13, 10, 6.06, -0.62, 12.24, 9.89, -62.31
0, 3606670, -6, 7, 2.19, -0.37, 13.42, 9.73, -42.15
0, 3614825, 7, 6, -1.19, -0.37, 12.26, 9.88, -16.89
0, 3622631, 37, -2, -2.75, -0.25, 12.26, 9.88, 8.42
0, 3631203, 122, -5, -2.69, -0.25, 11.88, 9.69, 35.53
0, 3637842, 266, -7, -2.69, -0.13, 11.96, 9.98, 54.74
0, 3644995, 545, -11, -2.50, -0.13, 12.93, 9.91, 72.57
0, 3653079, 926, -17, -1.69, -0.13, 12.93, 9.57, 87.97
0, 3662155, 1186, -47, 0.62, -0.13, 12.87, 9.57, 98.00
0, 3669872, 1435, -25, 0.62, 0.00, 10.67, 10.64, 99.87
0, 3676745, 1674, 0, 4.87, 0.25, 11.97, 9.20, 96.25
0, 3683984, 1868, 20, 8.19, 0.25, 11.97, 9.86, 87.27
0, 3692093, 2132, 44, 11.31, 0.00, 12.11, 9.86, 71.51
0, 3698845, 2353, 67, 11.31, -0.31, 11.82, 9.85, 54.55
0, 3706227, 2513, 90, 14.38, -0.56, 11.70, 9.73, 33.05
0, 3714529, 2554, 97, 17.31, -0.56, 11.70, 9.76, 6.66
0, 3722583, 2511, 106, 20.44, -0.81, 11.52, 9.76, -19.43
0, 3730323, 2409, 110, 20.44, -1.00, 11.50, 9.84, -43.26
0, 3736185, 2238, 111, 22.00, -1.12, 11.99, 9.62, -59.57
0, 3743929, 1822, 120, 21.87, -1.12, 11.99, 9.95, -77.72
0, 3752046, 1378, 133, 20.69, -1.19, 10.65, 9.95, -91.45
0, 3759771, 1036, 105, 20.69, -1.25, 11.78, 9.82, -98.64
0, 3766284, 743, 79, 17.12, -1.25, 13.19, 10.19, -99.89
0, 3773690, 464, 54, 11.69, -1.37, 13.19, 10.19, -95.88
0, 3782078, 156, 26, 7.31, -1.06, 12.43, 9.63, -84.68
0, 3788832, -1, 11, 7.31, -0.75, 12.15, 10.02, -71.04
0, 3795733, -21, 8, 3.12, -0.75, 12.43, 9.80, -53.59
0, 3803816, -11, 6, -0.44, -0.44, 12.43, 9.78, -29.79
0, 3812837, 9, 1, -2.75, -0.25, 13.42, 9.78, -0.89
0, 3820578, 59, -4, -2.87, -0.25, 12.03, 9.73, 24.06
0, 3827048, 162, -7, -2.87, -0.19, 12.09, 10.01, 43.82
0, 3834487, 385, -9, -2.69, -0.19, 12.09, 10.01, 64.09
0, 3842472, 757, -14, -2.19, -0.13, 12.39, 9.46, 81.66
0, 3849893, 1026, -31, -2.19, -0.13, 12.84, 10.24, 93.10
0, 3856580, 1223, -45, -0.44, -0.06, 10.61, 11.28, 98.78
0, 3864813, 1507, -18, 3.31, -0.06, 12.75, 8.82, 99.38
0, 3872786, 1758, 9, 7.12, 0.19, 12.75, 8.82, 93.19
0, 3880609, 1983, 30, 10.13, 0.13, 12.03, 9.97, 81.05
0, 3887003, 2203, 51, 10.13, -0.19, 11.82, 9.57, 67.20
0, 3894498, 2429, 76, 13.44, -0.19, 11.82, 9.89, 47.32
0, 3902784, 2555, 97, 16.31, -0.50, 12.17, 9.89, 22.14
0, 3912234, 2551, 102, 19.50, -0.75, 11.64, 9.42, -8.42
0, 3919200, 2490, 109, 19.50, -1.00, 11.44, 9.87, -30.60
0, 3925900, 2346, 110, 21.81, -1.00, 11.84, 10.16, -50.47
0, 3933753, 2015, 116, 22.19, -1.06, 11.84, 10.16, -70.65
0, 3941564, 1554, 134, 21.37, -1.19, 11.68, 9.66, -86.18
0, 3948308, 1266, 126, 21.37, -1.25, 11.67, 9.53, -95.16
0, 3955099, 944, 97, 18.69, -1.25, 13.14, 9.43, -99.58
0, 3964735, 537, 61, 13.56, -1.37, 13.14, 9.43, -97.54
0, 3973044, 237, 34, 8.94, -1.19, 11.32, 9.99, -88.12
0, 3980472, 22, 14, 4.50, -0.88, 12.42, 9.60, -74.24
0, 3987738, -21, 9, 4.50, -0.88, 12.49, 9.90, -56.48
0, 3994929, -11, 6, 0.81, -0.56, 13.44, 9.90, -35.80
0, 4003210, 5, 4, -2.25, -0.31, 13.44, 9.87, -9.65
0, 4012848, 51, -4, -2.87, -0.25, 12.21, 9.60, 21.53
0, 4020411, 153, -6, -2.87, -0.25, 12.14, 9.69, 44.68
0, 4026925, 339, -8, -2.75, -0.25, 12.42, 9.84, 62.50
0, 4034999, 718, -13, -2.44, -0.19, 13.00, 9.84, 80.63
0, 4043215, 1030, -32, -1.37, -0.13, 13.00, 10.15, 93.39
0, 4051054, 1261, -41, 1.69, -0.13, 10.55, 9.74, 99.39
0, 4059000, 1540, -14, 1.69, 0.06, 12.68, 10.67, 98.90
0, 4066782, 1777, 11, 6.00, 0.06, 12.01, 10.06, 92.05
0, 4074612, 2008, 33, 9.06, 0.19, 12.01, 10.06, 79.23
0, 4082368, 2274, 58, 12.38, -0.06, 12.05, 9.45, 61.48
0, 4089118, 2463, 81, 12.38, -0.37, 12.19, 10.01, 42.82
0, 4095815, 2548, 96, 15.25, -0.37, 11.70, 9.91, 22.26
0, 4103863, 2544, 100, 18.44, -0.69, 11.70, 9.91, -3.74
0, 4113527, 2471, 109, 21.25, -0.94, 11.42, 10.01, -34.47
0, 4120587, 2326, 110, 21.25, -1.06, 11.79, 8.90, -54.94
0, 4127185, 2026, 114, 22.06, -1.06, 11.83, 11.14, -71.48
0, 4135397, 1513, 135, 21.69, -1.19, 10.61, 11.14, -87.41
0, 4143401, 1158, 116, 20.12, -1.25, 10.61, 9.52, -96.97
0, 4151204, 799, 84, 15.56, -1.31, 13.28, 9.90, -100.00
0, 4159314, 486, 56, 15.56, -1.31, 11.42, 9.55, -96.35
0, 4167134, 199, 30, 10.25, -1.31, 12.48, 9.70, -86.50
0, 4175293, -1, 11, 5.81, -1.00, 12.48, 9.70, -70.30
0, 4183318, -21, 7, 1.94, -0.69, 12.09, 9.77, -49.55
0, 4191145, -9, 6, -1.44, -0.37, 13.30, 9.87, -26.07
0, 4198009, 11, 1, -1.44, -0.37, 12.26, 9.88, -4.03
0, 4204969, 47, -3, -2.87, -0.31, 12.01, 9.83, 18.51
0, 4214847, 197, -7, -2.81, -0.25, 12.01, 9.83, 48.61
0, 4222561, 431, -10, -2.56, -0.19, 12.56, 9.54, 68.80
0, 4228638, 726, -14, -2.56, -0.19, 12.57, 9.86, 81.72
0, 4236238, 1025, -30, -1.75, -0.13, 13.12, 9.86, 93.34
0, 4244306, 1267, -40, 0.37, -0.13, 13.12, 10.23, 99.46
0, 4252448, 1554, -13, 4.56, -0.06, 10.68, 9.43, 98.71
0, 4260457, 1794, 13, 4.56, 0.25, 11.97, 9.24, 91.26
0, 4267740, 2013, 33, 8.06, 0.25, 12.06, 9.97, 79.11
0, 4275841, 2291, 60, 11.25, 0.00, 12.06, 9.97, 60.44
0, 4283845, 2503, 87, 14.38, -0.31, 11.83, 9.73, 37.88
0, 4291705, 2569, 98, 17.37, -0.56, 11.74, 9.73, 13.23
0, 4298660, 2542, 103, 17.37, -0.56, 11.45, 9.70, -9.35
0, 4305423, 2481, 110, 20.50, -0.88, 11.41, 9.64, -30.86
0, 4315011, 2257, 112, 22.12, -1.06, 11.41, 9.64, -58.57
0, 4322507, 1909, 119, 21.94, -1.12, 12.00, 10.07, -76.41
0, 4328646, 1530, 136, 21.94, -1.12, 10.95, 9.76, -87.70
0, 4336513, 1163, 116, 20.69, -1.25, 11.58, 9.76, -97.01
0, 4344544, 789, 83, 17.44, -1.31, 11.58, 9.57, -99.99
0, 4352706, 477, 55, 12.00, -1.37, 13.23, 9.45, -96.06
0, 4361396, 161, 27, 7.37, -1.12, 12.48, 9.88, -84.48
0, 4368103, 2, 12, 7.37, -1.12, 12.06, 9.83, -70.89
0, 4376063, -17, 8, 3.19, -0.81, 12.45, 9.83, -50.46
0, 4384128, -6, 6, -0.31, -0.50, 12.45, 9.91, -26.34
0, 4391942, 16, 1, -2.69, -0.50, 12.19, 9.82, -1.22
0, 4398718, 54, -3, -2.69, -0.31, 12.02, 9.76, 20.68
0, 4405502, 157, -6, -2.81, -0.25, 12.07, 9.76, 41.60
0, 4415167, 445, -10, -2.62, -0.25, 12.07, 9.87, 67.70
0, 4422204, 764, -14, -2.12, -0.19, 12.55, 10.23, 82.64
0, 4428669, 1007, -28, -2.12, -0.19, 12.60, 9.58, 92.58
0, 4436511, 1241, -43, -0.31, -0.13, 10.88, 9.58, 99.12
0, 4444416, 1514, -17, 3.25, -0.13, 10.88, 11.23, 99.22
0, 4452284, 1761, 9, 7.06, 0.13, 12.66, 9.82, 92.84
0, 4459987, 1986, 31, 7.06, 0.13, 12.07, 9.75, 80.72
0, 4467698, 2252, 56, 10.13, 0.13, 11.86, 9.96, 63.53
0, 4475945, 2485, 84, 13.44, -0.19, 11.86, 9.96, 40.78
0, 4483908, 2571, 98, 16.31, -0.50, 12.13, 9.79, 16.02
0, 4491866, 2548, 103, 19.56, -0.50, 11.48, 9.74, -9.80
0, 4498788, 2484, 109, 19.56, -0.75, 11.43, 9.74, -31.78
0, 4505804, 2330, 111, 21.87, -1.00, 11.68, 9.20, -52.41
0, 4515568, 1884, 120, 22.19, -1.12, 11.68, 10.73, -76.40
0, 4522521, 1497, 136, 21.37, -1.19, 11.95, 9.64, -88.93
0, 4529134, 1214, 121, 21.37, -1.19, 11.96, 9.41, -96.64
0, 4537013, 835, 87, 18.69, -1.25, 13.01, 9.41, -100.00
0, 4544677, 529, 60, 13.75, -1.37, 13.01, 10.57, -96.99
0, 4552828, 237, 34, 9.06, -1.25, 11.31, 9.71, -87.21
0, 4561265, 13, 13, 4.62, -0.94, 12.16, 9.88, -70.68
0, 4568317, -14, 8, 4.62, -0.94, 12.45, 9.77, -52.73
0, 4576513, -3, 6, 0.94, -0.62, 13.39, 9.77, -28.48
0, 4584447, 18, 2, -2.06, -0.37, 13.39, 9.93, -3.05
0, 4592404, 62, -3, -2.81, -0.37, 12.06, 9.89, 22.64
0, 4599339, 164, -6, -2.81, -0.31, 12.11, 9.89, 43.86
0, 4606513, 375, -8, -2.69, -0.25, 12.46, 9.92, 63.47
0, 4616278, 830, -14, -2.37, -0.19, 12.46, 9.66, 84.44
0, 4623337, 1056, -36, -1.19, -0.19, 13.00, 10.13, 94.42
0, 4629803, 1250, -42, -1.19, -0.19, 10.55, 11.11, 99.22
0, 4638543, 1556, -13, 1.94, -0.13, 12.81, 11.11, 98.74
0, 4645421, 1764, 10, 6.12, 0.06, 12.81, 8.80, 92.76
0, 4653414, 1998, 32, 9.13, 0.25, 12.09, 10.02, 80.02
0, 4662350, 2307, 62, 12.44, -0.06, 11.94, 10.01, 59.47
0, 4669135, 2495, 85, 12.44, -0.06, 12.16, 9.95, 40.42
0, 4677085, 2571, 98, 15.38, -0.31, 11.75, 9.95, 15.67
0, 4684749, 2546, 103, 18.56, -0.62, 11.75, 9.41, -9.19
0, 4693023, 2466, 110, 21.44, -0.62, 11.38, 10.05, -35.35
0, 4699933, 2308, 112, 21.44, -0.75, 11.61, 10.05, -55.32
0, 4706822, 1990, 117, 22.25, -0.88, 12.00, 10.83, -72.46
0, 4716757, 1425, 135, 21.75, -0.94, 12.00, 9.42, -90.60
0, 4724021, 1129, 114, 20.00, -1.00, 10.64, 9.42, -97.99
0, 4730533, 827, 86, 20.00, -1.00, 13.73, 9.16, -99.99
0, 4739706, 469, 55, 15.44, -1.06, 11.27, 9.16, -95.24
0, 4746758, 214, 32, 10.44, -0.69, 12.40, 10.23, -85.81
0, 4754587, 18, 13, 6.12, -0.37, 12.40, 9.59, -70.10
0, 4764184, -3, 9, 2.19, -0.13, 12.45, 9.81, -44.79
0, 4770648, 12, 6, 2.19, -0.13, 13.34, 9.90, -25.13
0, 4778662, 31, 2, -1.19, 0.00, 12.24, 9.90, 0.68
0, 4787187, 89, -3, -2.69, 0.06, 11.99, 9.76, 28.04
0, 4794864, 225, -6, -2.62, 0.13, 11.99, 9.84, 50.90
0, 4803072, 517, -10, -2.37, 0.13, 12.36, 9.79, 71.82
0, 4810039, 852, -14, -2.37, 0.13, 12.92, 9.90, 85.62
0, 4818939, 1138, -47, -1.62, 0.19, 12.81, 9.90, 96.81
0, 4827262, 1399, -27, 0.69, 0.25, 12.81, 9.88, 99.98
0, 4834084, 1642, -3, 4.81, 0.56, 12.63, 10.26, 97.14
0, 4843143, 1896, 23, 8.25, 0.56, 12.05, 10.10, 86.06
0, 4850096, 2133, 44, 8.25, 0.37, 11.98, 10.10, 72.44
0, 4856672, 2353, 67, 11.38, 0.06, 12.00, 9.50, 56.14
0, 4866523, 2554, 96, 14.50, -0.25, 12.00, 9.83, 27.20
0, 4873167, 2577, 100, 17.56, -0.50, 11.65, 9.59, 5.93
0, 4879935, 2537, 107, 17.56, -0.50, 11.54, 9.92, -16.03
0, 4888852, 2420, 112, 20.69, -0.69, 11.47, 9.92, -43.60
0, 4895659, 2224, 114, 22.25, -0.81, 11.47, 8.83, -62.31
0, 4903706, 1777, 128, 22.06, -0.94, 12.16, 10.47, -80.43
0, 4911138, 1383, 133, 22.06, -0.94, 10.66, 9.41, -92.32
0, 4919496, 1006, 103, 20.87, -1.00, 11.73, 9.41, -99.25
0, 4927533, 656, 71, 17.44, -1.06, 11.73, 10.10, -99.03
0, 4934380, 416, 50, 12.00, -0.88, 11.45, 9.31, -93.52
0, 4943346, 105, 22, 7.56, -0.88, 12.46, 9.79, -79.38
0, 4950626, -9, 10, 7.56, -0.50, 12.12, 9.79, -62.89
0, 4957076, -3, 8, 3.37, -0.25, 12.35, 9.74, -45.30
0, 4967238, 8, 6, -0.06, 0.00, 12.35, 9.91, -13.90
0, 4974043, 41, -1, -2.50, 0.06, 12.19, 9.86, 8.19
0, 4980839, 106, -5, -2.50, 0.06, 11.88, 10.10, 29.85
0, 4990107, 302, -7, -2.69, 0.06, 12.03, 10.10, 56.86
0, 4996829, 549, -11, -2.56, 0.13, 12.65, 9.63, 73.36
0, 5004653, 921, -16, -1.94, 0.19, 12.65, 10.00, 88.11
0, 5013227, 1171, -47, -0.13, 0.19, 13.00, 10.51, 97.73
0, 5020415, 1398, -28, -0.13, 0.19, 10.68, 10.51, 99.98
0, 5028619, 1683, 1, 3.37, 0.44, 12.72, 9.19, 95.90
0, 5035850, 1881, 21, 7.25, 0.50, 12.01, 9.53, 86.65
0, 5044000, 2156, 46, 10.25, 0.50, 12.01, 9.89, 70.54
0, 5051770, 2409, 73, 13.56, 0.19, 11.92, 9.89, 50.56
0, 5057852, 2534, 92, 13.56, -0.13, 12.18, 9.77, 32.61
0, 5067611, 2561, 99, 16.44, -0.44, 12.18, 9.54, 1.45
0, 5074461, 2517, 106, 19.69, -0.69, 11.39, 9.74, -20.69
0, 5081266, 2417, 112, 19.69, -0.69, 11.66, 9.22, -41.67
0, 5090539, 2106, 117, 21.94, -0.75, 11.90, 9.22, -66.81
0, 5097125, 1753, 128, 22.19, -0.88, 10.80, 10.07, -81.11
0, 5104955, 1342, 131, 21.31, -0.94, 10.80, 9.62, -93.23
0, 5112933, 975, 100, 18.62, -0.94, 11.54, 10.04, -99.39
0, 5120628, 647, 71, 18.62, -1.06, 13.39, 10.04, -99.02
0, 5128601, 368, 46, 13.63, -1.00, 13.39, 9.57, -92.13
0, 5135278, 129, 24, 8.88, -0.62, 11.59, 9.94, -81.57
0, 5143766, -7, 11, 4.56, -0.62, 11.91, 9.87, -62.71
0, 5150898, -2, 8, 4.56, -0.31, 12.59, 9.87, -43.11
0, 5157238, 10, 6, 0.94, -0.06, 13.31, 9.85, -23.71
0, 5167441, 31, 1, -2.06, 0.00, 13.31, 9.73, 9.26
0, 5174198, 85, -3, -2.75, 0.00, 11.97, 9.74, 30.75
0, 5181381, 238, -6, -2.75, 0.06, 11.91, 9.76, 51.96
0, 5190773, 597, -11, -2.56, 0.13, 12.59, 9.76, 75.26
0, 5197232, 892, -15, -2.31, 0.13, 12.62, 10.22, 87.34
0, 5205104, 1133, -46, -1.06, 0.19, 12.62, 9.66, 96.83
0, 5212922, 1380, -29, 2.06, 0.19, 10.80, 11.21, 100.00
0, 5220773, 1658, -2, 2.06, 0.31, 12.69, 11.21, 96.70
0, 5228492, 1871, 20, 6.19, 0.56, 12.69, 9.98, 87.34
0, 5235206, 2093, 40, 9.25, 0.25, 12.09, 9.65, 74.70
0, 5243866, 2381, 70, 12.56, 0.25, 12.00, 9.84, 53.26
0, 5251067, 2541, 93, 12.56, 0.00, 12.12, 9.84, 32.16
0, 5257391, 2573, 99, 15.50, -0.31, 11.86, 9.89, 12.13
0, 5266834, 2532, 110, 18.69, -0.56, 11.86, 9.72, -18.47
0, 5273297, 2465, 110, 21.50, -0.56, 11.61, 8.68, -38.58
0, 5281156, 2236, 114, 21.50, -0.75, 11.77, 8.68, -60.66
0, 5290521, 1732, 130, 22.31, -0.88, 11.87, 10.98, -81.72
0, 5297241, 1396, 134, 21.81, -0.94, 10.69, 9.40, -92.28
0, 5305069, 1040, 106, 20.00, -0.94, 10.69, 9.37, -99.01
0, 5313137, 682, 74, 15.44, -1.06, 13.26, 10.30, -99.26
0, 5320927, 405, 49, 15.44, -1.06, 11.53, 10.30, -93.04
0, 5328644, 131, 24, 10.50, -0.75, 12.41, 9.74, -81.01
0, 5334988, 7, 12, 6.06, -0.44, 12.41, 10.04, -67.27
0, 5343825, 0, 9, 2.19, -0.44, 12.72, 10.04, -43.52
0, 5350744, 15, 6, 2.19, -0.19, 13.23, 9.77, -22.32
0, 5357448, 34, 1, -1.19, 0.00, 12.14, 9.76, -0.69
0, 5366674, 95, -3, -2.69, 0.06, 12.14, 9.79, 28.91
0, 5373675, 212, -6, -2.56, 0.06, 11.86, 9.83, 49.79
0, 5381587, 489, -9, -2.56, 0.13, 12.46, 9.83, 70.23
0, 5390659, 917, -15, -2.31, 0.13, 13.08, 9.86, 87.91
0, 5397386, 1112, -43, -1.56, 0.13, 12.65, 10.03, 96.16
0, 5406542, 1403, -27, 0.75, 0.19, 12.73, 10.70, 99.98
0, 5416125, 1725, 5, 5.00, 0.50, 12.73, 8.88, 94.54
0, 5422985, 1916, 25, 8.31, 0.50, 11.82, 10.05, 84.99
0, 5431064, 2194, 49, 8.31, 0.37, 12.01, 10.05, 68.37
0, 5438653, 2435, 76, 11.50, 0.06, 12.05, 10.18, 48.45
0, 5446036, 2560, 97, 14.56, 0.06, 12.05, 9.85, 26.24
0, 5454148, 2566, 102, 17.62, -0.19, 11.61, 9.39, 0.15
0, 5461365, 2519, 110, 17.62, -0.50, 11.50, 9.39, -23.12
0, 5469886, 2377, 112, 20.81, -0.69, 11.57, 8.70, -48.87
0, 5476764, 2134, 117, 22.25, -0.81, 11.57, 10.97, -67.02
0, 5483626, 1729, 130, 22.06, -0.81, 12.07, 9.64, -81.79
0, 5493479, 1244, 124, 20.81, -0.94, 10.58, 9.64, -95.76
0, 5500230, 944, 97, 20.81, -1.00, 12.09, 9.45, -99.74
0, 5506994, 656, 72, 17.31, -1.12, 11.66, 9.59, -98.91
0, 5514921, 380, 47, 11.75, -1.12, 11.66, 9.94, -91.89
0, 5522842, 108, 22, 7.44, -0.88, 12.22, 9.94, -78.80
0, 5530728, -2, 11, 7.44, -0.56, 12.03, 9.72, -60.59
0, 5537403, 7, 8, 3.37, -0.25, 13.38, 9.83, -42.02
0, 5545944, 19, 7, -0.06, -0.25, 13.38, 9.88, -15.51
0, 5554091, 52, -1, -2.44, -0.06, 12.24, 9.88, 10.92
0, 5561603, 124, -3, -2.44, 0.00, 11.91, 9.71, 34.65
0, 5570125, 324, -6, -2.62, 0.06, 11.92, 10.01, 59.01
0, 5576034, 557, -10, -2.44, 0.06, 11.92, 9.77, 73.35
0, 5583440, 916, -15, -1.87, 0.13, 12.82, 9.77, 87.45
0, 5592063, 1174, -46, -1.87, 0.13, 12.87, 9.80, 97.46
0, 5598168, 1364, -31, -0.13, 0.19, 10.92, 10.30, 99.96
0, 5606024, 1645, -3, 3.62, 0.19, 10.92, 9.38, 97.40
0, 5614351, 1877, 21, 7.50, 0.37, 12.07, 9.95, 87.77
0, 5622355, 2152, 46, 10.50, 0.50, 11.83, 9.95, 72.47
0, 5629207, 2386, 70, 10.50, 0.19, 12.17, 9.67, 55.44
0, 5635727, 2537, 91, 13.75, 0.19, 12.17, 9.78, 36.67
0, 5644736, 2581, 100, 16.69, -0.13, 11.54, 9.72, 8.22
0, 5652320, 2542, 108, 20.06, -0.44, 11.43, 9.72, -16.38
0, 5658467, 2474, 113, 20.06, -0.69, 11.61, 9.84, -35.66
0, 5666446, 2260, 115, 22.19, -0.69, 11.61, 9.54, -58.45
0, 5674238, 1874, 127, 22.31, -0.75, 11.74, 9.54, -76.93
0, 5682061, 1439, 135, 22.31, -0.94, 10.64, 9.61, -90.54
0, 5691133, 1044, 106, 21.37, -1.00, 11.88, 10.11, -98.98
0, 5697832, 753, 80, 18.62, -1.06, 12.66, 10.13, -99.72
0, 5705680, 464, 54, 13.44, -1.06, 12.66, 9.44, -94.60
0, 5713536, 186, 29, 8.94, -1.00, 12.36, 9.44, -83.32
0, 5721256, 14, 13, 8.94, -0.69, 12.07, 9.88, -66.96
0, 5727952, 4, 9, 4.62, -0.37, 12.07, 9.80, -49.32
0, 5734914, 15, 8, 1.06, -0.37, 12.48, 9.87, -28.51
0, 5744586, 34, 3, -1.94, -0.13, 13.38, 9.87, 2.56
0, 5751622, 82, -2, -1.94, 0.00, 12.04, 9.81, 25.19
0, 5758070, 190, -5, -2.62, 0.00, 12.22, 9.92, 44.79
0, 5766159, 445, -8, -2.50, 0.00, 12.22, 9.39, 66.51
0, 5774290, 822, -12, -2.19, 0.06, 12.50, 9.39, 83.73
0, 5782058, 1084, -36, -2.19, 0.13, 12.66, 10.22, 94.74
0, 5789936, 1323, -34, -0.88, 0.13, 11.12, 11.11, 99.76
0, 5797068, 1577, -10, 2.37, 0.25, 12.28, 8.83, 98.68
0, 5805121, 1813, 14, 6.50, 0.25, 12.28, 8.83, 91.11
0, 5812937, 2062, 38, 9.50, 0.50, 11.81, 9.88, 77.81
0, 5820007, 2313, 62, 9.50, 0.25, 12.18, 9.96, 61.43
0, 5826690, 2499, 85, 12.81, 0.25, 12.18, 9.75, 42.96
0, 5834831, 2585, 100, 15.69, -0.06, 12.03, 9.32, 17.81
0, 5844277, 2560, 106, 19.06, -0.31, 11.52, 9.32, -12.80
0, 5851028, 2494, 110, 19.06, -0.50, 11.59, 10.00, -34.11
0, 5857841, 2330, 112, 21.75, -0.56, 11.65, 10.72, -53.94
0, 5865663, 1968, 121, 22.44, -0.56, 11.65, 9.59, -73.41
0, 5873739, 1501, 137, 21.94, -0.62, 11.76, 9.59, -88.53
0, 5881269, 1189, 119, 21.94, -0.75, 11.96, 9.53, -97.17
0, 5887408, 901, 93, 19.94, -0.81, 12.49, 9.83, -99.92
0, 5896265, 540, 61, 15.25, -0.81, 12.49, 9.83, -96.91
0, 5904090, 265, 37, 10.31, -0.50, 11.59, 9.96, -87.56
0, 5910872, 58, 17, 10.31, -0.19, 12.36, 9.67, -74.86
0, 5917912, 1, 11, 6.00, -0.19, 12.66, 9.87, -57.85
0, 5925493, 12, 9, 2.12, 0.06, 12.66, 9.87, -36.18
0, 5933200, 27, 6, -1.25, 0.25, 13.43, 9.93, -11.91
0, 5940382, 57, -1, -1.25, 0.31, 11.95, 9.67, 11.41
0, 5947751, 133, -4, -2.62, 0.31, 12.03, 9.75, 34.68
0, 5955734, 318, -6, -2.50, 0.31, 12.03, 9.75, 57.61
0, 5963995, 658, -11, -2.25, 0.37, 12.53, 9.76, 77.25
0, 5971227, 973, -20, -2.25, 0.44, 12.85, 10.04, 89.93
0, 5977564, 1153, -46, -1.37, 0.44, 11.16, 9.68, 96.98
0, 5985482, 1407, -27, 1.06, 0.50, 11.16, 11.09, 99.99
0, 5994704, 1719, 5, 5.25, 0.75, 12.27, 11.09, 95.19
0, 6001578, 1911, 24, 5.25, 0.69, 12.07, 10.08, 86.02
0, 6008275, 2142, 45, 8.50, 0.37, 11.74, 9.47, 72.96
0, 6016281, 2411, 73, 11.75, 0.37, 11.74, 9.47, 52.88
0, 6024535, 2573, 97, 14.81, 0.06, 12.02, 10.06, 28.46
0, 6031962, 2590, 102, 14.81, -0.25, 11.60, 9.34, 4.69
0, 6038050, 2554, 107, 17.94, -0.44, 11.47, 10.02, -15.07
0, 6046765, 2437, 113, 21.06, -0.44, 11.47, 8.65, -42.13
0, 6054835, 2199, 117, 22.50, -0.56, 11.63, 8.65, -64.23
0, 6061757, 1820, 128, 22.50, -0.69, 12.13, 11.04, -79.73
0, 6069081, 1413, 135, 22.19, -0.69, 10.66, 9.50, -91.73
0, 6076442, 1084, 110, 20.81, -0.75, 10.66, 9.50, -98.56
0, 6084168, 733, 78, 17.31, -0.81, 12.58, 9.80, -99.67
0, 6091903, 450, 53, 17.31, -0.69, 11.58, 9.37, -94.51
0, 6098817, 202, 31, 11.81, -0.69, 12.53, 9.63, -84.83
0, 6106832, 17, 13, 7.37, -0.31, 12.53, 9.76, -68.30
0, 6115122, 2, 9, 3.19, 0.00, 12.01, 9.76, -46.37
0, 6122669, 16, 7, 3.19, 0.19, 13.30, 9.91, -23.43
0, 6129222, 36, 2, -0.25, 0.19, 12.13, 9.91, -2.33
0, 6136619, 78, -2, -2.50, 0.25, 12.05, 9.87, 21.58
0, 6145609, 216, -5, -2.62, 0.31, 12.05, 9.87, 48.82
0, 6153245, 453, -8, -2.37, 0.37, 12.59, 9.65, 68.79
0, 6159398, 749, -11, -2.37, 0.44, 12.78, 9.80, 81.85
0, 6167305, 1054, -30, -1.81, 0.44, 12.78, 9.94, 93.78
0, 6175522, 1302, -37, -0.13, 0.44, 12.84, 9.94, 99.62
0, 6183098, 1569, -11, 3.62, 0.62, 11.19, 9.82, 98.73
0, 6190465, 1789, 12, 3.62, 0.75, 12.14, 9.10, 92.14
0, 6198553, 2039, 36, 7.56, 0.75, 11.75, 10.01, 78.86
0, 6206401, 2319, 62, 10.63, 0.44, 11.75, 10.01, 60.77
0, 6214216, 2529, 89, 13.88, 0.19, 12.25, 9.87, 38.83
0, 6220887, 2593, 101, 13.88, -0.13, 11.49, 9.78, 18.07
0, 6227666, 2573, 105, 16.81, -0.13, 11.48, 9.58, -3.89
0, 6235857, 2510, 112, 20.19, -0.37, 11.48, 9.58, -30.07
0, 6245096, 2316, 114, 22.31, -0.50, 11.63, 9.87, -56.97
0, 6252051, 2006, 121, 22.31, -0.62, 11.85, 10.06, -73.96
0, 6258885, 1571, 136, 22.37, -0.62, 10.56, 9.71, -86.98
0, 6267404, 1182, 118, 21.44, -0.69, 10.56, 9.71, -97.16
0, 6275562, 809, 85, 16.12, -0.81, 11.74, 9.51, -99.96
0, 6282983, 525, 60, 16.12, -0.75, 12.45, 9.44, -96.42
0, 6291324, 233, 34, 10.81, -0.44, 12.41, 9.92, -85.78
0, 6299588, 22, 14, 6.50, -0.44, 11.98, 9.85, -69.04
0, 6307336, 3, 9, 2.19, -0.13, 11.98, 9.85, -48.81
0, 6315807, 14, 8, -1.31, 0.13, 12.75, 9.90, -23.21
0, 6322591, 38, 2, -1.31, 0.25, 12.10, 9.82, -1.35
0, 6329631, 78, -2, -1.94, 0.25, 12.08, 9.66, 21.40
0, 6337528, 197, -5, -2.62, 0.31, 12.20, 9.86, 45.52
0, 6346801, 488, -9, -2.44, 0.37, 12.20, 9.86, 69.93
0, 6354638, 851, -13, -1.12, 0.37, 12.98, 10.08, 85.70
0, 6361388, 1076, -35, -1.12, 0.37, 12.52, 9.49, 94.87
0, 6368392, 1290, -38, 2.00, 0.37, 12.52, 9.49, 99.56
0, 6376282, 1569, -11, 6.12, 0.50, 11.35, 10.95, 98.67
0, 6383193, 1777, 11, 6.12, 0.75, 12.14, 9.67, 92.57
0, 6391807, 2041, 36, 9.19, 0.56, 11.74, 9.84, 78.49
0, 6400795, 2360, 67, 12.50, 0.56, 12.28, 9.94, 57.29
0, 6407946, 2543, 92, 15.38, 0.25, 12.02, 9.94, 36.84
0, 6416509, 2594, 101, 18.75, -0.06, 12.02, 9.74, 9.85
0, 6423408, 2559, 106, 18.75, -0.31, 11.40, 9.84, -12.56
0, 6430062, 2491, 113, 21.50, -0.31, 11.55, 9.24, -33.58
0, 6438204, 2293, 115, 22.12, -0.50, 11.57, 11.06, -57.07
0, 6447960, 1810, 129, 21.50, -0.62, 11.80, 11.06, -79.86
0, 6455955, 1408, 135, 19.44, -0.69, 11.80, 9.64, -92.65
0, 6463480, 1077, 109, 14.88, -0.81, 11.94, 9.37, -99.01
0, 6470176, 770, 82, 14.88, -0.81, 12.57, 10.63, -99.70
0, 6478277, 466, 54, 10.13, -0.88, 12.57, 10.63, -94.25
0, 6486294, 184, 29, 5.69, -0.62, 11.61, 9.66, -82.44
0, 6496094, 6, 12, 1.81, -0.25, 12.13, 9.99, -60.54
0, 6503727, 12, 9, -1.50, 0.00, 12.60, 9.74, -39.11
0, 6509780, 25, 7, -1.50, 0.00, 13.28, 9.74, -20.34
0, 6517596, 47, 1, -2.94, 0.19, 13.28, 9.88, 4.95
0, 6525165, 104, -2, -2.87, 0.25, 12.02, 9.81, 29.15
0, 6531243, 214, -4, -2.87, 0.25, 12.16, 9.79, 47.38
0, 6538951, 473, -8, -2.56, 0.31, 12.55, 9.59, 67.76
0, 6548862, 925, -15, -1.69, 0.37, 13.07, 9.59, 87.58
0, 6556734, 1147, -45, 0.94, 0.37, 13.07, 10.16, 96.95
0, 6564534, 1392, -28, 5.12, 0.44, 11.10, 11.16, 100.00
0, 6571009, 1624, -6, 5.12, 0.44, 12.26, 8.76, 97.66
0, 6579001, 1846, 18, 8.25, 0.69, 12.23, 8.76, 88.83
0, 6587422, 2125, 43, 11.44, 0.69, 12.23, 10.03, 73.09
0, 6596909, 2442, 76, 14.44, 0.37, 12.32, 9.98, 48.90
0, 6604761, 2584, 99, 17.56, 0.06, 12.11, 9.88, 25.26
0, 6611576, 2592, 103, 17.56, 0.06, 11.60, 9.44, 3.36
0, 6618340, 2549, 111, 20.75, -0.19, 11.60, 9.44, -18.54
0, 6626067, 2438, 114, 22.19, -0.50, 11.34, 9.90, -42.41
0, 6632057, 2270, 116, 22.19, -0.50, 11.58, 11.27, -59.15
0, 6639581, 1875, 126, 21.81, -0.56, 11.87, 9.49, -76.93
0, 6649111, 1378, 134, 20.37, -0.69, 10.62, 9.49, -92.76
0, 6656966, 1044, 106, 16.50, -0.75, 10.62, 9.48, -99.19
0, 6664818, 701, 76, 11.19, -0.88, 13.02, 9.27, -99.18
0, 6670837, 485, 56, 11.19, -0.88, 11.73, 10.07, -94.79
0, 6678853, 208, 31, 7.00, -0.75, 11.73, 10.07, -83.37
0, 6686844, 26, 14, 2.94, -0.37, 12.37, 9.63, -66.37
0, 6695797, 16, 10, -0.44, -0.06, 12.60, 9.81, -42.08
0, 6704024, 31, 8, -2.69, -0.06, 13.36, 9.96, -16.58
0, 6710657, 57, 2, -2.69, 0.19, 12.04, 9.96, 4.92
0, 6718442, 123, -2, -2.81, 0.25, 12.04, 9.76, 29.80
0, 6725879, 264, -4, -2.62, 0.25, 12.02, 9.98, 51.81
0, 6732170, 479, -7, -2.62, 0.25, 12.51, 9.76, 68.12
0, 6739945, 851, -12, -2.00, 0.37, 12.99, 9.87, 84.28
0, 6749157, 1149, -43, -0.06, 0.37, 12.41, 9.87, 96.41
0, 6757005, 1390, -28, 3.87, 0.37, 12.41, 9.86, 99.99
0, 6764853, 1664, -1, 7.50, 0.37, 12.07, 10.13, 97.08
0, 6770689, 1824, 16, 7.50, 0.56, 12.32, 10.13, 90.81
0, 6777617, 2043, 36, 10.50, 0.69, 12.32, 10.03, 79.15
0, 6783511, 2253, 56, 10.50, 0.44, 11.55, 9.54, 66.04
0, 6791809, 2498, 85, 13.69, 0.44, 12.44, 9.81, 43.62
0, 6801715, 2601, 101, 16.69, 0.13, 11.42, 9.81, 12.86
0, 6808725, 2571, 106, 19.94, -0.19, 11.50, 9.64, -9.90
0, 6816830, 2487, 113, 22.00, -0.44, 11.50, 9.95, -35.50
0, 6823121, 2349, 114, 22.00, -0.44, 11.52, 9.35, -53.77
0, 6830649, 2007, 121, 22.06, -0.56, 11.77, 9.35, -72.61
0, 6838868, 1521, 138, 21.06, -0.69, 10.61, 10.29, -88.20
0, 6849055, 1087, 110, 18.19, -0.75, 11.78, 9.52, -98.74
0, 6856879, 752, 80, 12.81, -0.88, 11.78, 10.12, -99.54
0, 6864990, 461, 54, 8.38, -0.88, 12.02, 9.45, -93.61
0, 6871086, 251, 35, 8.38, -0.88, 12.15, 9.45, -84.84
0, 6879425, 46, 16, 4.25, -0.56, 12.15, 9.90, -67.55
0, 6887080, 27, 11, 0.75, -0.25, 12.13, 9.77, -47.28
0, 6896162, 39, 10, -2.12, 0.06, 12.68, 9.81, -19.56
0, 6905084, 70, 1, -2.81, 0.06, 12.01, 9.68, 9.33
0, 6912002, 126, -1, -2.81, 0.19, 12.15, 9.68, 31.32
0, 6918764, 263, -3, -2.62, 0.19, 12.15, 9.93, 51.30
0, 6925415, 498, -6, -2.25, 0.25, 12.08, 9.77, 68.54
0, 6932178, 821, -10, -2.25, 0.25, 13.01, 9.96, 82.78
0, 6940003, 1099, -32, -0.88, 0.31, 12.32, 9.96, 94.24
0, 6949925, 1406, -27, 2.50, 0.31, 11.35, 10.70, 99.98
0, 6957797, 1674, 0, 6.62, 0.44, 11.35, 9.05, 97.18
0, 6965617, 1890, 22, 9.69, 0.44, 12.25, 9.61, 88.11
0, 6971712, 2100, 41, 9.69, 0.69, 11.59, 9.61, 77.06
0, 6979896, 2387, 70, 12.88, 0.50, 11.59, 9.93, 57.57
0, 6987711, 2571, 96, 15.81, 0.19, 12.52, 9.70, 35.15
0, 6996781, 2608, 103, 19.19, -0.06, 11.93, 9.40, 6.39
0, 7005531, 2559, 114, 21.81, -0.06, 11.45, 9.91, -21.90
0, 7012490, 2461, 115, 21.81, -0.37, 11.58, 9.91, -43.25
0, 7019282, 2247, 118, 22.31, -0.56, 11.58, 10.13, -61.97
0, 7025945, 1884, 127, 21.69, -0.62, 11.68, 9.63, -77.40
0, 7032718, 1486, 138, 21.69, -0.62, 10.69, 9.74, -89.37
0, 7040861, 1132, 114, 19.56, -0.75, 12.35, 9.74, -98.00
0, 7050331, 710, 76, 14.69, -0.81, 12.21, 10.78, -99.42
0, 7058012, 442, 52, 9.69, -0.56, 12.21, 9.59, -93.66
0, 7066381, 153, 26, 5.31, -0.25, 12.03, 9.61, -80.79
0, 7072363, 27, 14, 5.31, -0.25, 12.01, 9.61, -67.86
0, 7080147, 18, 10, 1.62, 0.06, 12.01, 9.99, -47.28
0, 7087441, 30, 9, -1.56, 0.25, 12.77, 9.89, -25.24
0, 7096981, 52, 3, -2.87, 0.31, 13.36, 9.74, 5.53
0, 7106006, 127, -2, -2.75, 0.31, 12.09, 9.91, 34.20
0, 7112970, 272, -4, -2.75, 0.31, 12.28, 9.91, 54.44
0, 7120287, 554, -8, -2.50, 0.37, 12.28, 9.46, 72.69
0, 7127137, 883, -12, -1.62, 0.44, 12.49, 10.16, 86.07
0, 7133846, 1105, -35, -1.62, 0.44, 12.33, 9.63, 95.06
0, 7143065, 1394, -28, 0.94, 0.44, 11.24, 11.36, 99.99
0, 7153341, 1734, 6, 5.25, 0.69, 12.08, 11.36, 94.96
0, 7159920, 1919, 25, 8.56, 0.69, 12.26, 10.02, 86.14
0, 7167747, 2193, 49, 11.75, 0.37, 12.26, 9.57, 70.56
0, 7174153, 2410, 73, 11.75, 0.37, 12.49, 10.13, 54.37
0, 7182228, 2571, 98, 14.75, 0.13, 12.00, 10.13, 30.70
0, 7190409, 2593, 103, 17.94, -0.19, 11.34, 9.28, 4.58
0, 7200230, 2535, 113, 21.00, -0.44, 11.60, 10.01, -27.04
0, 7208141, 2403, 114, 22.19, -0.50, 11.60, 9.02, -50.67
0, 7215996, 2088, 119, 21.87, -0.50, 11.82, 11.12, -70.82
0, 7221703, 1742, 131, 21.87, -0.62, 11.71, 11.12, -82.64
0, 7229468, 1332, 132, 20.62, -0.69, 11.71, 9.60, -94.09
0, 7235556, 1048, 107, 16.75, -0.69, 10.65, 9.39, -98.92
0, 7244034, 665, 73, 16.75, -0.81, 12.70, 10.01, -99.17
0, 7253542, 329, 42, 11.19, -0.69, 12.03, 10.01, -90.56
0, 7260123, 102, 21, 6.62, -0.37, 12.47, 9.58, -79.48
0, 7267954, -2, 11, 2.50, -0.06, 12.47, 9.90, -61.61
0, 7273655, 7, 9, 2.50, -0.06, 13.12, 9.88, -46.02
0, 7281814, 17, 7, -0.94, 0.19, 13.12, 9.88, -21.11
0, 7289309, 42, 1, -2.87, 0.31, 11.94, 9.89, 3.12
0, 7298655, 114, -3, -2.94, 0.31, 11.94, 10.00, 32.91
0, 7307131, 291, -5, -2.75, 0.31, 12.29, 9.79, 57.39
0, 7314568, 586, -10, -2.75, 0.37, 12.45, 9.79, 75.34
0, 7320850, 891, -14, -2.12, 0.37, 12.45, 9.66, 87.12
0, 7327719, 1113, -40, -0.31, 0.44, 12.93, 9.84, 95.84
0, 7334370, 1320, -35, -0.31, 0.44, 12.45, 10.68, 99.73
0, 7343464, 1641, -3, 3.62, 0.56, 12.06, 8.81, 97.53
0, 7353356, 1926, 25, 7.44, 0.81, 12.27, 8.81, 85.53
0, 7360184, 2169, 47, 10.56, 0.50, 11.50, 10.12, 72.00
0, 7367999, 2432, 75, 13.75, 0.19, 11.50, 9.92, 52.23
0, 7373985, 2559, 94, 13.75, 0.19, 11.93, 9.92, 34.73
0, 7382197, 2594, 102, 16.81, -0.06, 11.39, 9.90, 8.73
0, 7390074, 2553, 110, 20.12, -0.37, 11.39, 9.42, -16.81
0, 7399617, 2426, 114, 22.06, -0.50, 11.51, 8.65, -46.13
0, 7407456, 2172, 117, 22.00, -0.62, 11.51, 10.66, -67.03
0, 7415316, 1707, 132, 21.06, -0.62, 11.90, 10.66, -83.62
0, 7421164, 1405, 135, 21.06, -0.69, 11.90, 9.49, -92.49
0, 7428017, 1088, 110, 18.31, -0.75, 10.61, 9.47, -98.61
0, 7434790, 771, 82, 18.31, -0.75, 11.74, 9.60, -99.86
0, 7443879, 431, 51, 12.94, -0.81, 12.02, 10.09, -93.97
0, 7453676, 90, 20, 8.19, -0.50, 12.45, 10.09, -78.51
0, 7460368, -13, 10, 3.75, -0.19, 11.92, 9.69, -63.27
0, 7468258, -7, 7, 0.19, -0.19, 11.92, 9.88, -41.53
0, 7474585, 6, 5, 0.19, 0.13, 13.24, 9.84, -22.06
0, 7482937, 28, 0, -2.62, 0.25, 11.95, 9.84, 4.94
0, 7491010, 90, -4, -3.12, 0.31, 12.03, 9.68, 30.71
0, 7500685, 297, -7, -2.94, 0.37, 12.35, 9.85, 58.67
0, 7508556, 608, -11, -2.56, 0.44, 12.35, 9.90, 77.27
0, 7516376, 962, -22, -1.19, 0.44, 12.61, 9.90, 90.76
0, 7522083, 1125, -45, -1.19, 0.44, 12.62, 9.67, 96.95
0, 7527788, 1305, -36, 2.00, 0.44, 12.62, 10.30, 99.81
0, 7534959, 1564, -12, 2.00, 0.50, 11.16, 9.23, 98.53
0, 7543919, 1830, 16, 6.19, 0.75, 12.26, 9.97, 89.46
0, 7553627, 2154, 46, 9.25, 0.62, 11.54, 9.97, 71.15
0, 7560457, 2389, 71, 12.63, 0.31, 12.39, 9.69, 53.91
0, 7568280, 2552, 96, 15.50, 0.31, 12.39, 9.78, 30.96
0, 7573980, 2584, 100, 15.50, 0.06, 11.32, 9.78, 12.89
0, 7581428, 2551, 106, 18.87, -0.25, 11.32, 9.70, -11.28
0, 7587971, 2489, 111, 21.50, -0.44, 11.48, 9.63, -32.03
0, 7596932, 2275, 114, 22.00, -0.44, 11.74, 10.44, -57.91
0, 7606607, 1802, 128, 21.31, -0.56, 11.54, 10.44, -80.31
0, 7613585, 1436, 135, 21.31, -0.69, 10.73, 9.81, -91.66
0, 7620595, 1129, 113, 19.12, -0.75, 10.73, 9.78, -98.33
0, 7626479, 849, 89, 14.56, -0.75, 11.96, 10.41, -100.00
0, 7634338, 533, 60, 14.56, -0.81, 12.39, 10.41, -96.53
0, 7642049, 263, 37, 9.75, -0.62, 12.43, 9.49, -87.02
0, 7651298, 22, 13, 5.25, -0.31, 11.95, 9.93, -68.51
0, 7658949, 0, 9, 1.44, 0.00, 11.95, 9.78, -48.44
0, 7667188, 12, 7, -1.75, 0.00, 13.01, 9.78, -23.53
0, 7672892, 31, 3, -1.75, 0.25, 13.24, 9.85, -5.19
0, 7679782, 68, -2, -3.00, 0.31, 13.24, 9.77, 17.14
0, 7686750, 155, -4, -2.87, 0.31, 12.10, 9.82, 38.86
0, 7696540, 421, -8, -2.56, 0.31, 12.23, 9.69, 65.76
0, 7706486, 860, -14, -1.56, 0.37, 12.63, 9.69, 86.31
0, 7713271, 1072, -36, -1.56, 0.37, 12.38, 10.25, 95.27
0, 7720043, 1279, -39, 1.06, 0.44, 12.38, 11.13, 99.61
0, 7726028, 1486, -20, 5.12, 0.44, 11.46, 11.13, 99.43
0, 7734304, 1753, 9, 5.12, 0.62, 12.09, 8.80, 93.02
0, 7741743, 1969, 29, 8.25, 0.75, 11.53, 9.82, 81.51
0, 7750255, 2266, 57, 11.50, 0.44, 12.45, 10.04, 62.55
0, 7759021, 2511, 88, 14.56, 0.44, 12.45, 9.77, 38.07
0, 7767341, 2584, 100, 17.69, 0.13, 12.04, 9.77, 11.95
0, 7773043, 2559, 104, 17.69, -0.13, 11.38, 9.29, -6.57
0, 7779899, 2498, 112, 20.75, -0.44, 11.38, 9.85, -28.49
0, 7786667, 2370, 113, 22.06, -0.44, 11.66, 11.07, -48.74
0, 7796488, 1965, 121, 21.62, -0.50, 11.58, 9.40, -73.71
0, 7805442, 1479, 137, 20.06, -0.69, 11.57, 9.40, -90.02
0, 7811585, 1238, 124, 20.06, -0.69, 12.50, 9.58, -96.87
0, 7819439, 862, 89, 16.12, -0.69, 12.50, 9.77, -100.00
0, 7825143, 623, 69, 16.12, -0.81, 11.86, 9.77, -98.19
0, 7833062, 351, 44, 11.13, -0.75, 11.97, 9.78, -90.12
0, 7839972, 118, 23, 6.81, -0.44, 11.89, 9.68, -78.19
0, 7849001, 12, 13, 2.69, -0.13, 11.89, 9.91, -56.78
0, 7857681, 25, 10, -0.69, -0.13, 12.97, 9.91, -31.59
0, 7865171, 44, 6, -0.69, 0.13, 13.19, 9.93, -7.76
0, 7871650, 73, 1, -2.75, 0.25, 13.19, 9.63, 13.28
0, 7877624, 135, -2, -2.81, 0.25, 11.85, 9.75, 32.18
0, 7885409, 306, -4, -2.81, 0.25, 12.19, 9.75, 54.89
0, 7894659, 671, -9, -2.56, 0.31, 12.71, 9.76, 77.20
0, 7904198, 1037, -25, -1.87, 0.37, 12.83, 9.98, 92.93
0, 7910895, 1229, -44, 0.25, 0.37, 11.89, 9.75, 98.72
0, 7918730, 1494, -19, 4.12, 0.37, 11.89, 9.75, 99.55
0, 7924442, 1686, 1, 4.12, 0.50, 11.86, 11.07, 96.09
0, 7931084, 1867, 20, 7.56, 0.75, 11.86, 10.00, 87.92
0, 7938108, 2099, 41, 10.63, 0.75, 12.30, 9.49, 74.84
0, 7947704, 2425, 74, 13.81, 0.50, 11.47, 9.95, 50.84
0, 7957641, 2599, 101, 16.75, 0.25, 12.00, 9.95, 20.84
0, 7964678, 2596, 105, 16.75, -0.06, 11.51, 9.34, -1.91
0, 7971451, 2546, 113, 20.06, -0.06, 11.51, 10.03, -23.72
0, 7977748, 2444, 114, 22.12, -0.37, 11.40, 8.81, -43.00
0, 7985877, 2176, 118, 22.12, -0.50, 11.60, 8.81, -65.11
0, 7994703, 1678, 134, 22.12, -0.62, 11.54, 10.86, -83.94
0, 8002794, 1325, 131, 21.00, -0.69, 10.95, 9.41, -95.20
0, 8009975, 993, 101, 17.87, -0.69, 10.95, 9.69, -99.70
0, 8018373, 628, 69, 12.69, -0.81, 11.90, 9.69, -98.09
0, 8024074, 433, 51, 12.69, -0.88, 11.99, 9.63, -92.82
0, 8029986, 230, 33, 8.38, -0.88, 11.99, 9.69, -83.99
0, 8037740, 46, 16, 4.00, -0.56, 12.50, 9.83, -67.78
0, 8046967, 28, 11, 0.50, -0.25, 12.00, 9.83, -43.00
0, 8055964, 43, 9, -2.25, 0.06, 13.22, 9.82, -15.11
0, 8062117, 69, 3, -2.25, 0.19, 12.02, 9.88, 4.85
0, 8069874, 137, -2, -2.75, 0.19, 12.02, 9.88, 29.65
0, 8076167, 249, -3, -2.56, 0.25, 12.10, 10.11, 48.45
0, 8083592, 498, -6, -2.56, 0.31, 12.64, 9.59, 67.98
0, 8090368, 812, -9, -2.06, 0.37, 13.13, 9.83, 82.37
0, 8099369, 1124, -37, -0.56, 0.37, 11.72, 10.20, 95.24
0, 8108368, 1401, -27, 2.94, 0.37, 11.72, 10.20, 99.99
0, 8116296, 1673, 0, 6.87, 0.44, 11.67, 9.45, 97.11
0, 8122166, 1833, 16, 6.87, 0.44, 12.34, 9.23, 90.81
0, 8128377, 2029, 35, 9.88, 0.75, 12.34, 9.23, 80.56
0, 8136331, 2314, 62, 13.13, 0.62, 11.43, 9.93, 62.71
0, 8143689, 2526, 88, 13.13, 0.31, 12.51, 9.67, 42.45
0, 8150678, 2605, 102, 16.00, 0.00, 11.25, 9.70, 20.94
0, 8159562, 2587, 107, 19.37, 0.00, 11.25, 9.76, -7.81
0, 8167380, 2513, 112, 21.87, -0.25, 11.45, 9.76, -32.65
0, 8173085, 2397, 113, 21.87, -0.50, 11.97, 9.85, -49.54
0, 8178857, 2180, 117, 22.25, -0.50, 11.97, 9.85, -64.89
0, 8186978, 1696, 133, 21.56, -0.62, 11.50, 10.08, -82.51
0, 8195514, 1312, 130, 21.56, -0.69, 10.83, 9.77, -94.84
0, 8202787, 982, 100, 19.25, -0.75, 12.37, 9.90, -99.63
0, 8210500, 651, 71, 14.06, -0.75, 12.00, 9.44, -98.64
0, 8218813, 365, 45, 9.50, -0.56, 12.00, 9.44, -90.66
0, 8224512, 164, 27, 9.50, -0.37, 12.39, 9.82, -81.32
0, 8230470, 40, 15, 5.12, -0.37, 12.39, 9.93, -68.59
0, 8238529, 26, 11, 1.44, -0.06, 11.91, 9.83, -47.37
0, 8247405, 38, 9, -1.69, 0.19, 13.09, 9.83, -20.32
0, 8255975, 68, 2, -2.75, 0.19, 11.92, 9.79, 7.42
0, 8262071, 110, 0, -2.75, 0.25, 12.17, 9.72, 26.92
0, 8270017, 261, -3, -2.62, 0.25, 12.17, 9.72, 50.66
0, 8275721, 441, -5, -2.62, 0.31, 12.34, 9.83, 65.70
0, 8282653, 770, -9, -2.37, 0.31, 12.94, 10.07, 80.90
0, 8289653, 1045, -24, -1.31, 0.31, 12.94, 9.61, 92.08
0, 8298286, 1305, -37, 1.44, 0.37, 11.84, 9.61, 99.29
0, 8307451, 1622, -6, 5.75, 0.56, 11.93, 11.25, 98.41
0, 8314204, 1813, 14, 5.75, 0.69, 11.61, 9.82, 92.17
0, 8321172, 2032, 35, 8.94, 0.69, 11.61, 9.82, 81.09
0, 8327112, 2247, 55, 12.19, 0.37, 11.43, 9.76, 68.33
0, 8333760, 2462, 79, 12.19, 0.06, 12.58, 10.04, 51.07
0, 8340625, 2585, 99, 15.06, 0.06, 11.93, 9.69, 30.75
0, 8349581, 2599, 103, 18.37, -0.25, 11.93, 9.97, 2.11
0, 8358576, 2540, 114, 21.31, -0.50, 11.43, 9.97, -26.83
0, 8366014, 2410, 114, 21.31, -0.56, 11.71, 9.62, -49.14
0, 8372294, 2186, 118, 22.31, -0.56, 11.71, 9.62, -65.79
0, 8378240, 1838, 128, 21.87, -0.69, 11.58, 10.13, -79.05
0, 8384892, 1448, 137, 21.87, -0.75, 11.68, 9.66, -90.36
0, 8391224, 1170, 117, 20.37, -0.88, 12.44, 9.81, -97.21
0, 8400037, 760, 81, 16.25, -0.88, 11.84, 10.06, -99.87
0, 8409472, 419, 50, 10.75, -0.81, 11.84, 10.06, -93.69
0, 8417581, 133, 24, 6.25, -0.50, 12.33, 9.82, -81.32
0, 8423287, 15, 13, 6.25, -0.50, 11.82, 9.92, -69.18
0, 8428999, 3, 10, 2.25, -0.19, 11.82, 9.92, -54.64
0, 8436715, 12, 8, -1.12, 0.13, 13.25, 9.87, -32.12
0, 8443462, 29, 5, -1.12, 0.19, 13.05, 9.92, -10.72
0, 8451280, 62, -1, -2.94, 0.25, 12.04, 9.83, 14.65
0, 8460470, 173, -4, -2.87, 0.25, 12.04, 9.75, 43.14
0, 8468851, 406, -7, -2.69, 0.31, 12.19, 9.75, 65.85
0, 8474557, 663, -11, -2.69, 0.31, 12.50, 9.72, 78.61
0, 8480463, 946, -16, -2.00, 0.31, 13.00, 9.72, 88.97
0, 8488766, 1197, -46, -0.06, 0.37, 13.00, 9.72, 97.93
0, 8498227, 1513, -17, 3.94, 0.44, 11.97, 11.34, 99.46
0, 8506609, 1773, 10, 7.62, 0.69, 11.54, 8.71, 92.98
0, 8512999, 1961, 29, 7.62, 0.69, 12.37, 10.02, 83.38
0, 8520588, 2229, 53, 10.75, 0.50, 12.37, 10.02, 67.36
0, 8526294, 2417, 74, 10.75, 0.19, 12.57, 10.14, 52.55
0, 8532459, 2544, 93, 13.94, 0.19, 11.93, 9.88, 34.55
0, 8540096, 2580, 100, 16.94, -0.13, 11.93, 9.28, 10.40
0, 8548902, 2539, 109, 20.25, -0.37, 11.27, 9.28, -18.14
0, 8558696, 2406, 112, 21.94, -0.56, 11.48, 8.55, -48.04
0, 8566469, 2140, 116, 21.87, -0.69, 11.54, 11.07, -68.46
0, 8572571, 1782, 128, 21.87, -0.69, 11.54, 11.07, -81.50
0, 8579076, 1401, 135, 20.94, -0.75, 11.79, 9.51, -91.85
0, 8586514, 1051, 107, 18.06, -0.81, 10.63, 9.64, -98.65
0, 8594308, 706, 76, 18.06, -0.88, 11.52, 10.02, -99.60
0, 8602096, 430, 51, 12.56, -0.88, 12.41, 10.08, -94.18
0, 8611161, 114, 23, 7.69, -0.62, 12.39, 10.08, -80.34
0, 8619309, -10, 10, 3.44, -0.25, 12.39, 9.63, -61.93
0, 8625023, -2, 8, 3.44, -0.25, 13.27, 9.82, -46.35
0, 8630911, 7, 7, 0.00, 0.00, 13.27, 9.82, -28.63
0, 8638711, 23, 2, -2.69, 0.19, 12.93, 9.88, -3.65
0, 8646694, 67, -2, -3.00, 0.25, 11.97, 9.79, 22.15
0, 8654682, 187, -5, -3.00, 0.25, 11.92, 9.69, 46.47
0, 8663296, 459, -9, -2.81, 0.25, 12.66, 9.74, 69.15
0, 8670909, 820, -14, -2.44, 0.31, 12.66, 9.74, 84.76
0, 8676618, 1025, -27, -2.44, 0.31, 13.00, 9.90, 93.10
0, 8682622, 1208, -46, -0.94, 0.31, 12.12, 9.89, 98.42
0, 8689685, 1443, -24, 2.44, 0.37, 12.12, 9.89, 99.87
0, 8699306, 1759, 9, 6.50, 0.62, 11.68, 8.92, 93.42
0, 8709350, 2076, 38, 9.63, 0.62, 12.33, 10.05, 77.02
0, 8717194, 2359, 67, 12.94, 0.25, 11.47, 9.53, 58.42
0, 8723123, 2523, 88, 12.94, 0.25, 11.47, 9.53, 41.78
0, 8728916, 2590, 101, 15.88, 0.00, 11.98, 9.86, 24.01
0, 8735579, 2585, 103, 15.88, -0.31, 11.25, 9.51, 2.56
0, 8742343, 2543, 111, 19.31, -0.31, 11.44, 9.93, -19.33
0, 8751334, 2406, 113, 21.81, -0.56, 11.81, 9.18, -46.81
0, 8761373, 2033, 120, 22.19, -0.62, 11.61, 9.18, -72.69
0, 8769478, 1566, 137, 21.37, -0.75, 11.61, 9.59, -88.08
0, 8775187, 1321, 131, 21.37, -0.75, 10.94, 9.54, -95.31
0, 8781113, 1033, 105, 19.25, -0.81, 10.94, 9.54, -99.34
0, 8788448, 698, 75, 14.63, -0.94, 12.37, 9.75, -99.23
0, 8796389, 415, 50, 14.63, -0.81, 12.17, 9.55, -92.77
0, 8805286, 111, 22, 9.75, -0.44, 12.55, 9.71, -78.25
0, 8814409, 1, 11, 5.19, -0.44, 11.86, 9.80, -56.61
0, 8821406, 14, 9, 1.37, -0.13, 11.86, 9.80, -36.54
0, 8827106, 27, 6, -1.81, 0.13, 13.06, 9.86, -18.75
0, 8832808, 45, 2, -1.81, 0.13, 11.92, 9.75, -0.30
0, 8840654, 97, -2, -2.87, 0.19, 12.00, 9.75, 24.97
0, 8849956, 252, -4, -2.75, 0.25, 12.00, 9.91, 52.70
0, 8859526, 598, -10, -2.44, 0.31, 12.39, 9.67, 76.21
0, 8867332, 949, -16, -1.44, 0.31, 12.91, 9.95, 90.03
0, 8873033, 1115, -40, -1.44, 0.31, 12.91, 9.95, 96.52
0, 8878981, 1303, -37, 1.12, 0.31, 12.14, 10.27, 99.75
0, 8885564, 1538, -15, 1.12, 0.50, 11.87, 9.40, 98.98
0, 8892990, 1768, 10, 5.25, 0.50, 12.30, 9.26, 92.69
0, 8901959, 2043, 36, 8.50, 0.69, 11.46, 9.69, 77.97
0, 8911556, 2384, 70, 11.81, 0.37, 12.49, 9.69, 54.96
0, 8919419, 2569, 96, 14.81, 0.13, 12.49, 9.67, 32.02
0, 8925117, 2603, 102, 14.81, 0.13, 11.97, 9.67, 14.01
0, 8930923, 2579, 106, 18.00, -0.19, 11.97, 9.67, -4.84
0, 8938221, 2522, 113, 21.19, -0.50, 11.41, 9.74, -28.20
0, 8946324, 2366, 114, 21.19, -0.62, 11.81, 10.78, -52.24
0, 8955161, 1988, 122, 22.31, -0.75, 11.85, 9.60, -74.28
0, 8964025, 1485, 138, 21.81, -0.75, 10.82, 9.73, -90.26
0, 8971230, 1188, 119, 20.31, -0.81, 10.82, 9.73, -97.79
0, 8976935, 913, 94, 16.31, -0.88, 12.27, 10.00, -99.97
0, 8982986, 649, 71, 16.31, -0.88, 11.92, 10.00, -98.53
0, 8991239, 361, 45, 11.13, -0.88, 12.14, 9.41, -90.45
0, 9000934, 59, 17, 6.75, -0.56, 11.90, 9.86, -72.76
0, 9010619, 7, 10, 2.62, -0.25, 11.90, 9.92, -47.90
0, 9018883, 21, 8, -0.75, 0.00, 12.96, 9.89, -22.86
0, 9024838, 42, 3, -0.75, 0.00, 13.18, 9.89, -3.68
0, 9030967, 74, -1, -2.75, 0.19, 13.18, 9.83, 16.19
0, 9037614, 157, -3, -2.81, 0.19, 12.04, 9.74, 36.99
0, 9046634, 388, -6, -2.81, 0.25, 12.34, 9.67, 62.29
0, 9054897, 742, -11, -2.56, 0.25, 12.63, 10.15, 80.84
0, 9064591, 1088, -36, -1.81, 0.31, 11.78, 10.15, 95.11
0, 9071595, 1295, -38, 0.31, 0.31, 11.78, 9.70, 99.63
0, 9077301, 1492, -19, 0.31, 0.31, 12.00, 11.10, 99.50
0, 9083390, 1697, 2, 4.19, 0.37, 11.72, 11.10, 95.60
0, 9091551, 1926, 25, 7.69, 0.69, 12.39, 9.89, 84.54
0, 9101369, 2273, 57, 10.75, 0.50, 12.54, 9.64, 63.49
0, 9111537, 2557, 94, 13.94, 0.19, 12.08, 10.11, 34.94
0, 9119646, 2610, 102, 16.94, -0.13, 12.08, 9.27, 9.29
0, 9125501, 2580, 107, 16.94, -0.13, 11.27, 9.27, -9.74
0, 9131438, 2521, 115, 20.31, -0.37, 11.27, 9.93, -28.67
0, 9138111, 2385, 115, 22.25, -0.62, 11.74, 8.72, -48.64
0, 9146731, 2043, 122, 22.25, -0.69, 11.61, 11.19, -70.93
0, 9155073, 1567, 138, 22.19, -0.69, 11.35, 9.48, -87.23
0, 9164834, 1163, 116, 20.94, -0.81, 12.02, 9.48, -98.14
0, 9171840, 850, 89, 17.69, -0.88, 12.02, 9.24, -99.94
0, 9177548, 618, 68, 17.69, -0.88, 12.02, 10.18, -97.58
0, 9183707, 414, 50, 12.56, -0.94, 12.11, 10.18, -91.27
0, 9191843, 149, 26, 8.31, -0.75, 12.50, 9.72, -77.39
0, 9201800, 32, 14, 4.06, -0.37, 12.80, 9.88, -53.20
0, 9211664, 46, 11, 0.69, -0.13, 13.21, 9.74, -23.77
0, 9219758, 73, 4, -2.06, 0.06, 13.21, 9.90, 2.34
0, 9225640, 106, 2, -2.06, 0.06, 11.84, 9.90, 21.32
0, 9231349, 187, -1, -2.56, 0.13, 11.84, 9.97, 39.00
0, 9237996, 360, -2, -2.37, 0.19, 12.38, 9.88, 57.85
0, 9245836, 690, -8, -2.37, 0.19, 12.70, 9.59, 76.57
0, 9255280, 1057, -24, -1.94, 0.25, 12.97, 9.84, 92.44
0, 9265265, 1350, -32, -0.31, 0.25, 11.32, 9.84, 99.78
0, 9272235, 1593, -9, 3.25, 0.31, 11.32, 10.76, 98.72
0, 9277941, 1760, 9, 7.06, 0.31, 11.76, 8.90, 94.07
0, 9283985, 1932, 26, 7.06, 0.56, 12.35, 8.90, 85.63
0, 9292569, 2236, 54, 10.00, 0.56, 11.42, 10.05, 68.06
0, 9302492, 2542, 89, 13.25, 0.25, 12.03, 9.96, 41.30
0, 9312578, 2625, 103, 16.12, 0.00, 11.35, 9.91, 9.73
0, 9320442, 2584, 112, 19.50, -0.31, 11.35, 9.52, -15.78
0, 9326401, 2519, 115, 19.50, -0.31, 11.40, 9.52, -34.51
0, 9332563, 2370, 117, 22.06, -0.56, 11.40, 8.58, -52.52
0, 9339239, 2085, 122, 22.50, -0.69, 11.49, 10.77, -69.63
0, 9349190, 1514, 139, 21.75, -0.81, 11.32, 9.56, -88.85
0, 9359121, 1124, 113, 19.25, -0.88, 11.06, 9.45, -98.82
0, 9368039, 731, 78, 14.13, -0.88, 13.15, 9.37, -99.07
0, 9373756, 523, 60, 14.13, -1.00, 13.15, 9.37, -94.84
0, 9379653, 334, 43, 9.75, -0.88, 12.13, 10.04, -87.05
0, 9385368, 154, 26, 9.75, -0.88, 12.45, 9.73, -76.45
0, 9393723, 49, 16, 5.56, -0.56, 12.05, 9.73, -56.32
0, 9403133, 61, 13, 1.81, -0.25, 13.24, 9.80, -28.79
0, 9413225, 84, 8, -1.19, -0.13, 11.79, 10.04, 3.64
0, 9421103, 142, 2, -2.44, -0.13, 11.79, 9.64, 28.86
0, 9426986, 241, 0, -2.44, -0.13, 11.98, 9.64, 46.55
0, 9433228, 437, -2, -2.31, -0.06, 11.98, 9.76, 63.45
0, 9440261, 760, -7, -2.06, 0.00, 12.36, 9.83, 79.33
0, 9449935, 1122, -29, -1.00, 0.00, 13.06, 9.76, 94.28
0, 9459861, 1426, -25, 1.94, 0.13, 11.39, 10.21, 99.99
0, 9469265, 1733, 6, 6.19, 0.13, 12.03, 9.30, 95.84
0, 9475208, 1899, 23, 6.19, 0.37, 12.29, 9.30, 88.57
0, 9481110, 2103, 41, 9.25, 0.06, 12.29, 9.96, 78.08
0, 9487343, 2327, 63, 12.50, 0.06, 11.52, 9.70, 63.90
0, 9496349, 2569, 94, 12.50, -0.19, 12.51, 9.62, 38.95
0, 9506026, 2625, 104, 15.38, -0.50, 11.31, 9.83, 8.50
0, 9515992, 2573, 115, 18.75, -0.81, 11.45, 9.83, -23.69
0, 9522898, 2477, 116, 21.62, -0.88, 11.45, 9.74, -44.75
0, 9528603, 2300, 118, 22.56, -0.88, 11.78, 9.54, -60.49
0, 9534311, 1998, 125, 22.56, -1.00, 11.78, 9.54, -74.15
0, 9540556, 1593, 139, 22.19, -1.06, 11.64, 9.76, -86.17
0, 9550303, 1161, 116, 20.62, -1.19, 10.76, 9.88, -97.70
0, 9560204, 732, 78, 16.25, -1.19, 12.99, 10.10, -99.43
0, 9569376, 418, 50, 10.75, -1.19, 11.45, 9.44, -91.88
0, 9575083, 222, 33, 10.75, -0.88, 12.31, 9.44, -83.01
0, 9580981, 74, 18, 6.50, -0.56, 12.31, 9.97, -70.85
0, 9586687, 40, 14, 6.50, -0.56, 11.84, 9.75, -56.61
0, 9595839, 51, 12, 2.62, -0.31, 13.12, 9.84, -29.92
0, 9605893, 73, 7, -0.56, -0.13, 11.80, 9.86, 2.33
0, 9615958, 151, 0, -2.44, -0.13, 11.94, 9.86, 34.37
0, 9622993, 287, -1, -2.44, -0.06, 11.94, 9.92, 54.79
0, 9628699, 496, -4, -2.25, -0.06, 12.29, 9.92, 69.29
0, 9634665, 792, -8, -2.25, 0.00, 12.69, 9.37, 81.90
0, 9641924, 1080, -23, -1.62, 0.00, 12.69, 10.07, 93.05
0, 9650850, 1354, -32, 0.37, 0.06, 11.56, 11.34, 99.64
0, 9660567, 1686, 1, 4.56, 0.37, 12.03, 8.74, 97.32
0, 9669601, 1947, 27, 8.25, 0.37, 11.61, 8.74, 86.49
0, 9675312, 2156, 46, 8.25, 0.19, 11.49, 9.81, 75.73
0, 9681198, 2366, 67, 11.44, -0.13, 11.49, 10.07, 61.91
0, 9687012, 2530, 87, 11.44, -0.13, 12.59, 9.63, 46.03
0, 9696173, 2621, 103, 14.50, -0.37, 11.85, 9.29, 17.92
0, 9706032, 2592, 110, 17.69, -0.69, 11.18, 10.12, -14.02
0, 9716009, 2470, 113, 21.00, -0.88, 11.98, 10.12, -44.87
0, 9723009, 2267, 117, 22.44, -1.00, 11.98, 10.71, -63.89
0, 9728882, 1943, 124, 22.31, -1.00, 11.67, 10.71, -77.34
0, 9734837, 1552, 140, 22.31, -1.06, 11.59, 9.68, -88.10
0, 9741490, 1241, 123, 21.31, -1.12, 11.59, 9.70, -96.21
0, 9750980, 790, 83, 18.31, -1.25, 12.12, 10.36, -99.95
0, 9760627, 440, 52, 12.50, -1.00, 11.97, 9.77, -94.05
0, 9769688, 126, 24, 7.69, -1.00, 12.49, 9.77, -80.12
0, 9775570, 14, 13, 7.69, -0.62, 11.88, 9.60, -67.28
0, 9781501, 9, 10, 3.44, -0.37, 11.88, 9.95, -51.83
0, 9787550, 18, 9, 3.44, -0.37, 13.31, 9.88, -34.11
0, 9796869, 32, 6, 0.00, -0.13, 12.90, 9.65, -4.48
0, 9806548, 89, -2, -2.56, -0.13, 11.86, 9.75, 26.69
0, 9816198, 255, -4, -2.81, -0.06, 12.09, 9.75, 55.16
0, 9823210, 502, -9, -2.69, 0.00, 12.09, 9.75, 72.60
0, 9829144, 801, -11, -2.25, 0.00, 12.85, 9.75, 84.45
0, 9834852, 1029, -25, -2.25, 0.00, 12.95, 10.08, 92.89
0, 9841498, 1235, -44, -0.88, 0.06, 12.95, 9.66, 98.67
0, 9850595, 1550, -14, 2.50, 0.25, 11.90, 8.73, 99.12
0, 9859748, 1825, 15, 6.75, 0.31, 11.65, 10.03, 90.87
0, 9869126, 2141, 44, 9.94, 0.31, 12.33, 10.03, 74.12
0, 9874833, 2348, 65, 9.94, 0.00, 12.62, 9.54, 60.45
0, 9880528, 2508, 85, 13.25, 0.00, 12.62, 10.20, 44.73
0, 9886404, 2586, 100, 13.25, -0.25, 11.85, 10.20, 26.92
0, 9894317, 2588, 104, 16.19, -0.56, 11.16, 9.23, 1.51
0, 9903156, 2529, 113, 19.69, -0.81, 11.54, 10.06, -26.92
0, 9912068, 2365, 114, 21.94, -0.88, 11.69, 8.75, -53.34
0, 9920794, 1988, 122, 22.19, -0.88, 11.69, 8.75, -74.90
0, 9926514, 1635, 133, 22.19, -1.06, 11.49, 9.48, -85.87
0, 9932231, 1355, 133, 21.50, -1.06, 11.49, 9.55, -93.87
0, 9938123, 1071, 109, 19.25, -1.06, 10.89, 9.49, -98.72
0, 9946732, 679, 74, 19.25, -1.19, 11.76, 9.49, -99.28
0, 9956276, 345, 44, 14.31, -1.12, 12.42, 9.66, -90.87
0, 9965412, 56, 17, 9.25, -0.75, 12.49, 9.72, -74.66
0, 9972454, -2, 11, 4.69, -0.75, 12.49, 9.85, -57.60
0, 9978358, 9, 8, 4.69, -0.44, 11.86, 9.85, -40.93
0, 9984074, 19, 7, 1.06, -0.19, 12.89, 9.84, -23.34
0, 9990726, 36, 2, -2.06, -0.13, 12.89, 9.75, -1.91
0, 9999775, 92, -2, -2.94, -0.13, 11.91, 9.87, 27.19
0, 10009446, 265, -5, -2.75, -0.06, 11.97, 9.68, 55.64
