********************************************************************************
Obsolete PIO Core v6.1.11 is used (previous was 6.1.14)
Please remove multiple PIO Cores from a system:
https://docs.platformio.org/en/latest/core/installation/troubleshooting.html
********************************************************************************
--- Terminal on /dev/cu.usbmodem14303 | 230400 8-N-1
--- Available filters and text transformations: colorize, debug, default, direct, hexlify, log2file, nocontrol, printable, send_on_enter, time
--- More details at https://bit.ly/pio-monitor-filters
--- Quit: Ctrl+C | Menu: Ctrl+T | Help: Ctrl+T followed by Ctrl+H
start
pain
Waiting for ODrive...
pin
found ODrive
DC voltage: 24.00
Enabling closed loop control...
ODrive running!
end time:10000000
0, 33, 1048576, 0, 9.88, -0.75, 12.26, 2.22, 100.00
0, 6923, 1846, 95, 10.25, -0.75, 12.21, 3.83, 99.97
0, 13924, 4394, 344, 10.19, -0.75, 10.88, 3.83, 99.90
0, 20355, 6727, 569, 10.19, -0.81, 6.79, 9.39, 99.78
0, 27549, 9377, 840, 12.06, -3.25, 6.79, 7.58, 99.60
0, 36832, 12716, 1143, 31.62, -6.62, 6.65, 11.63, 99.28
0, 46669, 16203, 1533, 52.19, -9.75, 12.42, 6.62, 98.85
0, 53454, 18697, 1804, 52.19, -9.75, 17.97, 10.58, 98.49
0, 61526, 21641, 2084, 71.94, -13.00, 15.82, 10.58, 98.00
0, 67619, 23920, 2313, 91.00, -16.44, 15.82, 10.44, 97.59
0, 75699, 26887, 2596, 109.44, -16.44, 16.36, 11.36, 96.98
0, 83404, 29689, 2873, 127.25, -19.75, 14.64, 9.31, 96.34
0, 92582, 33037, 3221, 127.25, -22.87, 12.42, 12.15, 95.50
0, 101350, 36251, 3536, 144.87, -26.06, 10.82, 12.15, 94.61
0, 109249, 39144, 3787, 162.50, -29.37, 10.82, 9.99, 93.75
0, 115188, 41286, 3991, 180.31, -29.37, 4.12, 8.58, 93.06
0, 121858, 43739, 4238, 180.31, -32.63, 4.09, 8.58, 92.24
0, 128662, 46261, 4492, 198.44, -35.63, 4.00, 9.28, 91.36
0, 137685, 49543, 4832, 217.31, -38.94, 12.07, 8.57, 90.13
0, 147134, 52860, 5167, 236.94, -42.44, 12.07, 8.08, 88.76
0, 153897, 55260, 5430, 257.37, -42.44, 12.86, 9.47, 87.72
0, 161728, 58163, 5698, 257.37, -45.94, 15.24, 9.47, 86.47
0, 167622, 60363, 5918, 278.75, -49.19, 15.24, 7.84, 85.49
0, 175816, 63319, 6207, 300.75, -49.19, 16.72, 10.30, 84.08
0, 183227, 66049, 6497, 300.75, -52.44, 17.02, 8.08, 82.75
0, 192432, 69334, 6824, 323.31, -55.50, 14.65, 8.08, 81.03
0, 201529, 72435, 7127, 346.00, -58.88, 13.82, 9.70, 79.26
0, 209230, 75013, 7352, 368.37, -62.06, 13.82, 10.24, 77.70
0, 215518, 77028, 7542, 390.00, -62.06, 7.11, 10.04, 76.40
0, 222283, 79153, 7753, 390.00, -65.06, 4.19, 10.04, 74.96
0, 228871, 81216, 7960, 410.87, -67.75, 4.43, 9.77, 73.53
0, 237706, 84054, 8229, 430.87, -70.50, 5.17, 9.54, 71.55
0, 247088, 86889, 8555, 450.12, -73.37, 5.17, 9.09, 69.38
0, 253861, 88879, 8758, 468.69, -73.37, 9.06, 9.78, 67.78
0, 262004, 91208, 9006, 468.69, -76.44, 11.33, 9.78, 65.80
0, 267713, 92823, 9165, 486.87, -79.44, 13.14, 9.75, 64.39
0, 275841, 95122, 9384, 504.94, -79.44, 13.14, 9.79, 62.35
0, 283475, 97190, 9582, 523.00, -82.19, 12.75, 9.51, 60.39
0, 292491, 99501, 9793, 523.00, -84.75, 14.13, 9.51, 58.02
0, 301607, 101656, 10025, 541.19, -87.06, 14.01, 10.07, 55.58
0, 309295, 103292, 10216, 559.81, -89.19, 14.01, 9.46, 53.49
0, 315807, 104605, 10350, 578.87, -89.19, 11.79, 8.92, 51.68
0, 323215, 105998, 10494, 598.56, -91.37, 10.36, 8.92, 49.60
0, 329494, 107135, 10605, 598.56, -93.50, 10.39, 11.02, 47.82
0, 338257, 108645, 10748, 618.12, -95.31, 9.42, 9.71, 45.30
0, 347514, 110117, 10874, 636.19, -96.94, 9.42, 10.17, 42.59
0, 354287, 111029, 10956, 653.37, -96.94, 8.70, 10.06, 40.59
0, 362484, 111933, 11043, 653.37, -98.31, 7.60, 10.06, 38.13
0, 368195, 112497, 11096, 669.62, -99.50, 7.60, 9.85, 36.41
0, 376229, 113210, 11159, 684.19, -99.50, 7.60, 9.83, 33.96
0, 384034, 113821, 11215, 695.75, -100.50, 8.66, 9.56, 31.56
0, 392409, 114437, 11271, 695.75, -101.31, 8.75, 9.56, 28.97
0, 401085, 115020, 11326, 705.25, -102.00, 9.12, 9.63, 26.25
0, 407970, 115444, 11369, 713.37, -102.56, 9.12, 9.58, 24.08
0, 414965, 115805, 11405, 720.62, -102.56, 9.33, 9.58, 21.87
0, 421996, 116078, 11431, 720.62, -103.12, 9.39, 9.71, 19.63
0, 428696, 116265, 11450, 727.12, -103.69, 9.20, 9.61, 17.49
0, 437754, 116460, 11468, 732.87, -104.06, 9.50, 9.86, 14.58
0, 447525, 116583, 11480, 737.12, -104.31, 9.50, 9.67, 11.43
0, 454395, 116590, 11483, 739.87, -104.31, 9.60, 9.67, 9.20
0, 462575, 116585, 11483, 739.87, -104.50, 9.42, 9.63, 6.55
0, 468582, 116577, 11483, 741.75, -104.56, 9.49, 9.53, 4.60
0, 476594, 116561, 11484, 742.56, -104.56, 9.49, 9.62, 1.99
0, 485041, 116538, 11486, 742.56, -104.62, 9.63, 9.58, -0.76
0, 492810, 116507, 11488, 742.56, -104.62, 9.67, 9.58, -3.28
0, 501362, 116447, 11490, 742.44, -104.62, 9.70, 9.54, -6.06
0, 508072, 116357, 11490, 742.25, -104.69, 9.70, 9.48, -8.24
0, 515060, 116188, 11490, 741.94, -104.69, 9.44, 9.48, -10.50
0, 521806, 116007, 11506, 741.94, -104.75, 9.57, 9.58, -12.68
0, 528623, 115965, 11505, 741.37, -104.75, 9.29, 9.40, -14.88
0, 536722, 115946, 11505, 740.00, -104.81, 9.29, 9.82, -17.48
0, 545611, 115872, 11505, 737.56, -104.81, 10.55, 9.59, -20.32
0, 553440, 115739, 11505, 736.69, -104.94, 9.51, 9.59, -22.81
0, 560938, 115543, 11506, 736.69, -104.94, 9.54, 9.52, -25.18
0, 567162, 115361, 11499, 736.31, -104.94, 9.54, 9.45, -27.13
0, 575372, 115113, 11460, 735.12, -105.00, 9.39, 9.70, -29.70
0, 585126, 114669, 11408, 732.87, -105.00, 9.70, 9.32, -32.71
0, 593431, 114142, 11346, 730.12, -104.87, 9.17, 9.32, -35.25
0, 601180, 113515, 11281, 730.12, -104.44, 9.17, 9.97, -37.60
0, 607148, 112934, 11220, 726.69, -104.44, 9.17, 9.58, -39.39
0, 615011, 112062, 11138, 721.50, -103.87, 8.74, 9.58, -41.73
0, 621686, 111265, 11060, 721.50, -103.19, 8.50, 9.89, -43.70
0, 628519, 110382, 10976, 714.25, -102.31, 8.79, 9.96, -45.68
0, 636342, 109320, 10893, 704.75, -102.31, 8.79, 9.34, -47.93
0, 645520, 108003, 10792, 693.62, -101.31, 8.56, 9.50, -50.53
0, 653412, 106741, 10670, 693.62, -100.25, 8.92, 9.50, -52.73
0, 661195, 105379, 10554, 681.25, -99.31, 8.11, 10.26, -54.87
0, 667456, 104191, 10460, 668.00, -98.19, 8.11, 9.11, -56.56
0, 675530, 102581, 10321, 653.62, -98.19, 9.07, 10.25, -58.71
0, 683313, 101080, 10171, 637.56, -96.81, 9.43, 10.25, -60.74
0, 692131, 99386, 9995, 637.56, -95.44, 11.91, 8.93, -62.99
0, 700476, 97565, 9814, 619.94, -93.81, 11.05, 9.17, -65.08
0, 707161, 95977, 9641, 602.00, -93.81, 11.05, 10.82, -66.71
0, 715254, 93928, 9422, 584.94, -92.06, 12.63, 10.82, -68.65
0, 722024, 92123, 9251, 584.94, -90.25, 13.00, 8.80, -70.24
0, 728616, 90340, 9079, 566.75, -87.87, 13.57, 10.38, -71.75
0, 736481, 88167, 8873, 547.87, -87.87, 13.57, 8.82, -73.51
0, 745799, 85294, 8589, 529.37, -85.56, 13.68, 9.19, -75.53
0, 753778, 82663, 8319, 511.19, -83.25, 13.05, 9.19, -77.20
0, 761407, 80141, 8080, 511.19, -80.81, 10.81, 11.21, -78.76
0, 767532, 78210, 7815, 493.06, -77.94, 7.98, 8.84, -79.97
0, 775742, 75611, 7528, 475.06, -77.94, 7.98, 10.59, -81.55
0, 783661, 73108, 7278, 456.81, -75.00, 4.62, 10.59, -83.01
0, 791881, 70560, 7077, 456.81, -71.44, 2.85, 9.95, -84.47
0, 799741, 67995, 6843, 437.81, -68.25, 7.17, 10.53, -85.81
0, 806693, 65601, 6631, 418.12, -68.25, 7.17, 7.79, -86.95
0, 814555, 62777, 6349, 397.62, -65.87, 7.27, 7.79, -88.19
0, 821306, 60298, 6085, 397.62, -63.25, 12.93, 10.48, -89.20
0, 828077, 57810, 5824, 376.44, -60.50, 15.35, 9.98, -90.18
0, 835941, 54945, 5558, 354.44, -60.50, 15.35, 9.70, -91.25
0, 845669, 51347, 5209, 331.94, -57.25, 16.06, 9.70, -92.50
0, 853779, 48352, 4909, 309.31, -53.88, 16.74, 9.35, -93.47
0, 860985, 45709, 4638, 309.31, -50.81, 14.24, 10.37, -94.28
0, 867540, 43400, 4401, 287.00, -50.81, 13.52, 6.97, -94.97
0, 875722, 40424, 4055, 265.25, -47.56, 13.52, 6.97, -95.77
0, 883509, 37567, 3735, 244.50, -44.19, 6.82, 10.25, -96.47
0, 890625, 34950, 3548, 244.50, -40.81, 4.45, 9.68, -97.05
0, 897837, 32311, 3290, 224.56, -40.81, 4.45, 9.55, -97.59
0, 905619, 29445, 3040, 205.50, -36.88, 2.82, 9.55, -98.11
0, 913920, 26358, 2739, 187.00, -33.69, 5.56, 6.92, -98.60
0, 920281, 24068, 2494, 187.00, -30.81, 11.15, 11.66, -98.92
0, 927478, 21455, 2208, 169.06, -30.81, 13.95, 9.80, -99.24
0, 935724, 18481, 1942, 151.44, -27.75, 13.95, 11.78, -99.53
0, 945176, 14983, 1606, 133.87, -24.44, 15.70, 11.78, -99.78
0, 952900, 12144, 1329, 133.87, -21.00, 18.15, 8.38, -99.92
0, 959747, 9692, 1078, 116.06, -18.00, 19.13, 8.95, -99.98
0, 966999, 7042, 794, 97.87, -18.00, 19.13, 9.09, -100.00
0, 975058, 4165, 457, 79.06, -14.81, 16.20, 9.09, -99.95
0, 981919, 1678, 197, 79.06, -11.56, 11.08, 8.30, -99.86
0, 989227, -961, -9, 59.50, -8.13, 6.75, 8.16, -99.70
0, 997543, -3968, -302, 39.00, -8.13, 4.58, 12.41, -99.45
0, 1005619, -6958, -572, 17.62, -4.31, 4.58, 12.41, -99.15
0, 1013335, -9786, -860, -4.50, -1.19, 3.48, 7.97, -98.79
0, 1019132, -11820, -1075, -4.50, 1.94, 7.57, 10.06, -98.48
0, 1026775, -14618, -1390, -27.06, 1.94, 7.57, 9.77, -98.01
0, 1034895, -17585, -1654, -49.69, 5.12, 11.24, 9.77, -97.46
0, 1043547, -20761, -1959, -71.94, 8.56, 13.86, 9.51, -96.79
0, 1050381, -23287, -2195, -71.94, 11.50, 16.12, 9.87, -96.20
0, 1057375, -25762, -2441, -93.56, 11.50, 18.30, 8.58, -95.56
0, 1065536, -28678, -2743, -114.37, 14.69, 18.30, 8.58, -94.74
0, 1073165, -31382, -3119, -134.31, 17.94, 14.81, 9.92, -93.92
0, 1079430, -33644, -3335, -134.31, 21.37, 15.76, 5.51, -93.20
0, 1086947, -36357, -3578, -153.44, 21.37, 13.68, 11.62, -92.28
0, 1097499, -40146, -3925, -172.00, 25.31, 13.68, 10.79, -90.91
0, 1106928, -43517, -4194, -190.06, 28.44, 8.46, 8.52, -89.59
0, 1115411, -46630, -4550, -207.75, 31.37, 6.77, 8.52, -88.33
0, 1122574, -49221, -4818, -207.75, 34.19, 2.69, 9.38, -87.21
0, 1128794, -51519, -5058, -225.37, 37.63, 5.85, 9.16, -86.20
0, 1136947, -54500, -5330, -243.12, 37.63, 7.55, 10.30, -84.83
0, 1146286, -57876, -5645, -261.31, 41.06, 7.55, 10.30, -83.18
0, 1154007, -60727, -5938, -280.19, 44.06, 13.14, 9.31, -81.76
0, 1160663, -63080, -6179, -280.19, 47.06, 16.39, 10.46, -80.49
0, 1168834, -65566, -6440, -299.81, 47.06, 15.37, 7.77, -78.88
0, 1177018, -67816, -6761, -320.37, 50.38, 15.37, 7.77, -77.22
0, 1185291, -70047, -6971, -341.75, 53.38, 16.03, 11.67, -75.48
0, 1195783, -72873, -7212, -363.50, 56.69, 12.30, 15.20, -73.20
0, 1204835, -75207, -7424, -385.37, 59.13, 12.39, 8.95, -71.16
0, 1211677, -76994, -7577, -385.37, 61.25, 10.73, 12.23, -69.58
0, 1219855, -79061, -7762, -407.19, 63.44, 8.23, 10.84, -67.64
0, 1227313, -80862, -7948, -428.81, 63.44, 8.23, 9.15, -65.84
0, 1235693, -82860, -8143, -449.94, 65.44, 7.10, 9.15, -63.76
0, 1245148, -85142, -8393, -470.56, 67.62, 6.61, 10.23, -61.36
0, 1252205, -86766, -8578, -470.56, 69.75, 7.09, 11.21, -59.53
0, 1258781, -88240, -8726, -490.50, 69.75, 8.03, 11.22, -57.80
0, 1266879, -89919, -8885, -509.94, 72.06, 8.03, 11.22, -55.63
0, 1275233, -91488, -9037, -528.87, 74.25, 7.76, 9.14, -53.35
0, 1282384, -92777, -9171, -528.87, 76.00, 9.51, 10.71, -51.36
0, 1289114, -94034, -9280, -547.44, 77.62, 9.23, 9.78, -49.47
0, 1297696, -95692, -9435, -564.69, 77.62, 9.23, 9.78, -47.03
0, 1305880, -97217, -9591, -579.94, 79.19, 9.78, 9.78, -44.66
0, 1313420, -98461, -9721, -595.19, 80.81, 10.00, 9.73, -42.45
0, 1320465, -99526, -9821, -595.19, 80.81, 11.26, 10.25, -40.37
0, 1329033, -100645, -9927, -611.19, 82.56, 10.65, 10.37, -37.80
0, 1338598, -101653, -10050, -626.75, 84.06, 10.54, 9.80, -34.90
0, 1349110, -102475, -10180, -640.50, 85.19, 10.47, 9.95, -31.68
0, 1358371, -103047, -10256, -652.56, 86.31, 10.25, 10.68, -28.80
0, 1367777, -103476, -10314, -662.31, 87.44, 9.20, 10.68, -25.86
0, 1377320, -103815, -10352, -669.69, 88.31, 9.20, 9.76, -22.85
0, 1387104, -104097, -10384, -675.56, 88.81, 9.52, 9.86, -19.74
0, 1397621, -104261, -10401, -679.87, 89.19, 9.52, 9.86, -16.37
0, 1407306, -104260, -10408, -683.19, 89.50, 9.46, 9.98, -13.25
0, 1416418, -104253, -10413, -685.75, 89.69, 9.23, 10.28, -10.31
0, 1425646, -104240, -10421, -687.12, 89.75, 9.67, 9.60, -7.32
0, 1433430, -104227, -10427, -687.19, 89.81, 9.56, 9.48, -4.79
0, 1441346, -104211, -10434, -687.19, 89.87, 9.55, 9.93, -2.22
0, 1449247, -104197, -10434, -687.06, 89.87, 9.49, 9.67, 0.35
0, 1457103, -104178, -10435, -686.87, 90.00, 9.49, 9.67, 2.91
0, 1464817, -104151, -10436, -686.69, 90.00, 9.46, 10.05, 5.42
0, 1471580, -104113, -10437, -686.69, 90.00, 9.49, 9.81, 7.61
0, 1481202, -104013, -10437, -686.50, 90.06, 9.45, 9.88, 10.73
0, 1489030, -103893, -10437, -686.31, 90.06, 9.47, 9.75, 13.26
0, 1498086, -103730, -10442, -685.94, 90.06, 9.47, 9.75, 16.18
0, 1506119, -103716, -10443, -684.62, 90.12, 9.38, 9.66, 18.75
0, 1513470, -103706, -10444, -683.37, 90.12, 9.56, 9.81, 21.09
0, 1520892, -103697, -10445, -683.37, 90.12, 9.83, 10.02, 23.45
0, 1529206, -103688, -10445, -681.81, 90.19, 9.53, 9.67, 26.07
0, 1537154, -103680, -10446, -679.81, 90.19, 9.53, 9.67, 28.56
0, 1546348, -103549, -10443, -678.00, 90.25, 9.49, 9.86, 31.41
0, 1553015, -103256, -10415, -678.00, 90.31, 9.59, 9.75, 33.46
0, 1559922, -102819, -10373, -677.87, 90.31, 9.30, 10.30, 35.57
0, 1569594, -102065, -10302, -677.81, 90.31, 9.43, 10.30, 38.50
0, 1578338, -101210, -10223, -673.06, 90.00, 9.58, 9.87, 41.11
0, 1586401, -100246, -10124, -668.31, 89.37, 9.58, 10.13, 43.48
0, 1596508, -98738, -9974, -659.87, 88.62, 10.01, 10.28, 46.42
0, 1603326, -97654, -9867, -659.87, 87.62, 10.80, 10.16, 48.37
0, 1610101, -96578, -9709, -649.12, 87.62, 10.75, 10.24, 50.29
0, 1618366, -95171, -9543, -636.00, 86.37, 10.50, 10.24, 52.60
0, 1626098, -93751, -9371, -622.31, 84.94, 10.50, 9.66, 54.72
0, 1633901, -92280, -9243, -608.19, 83.00, 11.02, 9.42, 56.83
0, 1641917, -90813, -9092, -608.19, 81.25, 9.80, 9.74, 58.96
0, 1649865, -89185, -8936, -592.87, 81.25, 8.76, 10.81, 61.02
0, 1657937, -87309, -8763, -577.56, 79.69, 8.76, 10.81, 63.08
0, 1665859, -85322, -8576, -561.62, 77.87, 10.09, 10.27, 65.06
0, 1673599, -83337, -8389, -543.62, 76.06, 8.80, 9.77, 66.96
0, 1679842, -81653, -8230, -543.62, 76.06, 7.00, 9.77, 68.45
0, 1687416, -79686, -8019, -525.06, 74.06, 5.62, 9.44, 70.23
0, 1697023, -77097, -7729, -506.12, 71.94, 5.62, 11.47, 72.42
0, 1704103, -75054, -7524, -486.62, 69.62, 6.87, 10.15, 73.99
0, 1710564, -73125, -7347, -486.62, 69.62, 6.17, 9.59, 75.38
0, 1718422, -70790, -7143, -466.50, 66.94, 7.89, 9.59, 77.04
0, 1726241, -68648, -6944, -445.62, 64.25, 7.89, 9.45, 78.64
0, 1734097, -66414, -6735, -424.12, 61.75, 12.57, 10.02, 80.19
0, 1740930, -64346, -6531, -424.12, 61.75, 12.52, 8.48, 81.50
0, 1749388, -61477, -6251, -402.31, 59.38, 13.75, 8.48, 83.06
0, 1757527, -58756, -5904, -380.25, 57.00, 13.75, 10.92, 84.51
0, 1764962, -56132, -5629, -718.12, 54.25, 16.04, 10.60, 85.78
0, 1773187, -53068, -5308, -696.44, 54.25, 15.45, 8.34, 87.12
0, 1779890, -50631, -5094, -696.44, 51.06, 15.39, 8.34, 88.17
0, 1787480, -47871, -4831, -675.31, 47.50, 12.51, 10.34, 89.31
0, 1797337, -44258, -4487, -655.06, 44.13, 12.51, 10.16, 90.71
0, 1804181, -41819, -4235, -635.62, 41.13, 7.12, 9.09, 91.62
0, 1810881, -39352, -3979, -635.62, 41.13, 3.86, 9.43, 92.47
0, 1818743, -36460, -3707, -617.00, 38.13, 3.58, 9.43, 93.42
0, 1826620, -33595, -3446, -599.00, 34.88, 3.58, 9.00, 94.30
0, 1834430, -30798, -3173, -581.37, 31.44, 8.13, 11.28, 95.12
0, 1841204, -28292, -2925, -581.37, 31.44, 12.50, 7.97, 95.77
0, 1849622, -25214, -2626, -563.81, 28.37, 12.57, 7.97, 96.52
0, 1857852, -22356, -2301, -546.06, 25.19, 12.57, 9.20, 97.19
0, 1865042, -19730, -2017, -528.06, 21.94, 17.28, 10.22, 97.71
0, 1873697, -16536, -1665, -509.44, 21.94, 16.11, 8.32, 98.27
0, 1880466, -14118, -1458, -509.44, 18.69, 15.96, 8.32, 98.66
0, 1887627, -11583, -1213, -490.19, 15.19, 17.44, 9.46, 99.01
0, 1897636, -7954, -864, -470.06, 11.56, 17.44, 10.41, 99.42
0, 1904475, -5431, -612, -449.12, 8.56, 10.37, 9.59, 99.63
0, 1911204, -2987, -356, -449.12, 8.56, 6.43, 12.32, 99.80
0, 1919038, -142, -88, -427.31, 5.69, 6.63, 12.32, 99.93
0, 1926817, 2666, 169, -404.87, 2.50, 6.63, 9.26, 99.99
0, 1934635, 5535, 456, -382.12, -0.94, 4.17, 9.03, 99.99
0, 1941408, 8034, 705, -382.12, -0.94, 6.58, 8.62, 99.94
0, 1949891, 11134, 984, -719.62, -4.00, 12.04, 8.62, 99.81
0, 1958050, 14073, 1309, -697.62, -7.25, 12.04, 9.68, 99.61
0, 1964961, 16566, 1576, -676.37, -10.69, 12.57, 10.98, 99.39
0, 1973842, 19847, 1912, -656.12, -10.69, 18.22, 9.27, 99.02
0, 1980892, 22387, 2149, -656.12, -13.88, 16.02, 9.27, 98.68
0, 1987663, 24859, 2399, -636.56, -17.31, 17.36, 9.26, 98.30
0, 1997567, 28521, 2756, -617.94, -20.87, 17.36, 9.66, 97.65
0, 2004245, 30933, 3001, -599.87, -23.94, 14.39, 7.80, 97.16
0, 2011018, 33408, 3267, -599.87, -23.94, 12.67, 10.57, 96.62
0, 2019059, 36349, 3545, -582.19, -27.12, 8.44, 10.57, 95.91
0, 2026856, 39188, 3789, -564.62, -30.31, 8.44, 9.96, 95.16
0, 2034926, 42157, 4081, -547.00, -33.69, 3.00, 8.71, 94.32
0, 2041764, 44695, 4336, -547.00, -33.69, 3.46, 10.67, 93.56
0, 2050350, 47847, 4643, -529.06, -36.69, 7.18, 10.67, 92.54
0, 2058569, 50747, 4968, -510.50, -39.81, 7.18, 9.17, 91.49
0, 2066002, 53371, 5218, -491.31, -43.19, 8.71, 11.02, 90.49
0, 2074620, 56540, 5550, -471.19, -43.19, 14.56, 9.00, 89.26
0, 2081637, 59101, 5792, -471.19, -46.63, 15.29, 9.00, 88.21
0, 2088725, 61707, 6046, -450.19, -50.06, 17.25, 8.29, 87.10
0, 2098660, 65356, 6429, -428.37, -53.44, 17.25, 9.83, 85.46
0, 2105956, 68034, 6696, -405.87, -56.56, 16.49, 6.68, 84.20
0, 2112328, 70358, 6929, -405.87, -56.56, 15.15, 10.41, 83.07
0, 2121473, 73563, 7214, -383.12, -59.75, 13.16, 10.41, 81.38
0, 2128235, 75868, 7435, -360.62, -63.13, 3.87, 9.01, 80.08
0, 2136103, 78436, 7682, -698.62, -66.37, 3.87, 8.94, 78.52
0, 2145257, 81388, 7977, -677.37, -69.25, 4.87, 9.83, 76.64
0, 2152110, 83647, 8191, -677.37, -69.25, 4.94, 8.45, 75.19
0, 2159996, 86165, 8487, -657.06, -72.12, 5.15, 8.45, 73.47
0, 2167732, 88594, 8733, -637.56, -75.00, 9.98, 8.71, 71.74
0, 2175703, 91067, 8992, -618.69, -78.06, 9.98, 10.72, 69.91
0, 2183499, 93466, 9230, -600.37, -78.06, 11.84, 9.87, 68.07
0, 2189439, 95292, 9404, -600.37, -81.31, 13.26, 9.87, 66.64
0, 2199008, 98113, 9677, -582.37, -84.25, 13.26, 9.82, 64.29
0, 2206320, 100191, 9870, -564.50, -87.06, 14.75, 10.48, 62.45
0, 2212681, 101900, 10055, -564.50, -87.06, 14.32, 9.85, 60.82
0, 2221887, 104179, 10308, -546.44, -89.44, 13.88, 9.85, 58.41
0, 2228588, 105732, 10469, -528.12, -91.94, 11.15, 9.18, 56.63
0, 2236460, 107477, 10639, -509.31, -94.37, 11.15, 9.94, 54.50
0, 2245635, 109440, 10816, -489.87, -96.50, 9.94, 9.86, 51.97
0, 2252477, 110788, 10937, -489.87, -96.50, 9.15, 9.99, 50.06
0, 2260597, 112132, 11063, -470.00, -98.37, 8.10, 9.99, 47.75
0, 2268488, 113292, 11167, -450.31, -100.00, 7.52, 10.13, 45.48
0, 2277647, 114570, 11284, -432.56, -101.37, 8.22, 10.14, 42.81
0, 2287094, 115865, 11411, -417.75, -102.62, 8.22, 9.46, 40.01
0, 2296294, 117066, 11529, -404.19, -103.75, 8.94, 8.95, 37.25
0, 2302871, 117911, 11615, -404.19, -103.75, 8.71, 9.30, 35.26
0, 2310964, 118879, 11707, -390.87, -104.94, 9.08, 9.30, 32.78
0, 2318955, 119653, 11778, -378.06, -106.06, 8.62, 9.59, 30.31
0, 2326734, 120271, 11833, -365.69, -107.12, 8.62, 9.92, 27.89
0, 2334549, 120712, 11878, -355.06, -107.12, 9.60, 9.63, 25.44
0, 2341332, 120961, 11904, -355.06, -107.87, 10.26, 9.72, 23.30
0, 2351713, 121148, 11923, -347.00, -108.50, 10.22, 9.72, 20.00
0, 2361177, 121162, 11927, -341.44, -108.87, 10.41, 9.97, 16.97
0, 2370719, 121160, 11928, -338.50, -109.06, 10.12, 9.73, 13.91
0, 2378930, 121158, 11928, -337.44, -109.12, 9.76, 9.44, 11.26
0, 2386749, 121153, 11929, -337.44, -109.12, 9.76, 9.52, 8.72
0, 2396112, 121142, 11937, -337.44, -109.12, 9.98, 9.55, 5.69
0, 2402910, 121134, 11938, -337.44, -109.12, 9.86, 9.25, 3.48
0, 2411043, 121123, 11944, -337.50, -109.19, 9.97, 9.25, 0.83
0, 2419006, 121102, 11955, -337.56, -109.19, 9.88, 9.40, -1.76
0, 2426789, 121081, 11961, -337.81, -109.25, 9.88, 9.43, -4.29
0, 2434639, 121033, 11970, -338.19, -109.25, 9.92, 9.61, -6.84
0, 2440984, 120932, 11971, -338.19, -109.37, 10.08, 9.61, -8.90
0, 2451189, 120600, 11971, -338.56, -109.44, 10.55, 9.58, -12.20
0, 2460454, 120255, 11999, -339.12, -109.50, 9.93, 9.56, -15.19
0, 2469670, 119903, 12025, -341.12, -109.50, 9.33, 9.43, -18.15
0, 2478419, 119533, 11988, -344.56, -109.75, 10.98, 8.84, -20.94
0, 2487581, 119000, 11940, -348.12, -109.94, 9.40, 10.11, -23.84
0, 2498180, 118296, 11883, -351.94, -109.50, 9.40, 9.62, -27.18
0, 2505503, 117843, 11840, -356.94, -109.06, 10.01, 9.48, -29.46
0, 2513811, 117265, 11779, -363.25, -109.06, 9.44, 9.77, -32.04
0, 2524058, 116520, 11690, -369.37, -108.56, 9.61, 9.77, -35.18
0, 2532148, 115865, 11601, -369.37, -107.94, 9.58, 9.55, -37.63
0, 2539944, 115138, 11495, -376.06, -107.25, 8.97, 9.77, -39.97
0, 2550704, 114081, 11350, -383.19, -106.31, 9.11, 10.01, -43.15
0, 2559860, 113058, 11236, -391.31, -105.12, 8.94, 9.08, -45.82
0, 2567950, 112009, 11133, -400.56, -103.94, 8.39, 9.20, -48.14
0, 2577241, 110679, 11001, -410.56, -102.81, 8.39, 9.73, -50.77
0, 2586675, 109180, 10872, -422.19, -101.62, 8.12, 9.78, -53.39
0, 2595757, 107580, 10746, -435.44, -100.37, 8.13, 9.40, -55.87
0, 2604030, 105928, 10583, -450.06, -100.37, 8.86, 9.83, -58.08
0, 2613039, 103952, 10432, -450.06, -99.19, 8.75, 9.99, -60.44
0, 2622075, 101881, 10238, -466.00, -97.69, 9.00, 9.99, -62.76
0, 2628549, 100325, 10083, -483.87, -96.06, 10.40, 10.67, -64.38
0, 2637484, 97968, 9857, -503.06, -94.31, 12.46, 9.99, -66.58
0, 2646759, 95367, 9571, -522.12, -92.19, 12.46, 9.04, -68.80
0, 2653527, 93443, 9370, -522.12, -92.19, 13.89, 8.09, -70.38
0, 2661435, 91122, 9159, -540.69, -89.75, 13.77, 8.09, -72.19
0, 2669447, 88839, 8930, -558.87, -87.06, 12.23, 9.89, -73.97
0, 2676888, 86523, 8717, -576.94, -84.56, 12.23, 9.17, -75.57
0, 2684946, 83766, 8438, -594.94, -84.56, 11.81, 9.03, -77.26
0, 2691850, 81344, 8215, -594.94, -82.00, 14.12, 9.03, -78.67
0, 2701053, 78250, 7820, -613.25, -79.19, 11.04, 9.49, -80.48
0, 2708601, 75763, 7544, -631.81, -76.00, 11.04, 10.65, -81.92
0, 2715361, 73530, 7308, -650.94, -72.44, 5.32, 8.37, -83.16
0, 2724766, 70488, 7069, -671.00, -72.44, 3.91, 8.37, -84.82
0, 2731616, 68163, 6853, -671.00, -69.06, 5.66, 7.19, -85.98
0, 2738356, 65788, 6649, -691.87, -66.44, 8.07, 12.39, -87.08
0, 2747313, 62509, 6323, -713.44, -63.75, 8.07, 7.80, -88.47
0, 2754086, 60033, 6061, -735.69, -63.75, 11.94, 10.97, -89.48
0, 2761965, 57119, 5756, -735.69, -61.00, 14.72, 10.97, -90.60
0, 2769758, 54260, 5490, -758.31, -57.69, 15.25, 7.94, -91.64
0, 2777118, 51583, 5229, -780.87, -54.25, 15.25, 10.23, -92.57
0, 2785199, 48596, 4940, -803.00, -54.25, 17.47, 9.09, -93.53
0, 2792210, 46050, 4680, -803.00, -51.13, 15.75, 9.09, -94.32
0, 2800923, 42893, 4345, -824.37, -47.94, 15.17, 8.49, -95.22
0, 2807789, 40407, 4047, -844.81, -44.56, 15.17, 10.44, -95.88
0, 2814812, 37833, 3759, -864.31, -44.56, 8.74, 10.92, -96.50
0, 2824568, 34291, 3470, -883.06, -41.13, 4.67, 10.92, -97.29
0, 2831519, 31724, 3242, -883.06, -37.13, 2.37, 9.76, -97.79
0, 2838363, 29189, 3007, -901.12, -33.88, 5.86, 9.52, -98.23
0, 2847690, 25780, 2664, -918.94, -30.94, 5.86, 9.11, -98.75
0, 2854695, 23172, 2379, -936.44, -30.94, 9.11, 9.45, -99.08
0, 2862528, 20287, 2101, -936.44, -27.94, 13.63, 9.45, -99.40
0, 2871913, 16954, 1787, -954.06, -24.62, 14.21, 8.24, -99.68
0, 2878496, 14534, 1559, -971.94, -21.19, 16.34, 10.92, -99.83
0, 2886648, 11536, 1265, -990.44, -21.19, 16.34, 10.38, -99.95
0, 2894923, 8586, 982, -1009.62, -18.25, 16.85, 11.13, -100.00
0, 2902772, 5790, 643, -1009.62, -15.06, 15.18, 11.13, -99.98
0, 2910720, 2869, 318, -1029.56, -11.81, 12.07, 8.77, -99.89
0, 2917570, 353, 79, -1050.44, -8.44, 9.14, 10.47, -99.76
0, 2926593, -2818, -200, -1072.13, -8.44, 9.14, 10.10, -99.51
0, 2934689, -5793, -453, -1094.63, -4.69, 8.34, 10.10, -99.22
0, 2941914, -8439, -750, -1094.63, -1.50, 3.40, 8.82, -98.90
0, 2950755, -11647, -1065, -1117.31, 1.44, 6.70, 9.85, -98.43
0, 2957670, -14222, -1353, -1139.94, 4.56, 6.70, 11.03, -98.01
0, 2964666, -16805, -1580, -1162.06, 4.56, 7.40, 7.99, -97.54
0, 2974828, -20475, -1934, -1183.38, 7.87, 9.63, 7.99, -96.75
0, 2982008, -23097, -2174, -1183.38, 11.38, 14.05, 10.98, -96.14
0, 2988839, -25553, -2417, -1203.75, 14.31, 15.87, 12.14, -95.50
0, 2998030, -28844, -2766, -1223.25, 17.50, 15.87, 9.21, -94.57
0, 3005244, -31395, -3119, -1242.00, 17.50, 16.55, 8.32, -93.78
0, 3013287, -34219, -3394, -1260.19, 20.75, 15.60, 8.32, -92.84
0, 3022435, -37362, -3649, -1260.19, 24.12, 13.08, 10.38, -91.70
0, 3028975, -39564, -3869, -1278.00, 28.06, 9.74, 10.57, -90.83
0, 3036729, -42160, -4079, -1295.75, 28.06, 9.74, 9.68, -89.74
0, 3045163, -45019, -4377, -1313.50, 31.06, 7.19, 9.41, -88.50
0, 3053000, -47748, -4641, -1313.50, 33.88, 3.23, 9.41, -87.28
0, 3060982, -50407, -4943, -1331.50, 36.44, 4.01, 9.98, -85.98
0, 3068070, -52727, -5165, -1350.00, 39.69, 6.55, 8.83, -84.78
0, 3076818, -55622, -5443, -1369.19, 39.69, 6.55, 9.10, -83.24
0, 3085004, -58367, -5690, -1389.19, 42.81, 10.86, 9.10, -81.73
0, 3092027, -60861, -5951, -1389.19, 45.75, 12.60, 9.20, -80.40
0, 3101414, -63933, -6248, -1410.00, 48.50, 13.84, 11.89, -78.54
0, 3109401, -66147, -6524, -1431.56, 51.38, 15.06, 8.44, -76.91
0, 3117486, -68214, -6792, -1453.88, 54.50, 13.18, 7.79, -75.20
0, 3127878, -70873, -7046, -1476.13, 57.38, 11.67, 12.79, -72.93
0, 3137022, -73133, -7234, -1497.94, 57.38, 11.67, 9.84, -70.86
0, 3146736, -75333, -7437, -1519.38, 60.25, 12.86, 10.54, -68.59
0, 3156058, -77346, -7605, -1540.25, 62.44, 9.23, 9.63, -66.36
0, 3163895, -78906, -7746, -1560.56, 64.25, 8.90, 9.63, -64.43
0, 3172947, -80556, -7916, -1580.06, 66.12, 7.63, 10.86, -62.15
0, 3180575, -81873, -8051, -1580.06, 67.81, 8.19, 9.25, -60.18
0, 3187346, -83037, -8157, -1597.63, 69.50, 7.92, 9.87, -58.41
0, 3195621, -84472, -8314, -1613.25, 69.50, 7.92, 10.75, -56.20
0, 3204933, -85930, -8478, -1627.69, 71.12, 7.94, 10.75, -53.67
0, 3214501, -87277, -8628, -1642.00, 72.69, 8.27, 8.54, -51.02
0, 3223283, -88440, -8742, -1655.38, 74.37, 9.31, 10.44, -48.54
0, 3230695, -89303, -8822, -1655.38, 75.94, 8.70, 9.48, -46.42
0, 3237464, -90014, -8891, -1667.13, 77.31, 10.11, 10.25, -44.45
0, 3247024, -90870, -8973, -1678.19, 77.31, 10.11, 9.92, -41.65
0, 3256404, -91579, -9045, -1687.81, 78.37, 10.15, 10.08, -38.85
0, 3265835, -92230, -9113, -1696.13, 79.25, 9.94, 9.78, -36.01
0, 3275324, -92892, -9180, -1703.00, 80.00, 9.94, 9.78, -33.11
0, 3283170, -93421, -9226, -1709.06, 80.69, 9.36, 9.84, -30.69
0, 3289432, -93802, -9260, -1709.06, 81.31, 9.61, 9.93, -28.74
0, 3297109, -94251, -9299, -1715.06, 81.31, 9.61, 9.85, -26.34
0, 3305186, -94689, -9337, -1721.00, 81.87, 9.87, 9.85, -23.80
0, 3313217, -95047, -9370, -1721.00, 82.37, 9.56, 9.86, -21.25
0, 3320278, -95327, -9399, -1726.31, 82.81, 9.91, 9.87, -19.00
0, 3327539, -95574, -9425, -1731.38, 82.81, 9.66, 9.97, -16.68
0, 3335524, -95776, -9444, -1735.56, 83.25, 9.66, 9.97, -14.11
0, 3343504, -95893, -9456, -1739.06, 83.62, 9.64, 9.83, -11.54
0, 3350389, -95914, -9459, -1739.06, 83.94, 9.87, 10.00, -9.31
0, 3357134, -95908, -9460, -1741.75, 83.94, 9.87, 9.91, -7.12
0, 3365217, -95900, -9460, -1743.31, 84.12, 9.95, 9.91, -4.49
0, 3374197, -95887, -9461, -1743.63, 84.19, 9.36, 9.83, -1.57
0, 3380955, -95874, -9462, -1743.63, 84.25, 9.42, 9.73, 0.63
0, 3387795, -95854, -9463, -1743.56, 84.25, 9.37, 9.83, 2.85
0, 3396852, -95813, -9464, -1743.44, 84.25, 9.37, 9.84, 5.80
0, 3404809, -95754, -9464, -1743.25, 84.25, 9.47, 9.84, 8.38
0, 3411899, -95666, -9465, -1743.25, 84.31, 9.42, 9.74, 10.67
0, 3417849, -95558, -9466, -1742.94, 84.31, 9.72, 9.79, 12.60
0, 3426544, -95417, -9472, -1742.38, 84.31, 9.72, 9.79, 15.40
0, 3434387, -95283, -9473, -1741.25, 84.31, 9.67, 9.68, 17.92
0, 3441169, -95125, -9476, -1741.25, 84.37, 8.99, 9.83, 20.08
0, 3447964, -94913, -9477, -1739.69, 84.37, 9.85, 9.81, 22.24
0, 3455309, -94616, -9449, -1738.25, 84.44, 9.85, 9.81, 24.57
0, 3463090, -94206, -9409, -1736.19, 84.44, 9.74, 10.48, 27.01
0, 3470102, -93763, -9368, -1736.19, 84.12, 10.14, 9.85, 29.20
0, 3477803, -93186, -9321, -1733.06, 84.12, 9.84, 9.88, 31.59
0, 3485847, -92534, -9262, -1728.69, 83.69, 9.84, 9.88, 34.06
0, 3493952, -91877, -9202, -1723.00, 83.12, 9.74, 9.63, 36.53
0, 3500614, -91274, -9137, -1723.00, 82.50, 9.34, 9.86, 38.54
0, 3507487, -90549, -9063, -1716.19, 82.50, 9.71, 10.09, 40.59
0, 3515418, -89559, -8966, -1709.13, 81.81, 9.71, 10.09, 42.94
0, 3524541, -88232, -8842, -1701.31, 80.81, 10.38, 10.20, 45.60
0, 3531333, -87120, -8740, -1701.31, 79.75, 10.03, 10.16, 47.56
0, 3538327, -85888, -8627, -1691.69, 79.75, 9.83, 10.09, 49.55
0, 3546617, -84386, -8483, -1680.06, 78.56, 9.83, 10.09, 51.87
0, 3554722, -82874, -8351, -1666.63, 77.12, 8.21, 9.74, 54.11
0, 3562175, -81375, -8199, -1666.63, 75.69, 8.22, 10.12, 56.13
0, 3568839, -80101, -8062, -1651.94, 74.19, 8.46, 11.26, 57.91
0, 3577116, -78459, -7868, -1636.81, 74.19, 8.46, 11.26, 60.09
0, 3585264, -76651, -7679, -1620.44, 72.37, 7.37, 9.52, 62.18
0, 3592846, -74858, -7504, -1604.13, 70.37, 6.79, 10.13, 64.10
0, 3599752, -73148, -7348, -1604.13, 68.19, 7.67, 9.28, 65.81
0, 3606984, -71345, -7192, -1586.13, 68.19, 7.67, 9.40, 67.56
0, 3615262, -69471, -7014, -1566.69, 66.06, 9.06, 9.40, 69.52
0, 3624108, -67424, -6830, -1546.56, 64.00, 12.08, 10.13, 71.56
0, 3631017, -65726, -6665, -1546.56, 62.13, 11.29, 8.83, 73.11
0, 3637987, -63827, -6478, -1525.88, 62.13, 11.92, 10.41, 74.64
0, 3646578, -61208, -6227, -1504.75, 60.19, 11.92, 10.41, 76.47
0, 3654768, -58763, -5906, -1483.13, 57.88, 13.59, 11.20, 78.16
0, 3661775, -56550, -5674, -1483.13, 55.31, 15.16, 10.55, 79.56
0, 3668370, -54318, -5434, -1461.19, 52.13, 13.35, 8.72, 80.85
0, 3677353, -51158, -5140, -1799.19, 52.13, 14.36, 8.72, 82.53
0, 3685503, -48334, -4872, -1777.56, 49.00, 14.36, 9.78, 84.00
0, 3692984, -45806, -4636, -1756.56, 45.94, 9.72, 10.16, 85.30
0, 3699169, -43525, -4412, -1756.56, 45.94, 6.59, 9.78, 86.33
0, 3706821, -40702, -4114, -1736.38, 43.06, 6.59, 9.78, 87.56
0, 3714916, -37710, -3817, -1717.00, 40.19, 6.77, 10.02, 88.80
0, 3722663, -34874, -3561, -1717.00, 36.81, 4.10, 8.19, 89.93
0, 3730170, -32256, -3313, -1698.44, 33.38, 7.51, 9.58, 90.97
0, 3737448, -29703, -3061, -1680.50, 33.38, 11.68, 9.25, 91.93
0, 3745862, -26610, -2758, -1662.81, 30.31, 11.68, 9.25, 92.97
0, 3753556, -23877, -2481, -1645.13, 27.25, 11.91, 9.00, 93.87
0, 3759686, -21795, -2242, -1645.13, 27.25, 17.00, 10.64, 94.54
0, 3767499, -18898, -1939, -1627.38, 24.00, 16.86, 10.07, 95.33
0, 3777419, -15279, -1549, -1609.31, 20.75, 16.12, 10.07, 96.26
0, 3785726, -12258, -1264, -1590.75, 17.25, 16.12, 7.76, 96.96
0, 3793597, -9478, -1015, -1571.44, 13.69, 11.79, 11.31, 97.55
0, 3799648, -7304, -803, -1571.44, 13.69, 8.92, 9.34, 97.97
0, 3807440, -4439, -501, -1551.38, 10.69, 8.92, 9.34, 98.44
0, 3815658, -1432, -201, -1530.44, 7.75, 9.12, 8.87, 98.88
0, 3825023, 1951, 103, -1508.63, 4.50, 3.20, 9.97, 99.29
0, 3832074, 4568, 353, -1508.63, 1.12, 5.13, 8.92, 99.53
0, 3838530, 6911, 591, -1486.13, 1.12, 6.45, 11.16, 99.71
0, 3846398, 9824, 878, -1463.44, -1.94, 6.45, 11.16, 99.88
0, 3854144, 12575, 1133, -1440.94, -5.19, 10.64, 9.82, 99.97
0, 3860296, 14817, 1382, -1440.94, -5.19, 15.23, 7.91, 100.00
0, 3867878, 17609, 1668, -1778.94, -8.56, 15.44, 10.87, 99.98
0, 3877826, 21255, 2044, -1757.75, -11.75, 16.01, 10.87, 99.86
0, 3885823, 24155, 2330, -1737.44, -15.19, 16.01, 9.56, 99.69
0, 3893676, 27054, 2625, -1718.00, -18.69, 17.33, 9.34, 99.46
0, 3899562, 29246, 2841, -1718.00, -18.69, 15.37, 9.76, 99.24
0, 3907605, 32190, 3141, -1699.31, -21.81, 15.37, 9.76, 98.89
0, 3915958, 35257, 3449, -1681.19, -25.06, 13.03, 10.04, 98.45
0, 3926121, 38916, 3766, -1663.50, -28.25, 9.03, 10.35, 97.81
0, 3933977, 41803, 4048, -1645.94, -31.56, 3.03, 10.44, 97.25
0, 3940991, 44394, 4306, -1645.94, -31.56, 3.62, 8.47, 96.69
0, 3948216, 47061, 4566, -1628.31, -34.56, 3.62, 8.47, 96.07
0, 3956396, 49963, 4889, -1610.38, -37.75, 4.38, 9.81, 95.29
0, 3963613, 52593, 5151, -1591.88, -41.19, 12.67, 8.35, 94.56
0, 3971923, 55673, 5474, -1591.88, -44.63, 12.28, 10.18, 93.64
0, 3980870, 58988, 5782, -1572.63, -44.63, 15.44, 7.64, 92.58
0, 3987823, 61517, 6025, -1552.50, -48.06, 16.54, 7.64, 91.70
0, 3995815, 64451, 6328, -1531.44, -51.50, 16.54, 9.38, 90.63
0, 4002467, 66889, 6576, -1531.44, -54.56, 16.58, 8.68, 89.70
0, 4009437, 69459, 6835, -1509.56, -54.56, 16.12, 8.38, 88.67
0, 4017277, 72361, 7120, -1487.13, -57.81, 13.99, 8.38, 87.46
0, 4026636, 75805, 7428, -1464.44, -61.19, 13.99, 9.81, 85.95
0, 4034455, 78650, 7705, -1441.94, -64.44, 5.50, 10.00, 84.62
0, 4041439, 81221, 7959, -1441.94, -67.50, 5.14, 9.77, 83.39
0, 4048747, 83919, 8216, -1779.81, -67.50, 3.15, 9.77, 82.05
0, 4056951, 86859, 8558, -1758.50, -70.62, 3.15, 7.83, 80.50
0, 4064364, 89509, 8820, -1738.13, -73.94, 10.40, 8.12, 79.04
0, 4072461, 92382, 9122, -1738.13, -77.50, 12.24, 10.39, 77.40
0, 4081161, 95493, 9421, -1718.63, -77.50, 12.50, 9.04, 75.58
0, 4088143, 97912, 9655, -1699.88, -81.00, 16.10, 9.04, 74.07
0, 4096007, 100529, 9904, -1681.69, -84.37, 16.10, 10.04, 72.33
0, 4102705, 102625, 10135, -1681.69, -87.37, 16.30, 10.41, 70.80
0, 4109713, 104717, 10360, -1663.88, -87.37, 15.56, 8.48, 69.18
0, 4119158, 107424, 10633, -1646.19, -90.19, 13.89, 10.69, 66.92
0, 4129906, 110427, 10904, -1628.31, -93.19, 10.55, 10.69, 64.28
0, 4138746, 112613, 11108, -1610.00, -95.94, 7.81, 9.79, 62.05
0, 4147245, 114593, 11286, -1591.19, -98.37, 7.81, 9.74, 59.86
0, 4154391, 116296, 11454, -1571.88, -100.50, 6.45, 10.18, 57.98
0, 4162102, 118161, 11640, -1571.88, -102.44, 7.49, 9.32, 55.92
0, 4170998, 120291, 11837, -1551.88, -102.44, 7.11, 8.78, 53.50
0, 4181580, 122520, 12111, -1531.31, -104.50, 5.99, 9.99, 50.56
0, 4190147, 124230, 12299, -1510.19, -106.69, 7.96, 9.99, 48.13
0, 4199026, 125979, 12475, -1488.75, -108.75, 9.39, 8.73, 45.58
0, 4208117, 127659, 12663, -1468.06, -111.06, 9.39, 9.69, 42.93
0, 4217447, 129374, 12832, -1448.75, -113.00, 11.05, 9.57, 40.17
0, 4228324, 131237, 13004, -1430.06, -114.87, 11.15, 9.83, 36.90
0, 4237645, 132675, 13144, -1412.69, -116.62, 11.44, 10.27, 34.07
0, 4247252, 133875, 13258, -1395.81, -118.19, 11.44, 9.99, 31.11
0, 4255304, 134752, 13329, -1380.75, -119.56, 11.68, 10.65, 28.61
0, 4262783, 135488, 13398, -1380.75, -120.75, 10.93, 9.60, 26.27
0, 4272429, 136219, 13466, -1367.69, -121.62, 10.52, 9.82, 23.23
0, 4282487, 136703, 13514, -1357.31, -121.62, 10.33, 10.17, 20.03
0, 4290563, 137004, 13543, -1348.31, -122.44, 10.30, 10.17, 17.45
0, 4299161, 137168, 13559, -1341.25, -123.00, 9.68, 10.05, 14.69
0, 4308049, 137194, 13563, -1336.69, -123.37, 9.68, 9.94, 11.82
0, 4316589, 137192, 13564, -1333.50, -123.69, 9.91, 9.68, 9.06
0, 4325510, 137188, 13565, -1331.94, -123.75, 9.65, 9.70, 6.17
0, 4333951, 137180, 13566, -1331.75, -123.75, 9.42, 9.54, 3.42
0, 4340867, 137170, 13567, -1331.75, -123.81, 9.41, 9.54, 1.17
0, 4348117, 137157, 13570, -1331.81, -123.81, 9.41, 9.66, -1.19
0, 4356607, 137131, 13575, -1331.88, -123.87, 9.48, 9.59, -3.95
0, 4363896, 137094, 13583, -1332.00, -123.87, 9.32, 9.67, -6.32
0, 4372979, 137001, 13619, -1332.00, -123.94, 9.40, 9.44, -9.26
0, 4382477, 136851, 13648, -1332.19, -123.94, 9.45, 9.18, -12.34
0, 4389667, 136748, 13649, -1332.50, -124.06, 9.79, 9.18, -14.65
0, 4398013, 136679, 13657, -1333.19, -124.37, 9.79, 10.55, -17.34
0, 4405350, 136646, 13663, -1334.38, -124.62, 9.56, 9.56, -19.68
0, 4412244, 136618, 13671, -1334.38, -124.62, 9.28, 9.59, -21.88
0, 4421223, 136527, 13674, -1335.63, -124.69, 9.43, 9.61, -24.72
0, 4431618, 136057, 13640, -1336.25, -124.75, 10.07, 9.61, -27.98
0, 4438911, 135514, 13595, -1336.63, -124.81, 10.28, 9.47, -30.25
0, 4447136, 134748, 13525, -1337.44, -124.81, 10.28, 9.47, -32.79
0, 4453762, 134031, 13446, -1340.88, -124.50, 10.28, 10.15, -34.82
0, 4462133, 133027, 13334, -1340.88, -124.50, 10.55, 10.23, -37.36
0, 4472451, 131712, 13188, -1347.19, -123.81, 10.92, 9.38, -40.45
0, 4483072, 130155, 13036, -1355.63, -122.87, 10.28, 9.59, -43.59
0, 4490560, 128986, 12929, -1365.69, -121.69, 11.34, 9.59, -45.77
0, 4499119, 127654, 12806, -1376.88, -120.50, 11.34, 9.99, -48.23
0, 4508024, 126266, 12672, -1389.56, -119.19, 10.32, 9.53, -50.74
0, 4516084, 124918, 12540, -1403.75, -117.87, 10.01, 9.88, -52.99
0, 4526861, 122689, 12322, -1418.25, -116.56, 9.41, 9.22, -55.93
0, 4536416, 120417, 12089, -1433.19, -115.12, 11.81, 9.60, -58.48
0, 4545776, 118099, 11869, -1450.50, -113.56, 9.34, 10.46, -60.92
0, 4553121, 116341, 11673, -1471.19, -113.56, 7.65, 8.54, -62.80
0, 4561965, 114313, 11387, -1471.19, -111.50, 7.05, 10.27, -65.01
0, 4572027, 111999, 11135, -1492.75, -109.25, 6.73, 10.38, -67.46
0, 4582847, 109415, 10895, -1514.13, -107.00, 7.01, 9.99, -70.02
0, 4590149, 107593, 10753, -1535.06, -104.75, 7.71, 9.99, -71.70
0, 4598257, 105405, 10543, -1555.50, -102.75, 7.71, 8.27, -73.51
0, 4605580, 103325, 10381, -1575.44, -100.87, 8.40, 11.15, -75.11
0, 4612890, 101194, 10174, -1575.44, -100.87, 10.12, 7.95, -76.66
0, 4622224, 98272, 9900, -1594.75, -98.75, 11.24, 10.58, -78.57
0, 4632220, 94912, 9519, -1613.50, -96.37, 13.74, 10.58, -80.54
0, 4639188, 92493, 9286, -1631.81, -93.69, 16.30, 10.35, -81.86
0, 4647300, 89723, 9021, -1649.75, -90.44, 16.30, 8.15, -83.35
0, 4653406, 87628, 8825, -1667.44, -90.44, 16.57, 9.38, -84.43
0, 4660999, 84811, 8542, -1667.44, -87.44, 12.78, 9.38, -85.73
0, 4669190, 81796, 8250, -1685.25, -84.44, 13.94, 9.07, -87.07
0, 4678833, 78358, 7841, -1703.50, -81.19, 7.69, 9.31, -88.57
0, 4686755, 75496, 7514, -1722.38, -77.81, 7.69, 9.05, -89.74
0, 4695081, 72464, 7237, -1742.00, -77.81, 5.91, 8.21, -90.90
0, 4700992, 70357, 7055, -1742.00, -73.87, 3.18, 8.21, -91.69
0, 4708966, 67425, 6794, -1762.50, -70.37, 3.18, 7.91, -92.69
0, 4715835, 64901, 6556, -1783.88, -67.62, 7.03, 11.19, -93.51
0, 4725720, 61227, 6192, -1806.00, -64.75, 8.77, 11.54, -94.60
0, 4734600, 57988, 5838, -1828.56, -64.75, 12.11, 9.96, -95.50
0, 4741376, 55538, 5618, -1828.56, -61.56, 15.53, 9.96, -96.13
0, 4748140, 53122, 5374, -1851.25, -58.13, 15.53, 7.46, -96.71
0, 4754461, 50753, 5154, -1873.56, -58.13, 17.60, 10.76, -97.21
0, 4762047, 47945, 4865, -1873.56, -54.94, 17.70, 10.35, -97.76
0, 4771303, 44603, 4542, -1895.31, -51.81, 16.06, 8.65, -98.35
0, 4781243, 41031, 4109, -1916.25, -48.50, 14.70, 8.65, -98.88
0, 4788018, 38535, 3844, -1936.19, -45.19, 8.42, 9.99, -99.19
0, 4795979, 35674, 3608, -1955.31, -45.19, 8.42, 9.88, -99.48
0, 4801919, 33546, 3390, -1955.31, -41.31, 1.97, 9.88, -99.66
0, 4809846, 30641, 3147, -1973.75, -37.75, 1.97, 7.73, -99.84
0, 4816737, 28101, 2886, -1991.63, -34.94, 4.65, 10.30, -99.94
0, 4826274, 24635, 2542, -2009.25, -32.00, 5.11, 7.69, -100.00
0, 4835245, 21338, 2197, -2026.81, -32.00, 9.63, 9.36, -99.97
0, 4842594, 18678, 1959, -2026.81, -28.69, 12.72, 9.36, -99.87
0, 4849425, 16141, 1696, -2044.56, -25.31, 12.72, 8.50, -99.74
0, 4856353, 13562, 1467, -2062.69, -22.12, 16.24, 12.28, -99.55
0, 4863737, 10874, 1197, -2081.50, -22.12, 14.89, 10.49, -99.29
0, 4873158, 7498, 853, -2101.06, -19.00, 14.52, 8.66, -98.88
0, 4882398, 4146, 461, -2101.06, -15.81, 11.65, 8.66, -98.39
0, 4888881, 1780, 212, -2121.50, -12.50, 13.90, 8.58, -97.99
0, 4896949, -1138, -21, -2142.81, -8.69, 13.90, 9.06, -97.43
0, 4902659, -3188, -238, -2142.81, -8.69, 8.85, 11.41, -97.00
0, 4910763, -6177, -493, -2164.81, -5.19, 3.87, 11.41, -96.32
0, 4918713, -9089, -808, -2187.44, -2.37, 4.05, 8.78, -95.60
0, 4928614, -12716, -1170, -2210.13, 0.62, 7.17, 10.09, -94.60
0, 4936448, -15578, -1471, -2232.56, 4.00, 7.17, 8.22, -93.75
0, 4944286, -18421, -1727, -2254.38, 4.00, 10.35, 8.22, -92.83
0, 4950324, -20682, -1952, -2254.38, 7.37, 13.30, 9.33, -92.08
0, 4957219, -23209, -2186, -2275.31, 10.56, 13.30, 10.71, -91.18
0, 4964857, -25904, -2458, -2295.25, 13.69, 14.37, 11.93, -90.13
0, 4974819, -29254, -2822, -2314.38, 16.87, 15.86, 9.90, -88.68
0, 4984958, -32654, -3226, -2332.81, 16.87, 15.50, 8.27, -87.11
0, 4992528, -35177, -3494, -2332.81, 19.94, 14.26, 8.27, -85.87
0, 4999843, -37629, -3678, -2350.81, 23.75, 14.26, 9.12, -84.63
0, 5007426, -40121, -3927, -2368.69, 26.87, 12.88, 10.40, -83.29
0, 5014816, -42517, -4107, -2386.50, 26.87, 7.12, 9.13, -81.93
0, 5023960, -45503, -4431, -2404.44, 29.56, 3.83, 9.59, -80.19
0, 5032878, -48545, -4742, -2404.44, 32.25, 4.18, 9.59, -78.42
0, 5039183, -50681, -4975, -2422.69, 34.88, 5.17, 9.24, -77.13
0, 5047130, -53366, -5227, -2441.56, 38.13, 5.17, 9.80, -75.46
0, 5053062, -55291, -5410, -2441.56, 38.13, 9.06, 10.45, -74.18
0, 5061944, -58112, -5669, -2461.06, 41.31, 10.90, 10.45, -72.21
0, 5070213, -60851, -5950, -2481.50, 44.13, 12.66, 8.92, -70.33
0, 5079854, -63712, -6230, -2502.69, 46.81, 15.67, 7.84, -68.06
0, 5087710, -65710, -6463, -2524.50, 49.75, 14.54, 10.79, -66.17
0, 5096456, -67715, -6747, -2546.75, 49.75, 14.54, 9.28, -64.01
0, 5102448, -69047, -6876, -2546.75, 52.44, 12.70, 9.28, -62.50
0, 5110456, -70832, -7048, -2568.94, 55.13, 11.88, 6.26, -60.44
0, 5117328, -72299, -7174, -2590.56, 57.56, 11.88, 9.71, -58.64
0, 5126801, -74186, -7326, -2611.63, 59.50, 11.09, 9.67, -56.12
0, 5135546, -75869, -7487, -2632.13, 59.50, 10.42, 10.06, -53.74
0, 5142926, -77238, -7599, -2632.13, 61.19, 9.12, 10.06, -51.70
0, 5149406, -78364, -7695, -2651.38, 62.69, 9.12, 10.14, -49.89
0, 5156372, -79490, -7809, -2668.81, 64.31, 8.46, 9.83, -47.91
0, 5163443, -80542, -7916, -2685.25, 64.31, 8.51, 9.77, -45.88
0, 5172610, -81851, -8051, -2685.25, 65.62, 8.21, 10.14, -43.21
0, 5183351, -83340, -8190, -2713.81, 67.12, 8.95, 10.14, -40.03
0, 5190947, -84354, -8304, -2713.81, 68.50, 8.31, 10.43, -37.75
0, 5199172, -85318, -8412, -2725.94, 69.69, 8.31, 8.47, -35.26
0, 5205297, -85916, -8481, -2737.56, 69.69, 8.95, 10.38, -33.39
0, 5214395, -86703, -8569, -2748.81, 70.94, 9.74, 10.45, -30.58
0, 5224942, -87559, -8658, -2758.94, 72.12, 9.85, 9.57, -27.30
0, 5234668, -88183, -8719, -2767.00, 73.12, 9.24, 9.57, -24.24
0, 5241670, -88514, -8750, -2767.00, 73.94, 10.11, 9.85, -22.02
0, 5249833, -88759, -8772, -2774.19, 74.62, 10.11, 10.02, -19.42
0, 5257578, -88869, -8782, -2780.63, 75.06, 10.20, 10.08, -16.95
0, 5265720, -88868, -8784, -2785.56, 75.37, 10.38, 10.08, -14.33
0, 5276246, -88859, -8785, -2788.69, 75.50, 10.39, 9.83, -10.93
0, 5286636, -88847, -8786, -2789.94, 75.50, 9.46, 9.83, -7.57
0, 5294781, -88833, -8788, -2790.00, 75.50, 9.64, 9.83, -4.92
0, 5300481, -88821, -8789, -2790.00, 75.50, 9.44, 9.78, -3.07
0, 5306182, -88806, -8790, -2789.88, 75.50, 9.44, 9.78, -1.21
0, 5313757, -88779, -8791, -2789.75, 75.56, 9.54, 9.78, 1.25
0, 5322144, -88735, -8793, -2789.75, 75.62, 9.56, 9.78, 3.98
0, 5331379, -88640, -8797, -2789.63, 75.69, 9.53, 9.71, 6.98
0, 5338140, -88504, -8802, -2789.38, 75.75, 9.70, 9.93, 9.17
0, 5346089, -88293, -8841, -2789.00, 75.75, 9.70, 9.93, 11.75
0, 5352025, -88222, -8830, -2789.00, 75.81, 10.39, 9.60, 13.66
0, 5357733, -88109, -8823, -2788.31, 75.87, 10.39, 10.01, 15.50
0, 5365854, -87868, -8802, -2786.75, 75.87, 8.56, 10.24, 18.11
0, 5375227, -87519, -8771, -2784.81, 76.19, 10.09, 10.12, 21.10
0, 5386532, -86990, -8720, -2783.25, 76.12, 9.75, 9.99, 24.68
0, 5394339, -86548, -8678, -2780.69, 75.87, 9.82, 9.99, 27.13
0, 5400047, -86170, -8646, -2780.69, 75.56, 9.68, 9.86, 28.91
0, 5405936, -85718, -8604, -2777.31, 75.56, 9.68, 9.88, 30.74
0, 5413829, -85048, -8545, -2773.19, 75.19, 9.84, 9.88, 33.18
0, 5422412, -84273, -8468, -2773.19, 74.69, 9.58, 9.94, 35.80
0, 5431949, -83299, -8385, -2768.19, 74.00, 9.42, 10.08, 38.68
0, 5438642, -82493, -8313, -2761.81, 73.31, 9.49, 9.77, 40.68
0, 5446966, -81435, -8204, -2754.69, 73.31, 9.49, 10.05, 43.14
0, 5452961, -80691, -8127, -2754.69, 72.44, 8.78, 10.05, 44.89
0, 5460940, -79697, -8014, -2746.69, 71.62, 8.83, 9.56, 47.19
0, 5468119, -78693, -7894, -2737.31, 70.50, 9.06, 10.16, 49.24
0, 5477802, -77106, -7723, -2726.88, 69.31, 8.02, 9.87, 51.96
0, 5486703, -75490, -7562, -2716.50, 69.31, 8.02, 9.88, 54.41
0, 5494512, -73985, -7416, -2702.94, 67.87, 8.33, 9.88, 56.52
0, 5500220, -72817, -7318, -2702.94, 66.25, 8.33, 9.68, 58.05
0, 5506178, -71605, -7215, -2687.63, 66.25, 8.67, 9.67, 59.61
0, 5514015, -70116, -7077, -2672.06, 64.56, 10.27, 9.67, 61.64
0, 5522743, -68464, -6925, -2672.06, 62.81, 11.00, 9.96, 63.85
0, 5532177, -66511, -6742, -2654.81, 61.19, 10.98, 8.68, 66.18
0, 5538776, -65029, -6597, -2637.88, 59.63, 10.31, 10.37, 67.78
0, 5547000, -62903, -6388, -2619.69, 59.63, 10.31, 10.37, 69.72
0, 5553582, -61054, -6209, -2599.56, 58.00, 11.78, 10.20, 71.24
0, 5561616, -58906, -5924, -2599.56, 56.13, 12.68, 11.05, 73.05
0, 5568822, -56849, -5702, -2578.13, 53.88, 13.94, 9.85, 74.63
0, 5577584, -54103, -5408, -2556.25, 51.25, 13.99, 8.53, 76.50
0, 5586276, -51254, -5148, -2534.31, 51.25, 13.99, 9.76, 78.29
0, 5594117, -48716, -4907, -2512.44, 48.31, 12.90, 9.76, 79.85
0, 5599826, -46948, -4743, -2512.44, 45.38, 12.90, 10.54, 80.96
0, 5605985, -44877, -4551, -2491.06, 45.38, 10.39, 8.68, 82.12
0, 5613832, -42142, -4269, -2470.38, 42.63, 7.48, 8.68, 83.55
0, 5622690, -39045, -3944, -2470.38, 40.00, 5.63, 11.55, 85.10
0, 5630816, -36082, -3672, -2450.50, 37.25, 2.71, 9.42, 86.46
0, 5637636, -33681, -3453, -2431.50, 37.25, 4.78, 10.47, 87.55
0, 5645886, -30920, -3184, -2413.13, 34.00, 4.78, 10.47, 88.81
0, 5651594, -28954, -2989, -2413.13, 30.75, 13.17, 8.67, 89.65
0, 5657928, -26609, -2759, -2395.25, 30.75, 13.17, 9.37, 90.55
0, 5665738, -23858, -2478, -2377.44, 27.75, 12.27, 10.72, 91.60
0, 5675544, -20481, -2084, -2359.75, 24.75, 14.24, 9.97, 92.83
0, 5685193, -16935, -1696, -2341.94, 21.56, 15.82, 9.97, 93.95
0, 5691968, -14472, -1477, -2341.94, 18.31, 16.17, 8.56, 94.68
0, 5698858, -11924, -1235, -2323.69, 18.31, 16.17, 7.16, 95.38
0, 5704569, -9953, -1071, -2304.94, 14.88, 16.92, 7.16, 95.92
0, 5712310, -7128, -785, -2304.94, 11.25, 13.33, 9.44, 96.60
0, 5718927, -4673, -531, -2285.44, 8.31, 7.79, 10.01, 97.14
0, 5727644, -1469, -201, -2264.94, 5.31, 7.72, 8.78, 97.77
0, 5736371, 1694, 82, -2243.56, 5.31, 7.72, 8.78, 98.33
0, 5744226, 4540, 349, -2221.38, 1.94, 2.53, 8.66, 98.76
0, 5749935, 6638, 562, -2221.38, -1.44, 7.81, 10.92, 99.04
0, 5755928, 8813, 778, -2198.75, -1.44, 7.81, 10.92, 99.29
0, 5764110, 11770, 1040, -2176.13, -4.75, 11.42, 8.54, 99.57
0, 5772557, 14818, 1383, -2176.13, -8.13, 11.26, 9.20, 99.79
0, 5779916, 17547, 1661, -2153.75, -11.25, 18.06, 10.14, 99.91
0, 5787667, 20417, 1970, -2132.13, -11.25, 16.12, 8.14, 99.99
0, 5796028, 23455, 2270, -2111.25, -14.75, 16.12, 8.14, 99.99
0, 5801743, 25509, 2458, -2111.25, -18.25, 17.05, 9.88, 99.96
0, 5807665, 27643, 2689, -2091.25, -18.25, 17.05, 10.64, 99.88
0, 5815736, 30589, 2980, -2072.19, -21.25, 17.82, 11.72, 99.72
0, 5824654, 33852, 3309, -2053.75, -24.50, 12.72, 11.72, 99.46
0, 5833405, 37042, 3588, -2035.81, -27.69, 8.05, 10.49, 99.12
0, 5839673, 39292, 3800, -2035.81, -31.06, 5.02, 9.89, 98.83
0, 5847375, 42130, 4079, -2018.25, -31.06, 5.02, 9.89, 98.42
0, 5853081, 44252, 4291, -2018.25, -34.00, 3.86, 8.64, 98.07
0, 5859975, 46793, 4537, -2000.75, -37.19, 6.96, 9.24, 97.61
0, 5867124, 49344, 4802, -1983.00, -37.19, 8.10, 8.51, 97.08
0, 5876058, 52615, 5147, -1964.94, -40.63, 8.10, 9.92, 96.34
0, 5885229, 56041, 5508, -1946.19, -44.06, 13.81, 9.92, 95.49
0, 5892005, 58528, 5733, -1946.19, -47.56, 16.00, 8.30, 94.82
0, 5898913, 61027, 5979, -1926.56, -47.56, 16.00, 8.30, 94.08
0, 5904799, 63167, 6200, -1906.06, -51.06, 17.13, 9.63, 93.41
0, 5911861, 65780, 6481, -1906.06, -54.13, 17.86, 9.77, 92.57
0, 5918199, 68121, 6712, -1884.63, -57.31, 15.85, 8.40, 91.77
0, 5926988, 71343, 7027, -1862.56, -57.31, 12.97, 8.57, 90.59
0, 5936204, 74736, 7326, -1840.00, -60.69, 12.97, 8.57, 89.28
0, 5944020, 77591, 7594, -1817.31, -63.94, 8.39, 9.40, 88.11
0, 5949732, 79690, 7807, -1817.31, -63.94, 8.39, 9.32, 87.21
0, 5955682, 81907, 8029, -1794.88, -66.87, 4.58, 9.32, 86.25
0, 5963409, 84751, 8302, -1794.88, -70.00, 4.64, 8.19, 84.95
0, 5970355, 87280, 8596, -1773.06, -73.37, 5.88, 10.35, 83.74
0, 5978147, 90150, 8880, -1752.13, -77.00, 9.22, 7.55, 82.32
0, 5987326, 93539, 9238, -1732.06, -77.00, 9.22, 8.89, 80.59
0, 5995690, 96604, 9529, -1712.81, -80.56, 13.45, 8.89, 78.95
0, 6001404, 98642, 9720, -1712.81, -84.12, 15.67, 10.27, 77.80
0, 6007352, 100721, 9925, -1694.38, -84.12, 15.67, 10.56, 76.57
0, 6016109, 103621, 10256, -1676.44, -87.19, 17.36, 10.56, 74.70
0, 6025899, 106734, 10569, -1658.81, -90.12, 15.57, 8.17, 72.55
0, 6035895, 109889, 10853, -1641.00, -93.31, 13.98, 11.91, 70.27
0, 6043956, 112246, 11075, -1623.00, -96.19, 11.00, 9.92, 68.38
0, 6050091, 113918, 11226, -1623.00, -96.19, 11.00, 11.27, 66.91
0, 6056246, 115600, 11385, -1604.63, -98.75, 5.26, 11.27, 65.41
0, 6064179, 117794, 11604, -1585.69, -101.12, 5.93, 9.61, 63.43
0, 6071897, 119953, 11807, -1585.69, -103.37, 6.99, 8.89, 61.47
0, 6079242, 121848, 12016, -1566.06, -105.87, 5.48, 8.70, 59.57
0, 6087870, 123935, 12265, -1545.69, -105.87, 5.48, 8.99, 57.29
0, 6096146, 125912, 12466, -1524.75, -108.37, 8.09, 8.99, 55.06
0, 6101855, 127213, 12614, -1524.75, -108.37, 9.03, 10.26, 53.50
0, 6109623, 128965, 12791, -1503.50, -111.12, 9.82, 9.95, 51.35
0, 6118515, 130988, 12976, -1482.06, -113.50, 9.93, 9.96, 48.85
0, 6129045, 133236, 13195, -1460.56, -117.75, 10.76, 9.64, 45.83
0, 6139316, 135171, 13366, -1799.19, -117.75, 12.88, 10.71, 42.83
0, 6148944, 136811, 13523, -1778.63, -119.62, 12.88, 10.71, 39.98
0, 6156025, 137840, 13631, -1760.44, -121.19, 12.59, 10.10, 37.86
0, 6164874, 138905, 13743, -1744.25, -122.62, 11.30, 10.28, 35.18
0, 6173956, 139778, 13842, -1730.94, -123.94, 10.71, 10.03, 32.40
0, 6182509, 140500, 13922, -1730.94, -125.06, 10.41, 9.80, 29.75
0, 6191974, 141114, 13988, -1720.50, -126.00, 9.55, 9.59, 26.80
0, 6200532, 141491, 14028, -1712.25, -126.00, 9.34, 9.59, 24.10
0, 6207712, 141661, 14045, -1705.50, -126.81, 9.34, 10.07, 21.83
0, 6216809, 141683, 14050, -1700.63, -127.37, 8.95, 10.02, 18.93
0, 6227577, 141681, 14051, -1697.94, -127.69, 9.33, 9.73, 15.48
0, 6238639, 141675, 14053, -1697.44, -127.81, 9.26, 9.52, 11.92
0, 6247894, 141666, 14056, -1697.44, -127.81, 9.26, 9.52, 8.92
0, 6253602, 141656, 14059, -1697.44, -127.87, 9.48, 9.77, 7.07
0, 6260112, 141639, 14067, -1697.56, -127.87, 9.27, 9.58, 4.95
0, 6268015, 141621, 14075, -1697.63, -127.94, 9.46, 9.78, 2.38
0, 6277790, 141594, 14086, -1697.81, -128.00, 9.27, 9.62, -0.80
0, 6288940, 141543, 14105, -1698.00, -128.12, 9.21, 9.62, -4.42
0, 6298149, 141484, 14109, -1698.19, -128.25, 9.21, 9.76, -7.41
0, 6305143, 141422, 14110, -1698.50, -128.37, 9.27, 10.01, -9.68
0, 6312094, 141328, 14111, -1698.50, -128.50, 9.20, 9.61, -11.93
0, 6320024, 141204, 14112, -1697.44, -128.50, 9.35, 9.64, -14.49
0, 6329631, 141133, 14115, -1696.63, -128.56, 9.53, 9.70, -17.57
0, 6339594, 141110, 14116, -1697.81, -128.56, 9.58, 9.66, -20.76
0, 6348364, 141086, 14120, -1698.81, -128.56, 9.58, 9.66, -23.54
0, 6354877, 141070, 14124, -1699.06, -128.62, 9.25, 9.64, -25.59
0, 6361312, 141057, 14126, -1699.06, -128.62, 9.32, 9.69, -27.61
0, 6369359, 141045, 14128, -1699.31, -128.62, 9.38, 9.70, -30.12
0, 6379096, 141010, 14125, -1699.50, -128.69, 9.35, 9.65, -33.12
0, 6389080, 140416, 14079, -1699.69, -128.75, 8.77, 9.65, -36.17
0, 6397483, 139604, 14016, -1699.88, -128.81, 8.77, 10.13, -38.71
0, 6403484, 138929, 13950, -1699.88, -128.56, 9.21, 10.28, -40.50
0, 6409606, 138158, 13872, -1702.94, -128.56, 9.63, 9.90, -42.31
0, 6417555, 137121, 13761, -1710.50, -128.00, 9.63, 9.90, -44.64
0, 6428894, 135388, 13590, -1720.25, -127.06, 10.67, 9.97, -47.91
0, 6440088, 133287, 13367, -1731.56, -125.94, 11.32, 10.78, -51.08
0, 6449056, 131498, 13173, -1744.50, -124.56, 11.32, 10.78, -53.56
0, 6456234, 129971, 13021, -1760.44, -123.06, 12.84, 9.35, -55.52
0, 6464264, 128214, 12860, -1778.63, -121.12, 11.56, 9.47, -57.68
0, 6474100, 126128, 12659, -1798.25, -119.19, 11.86, 10.09, -60.26
0, 6483946, 123869, 12440, -1819.19, -117.37, 9.94, 9.46, -62.79
0, 6493271, 121371, 12186, -1819.19, -115.50, 11.62, 8.90, -65.12
0, 6501132, 119148, 11955, -1839.81, -115.50, 10.08, 8.90, -67.04
0, 6508399, 117060, 11756, -1861.19, -113.50, 10.08, 10.44, -68.77
0, 6517728, 114549, 11424, -1882.63, -111.00, 6.45, 7.62, -70.95
0, 6528133, 111749, 11110, -1903.63, -108.44, 6.83, 9.78, -73.29
0, 6539170, 108617, 10836, -1924.00, -105.62, 6.33, 9.78, -75.69
0, 6548231, 105845, 10573, -1943.69, -102.56, 6.33, 7.45, -77.58
0, 6554882, 103675, 10412, -1962.81, -100.19, 8.34, 10.04, -78.93
0, 6561846, 101349, 10187, -1962.81, -100.19, 10.77, 8.09, -80.30
0, 6570126, 98473, 9919, -1981.38, -98.00, 13.82, 11.24, -81.88
0, 6579724, 95005, 9531, -1999.31, -95.56, 16.06, 10.85, -83.63
0, 6589483, 91430, 9187, -2017.00, -92.69, 17.30, 10.85, -85.33
0, 6598202, 88302, 8882, -2034.63, -89.56, 17.30, 8.91, -86.77
0, 6603912, 86155, 8677, -2052.38, -86.12, 14.81, 10.41, -87.68
0, 6610378, 83765, 8439, -2052.38, -86.12, 13.21, 8.16, -88.67
0, 6618447, 80822, 8161, -2070.75, -82.94, 12.79, 8.82, -89.86
0, 6628138, 77265, 7706, -2089.88, -79.69, 7.89, 8.82, -91.20
0, 6638041, 73626, 7319, -2109.81, -76.31, 7.89, 11.73, -92.47
0, 6646234, 70644, 7091, -2130.63, -72.62, 2.42, 7.56, -93.45
0, 6651954, 68517, 6870, -2130.63, -72.62, 2.26, 7.56, -94.10
0, 6658190, 66215, 6697, -2152.31, -68.75, 2.26, 8.57, -94.77
0, 6665613, 63481, 6423, -2174.69, -65.81, 10.38, 8.10, -95.51
0, 6674786, 60082, 6064, -2197.31, -62.81, 13.06, 12.12, -96.35
0, 6684062, 56702, 5716, -2219.94, -59.88, 15.40, 11.03, -97.11
0, 6692521, 53622, 5422, -2219.94, -59.88, 16.01, 10.10, -97.73
0, 6700143, 50802, 5158, -2242.13, -56.56, 16.01, 10.10, -98.23
0, 6706509, 48482, 4928, -2263.56, -53.25, 17.55, 8.94, -98.60
0, 6712222, 46457, 4724, -2263.56, -53.25, 16.15, 11.70, -98.89
0, 6720302, 43536, 4428, -2284.19, -50.13, 15.55, 8.70, -99.25
0, 6729253, 40290, 4022, -2303.88, -46.88, 6.38, 8.06, -99.56
0, 6739024, 36755, 3665, -2322.69, -43.56, 4.77, 8.06, -99.81
0, 6746852, 33902, 3421, -2340.94, -40.00, 4.77, 7.96, -99.93
0, 6752565, 31766, 3250, -2340.94, -40.00, 2.68, 7.96, -99.98
0, 6758533, 29600, 3059, -2358.69, -36.06, 2.68, 9.87, -100.00
0, 6765720, 26966, 2786, -2376.31, -33.06, 5.99, 8.32, -99.97
0, 6775230, 23462, 2430, -2393.88, -30.12, 7.62, 11.34, -99.84
0, 6784833, 19924, 2072, -2411.75, -27.00, 12.20, 10.21, -99.62
0, 6793600, 16797, 1772, -2411.75, -27.00, 11.23, 11.12, -99.33
0, 6800633, 14189, 1530, -2430.06, -23.75, 15.08, 11.12, -99.04
0, 6806852, 11953, 1309, -2449.13, -20.37, 15.08, 8.09, -98.74
0, 6812609, 9832, 1075, -2449.13, -20.37, 16.26, 8.95, -98.43
0, 6820494, 6962, 781, -2469.00, -17.37, 15.44, 8.87, -97.94
0, 6829461, 3690, 406, -2489.75, -14.19, 14.89, 8.87, -97.31
0, 6839315, 111, 50, -2511.31, -10.94, 9.16, 8.55, -96.52
0, 6847143, -2691, -194, -2533.56, -7.31, 9.16, 8.84, -95.83
0, 6852858, -4804, -369, -2533.56, -7.31, 7.22, 8.84, -95.28
0, 6858985, -7080, -592, -2556.25, -3.56, 7.22, 11.63, -94.66
0, 6866148, -9744, -863, -2578.88, -0.56, 4.04, 9.32, -93.88
0, 6875634, -13216, -1231, -2601.19, 2.37, 6.93, 10.12, -92.77
0, 6885398, -16774, -1578, -2622.69, 5.69, 9.08, 9.15, -91.54
0, 6894547, -20036, -1888, -2643.31, 5.69, 11.00, 11.18, -90.30
0, 6901682, -22657, -2125, -2643.31, 9.00, 14.65, 11.18, -89.28
0, 6908798, -25242, -2393, -2663.00, 12.38, 14.65, 11.55, -88.21
0, 6916607, -27841, -2642, -2681.81, 15.38, 16.79, 8.76, -86.98
0, 6927054, -31266, -3109, -2700.06, 18.50, 17.06, 10.68, -85.26
0, 6937126, -34545, -3427, -2718.00, 21.94, 14.19, 6.02, -83.50
0, 6946359, -37552, -3671, -2735.81, 25.37, 12.12, 11.28, -81.81
0, 6952968, -39662, -3887, -2735.81, 25.37, 10.75, 11.28, -80.55
0, 6959663, -41765, -4055, -2753.75, 28.19, 7.04, 9.33, -79.24
0, 6967419, -44180, -4278, -2771.81, 30.87, 7.04, 10.10, -77.68
0, 6977212, -47317, -4603, -2790.31, 33.19, 5.64, 8.45, -75.63
0, 6986299, -50239, -4925, -2809.44, 36.13, 4.22, 10.71, -73.66
0, 6995902, -53305, -5221, -2829.19, 36.13, 5.86, 7.59, -71.52
0, 7001649, -55064, -5386, -2829.19, 39.06, 10.22, 7.59, -70.20
0, 7008183, -56987, -5574, -2849.81, 42.00, 10.22, 9.49, -68.67
0, 7015164, -59111, -5758, -2871.19, 44.56, 11.78, 9.66, -67.00
0, 7023566, -61692, -6034, -2871.19, 44.56, 12.76, 11.69, -64.94
0, 7033118, -64184, -6280, -2893.00, 47.06, 14.49, 10.11, -62.55
0, 7043132, -66433, -6585, -2915.06, 49.88, 12.97, 9.82, -59.97
0, 7050342, -67907, -6758, -2937.19, 52.31, 12.97, 9.82, -58.08
0, 7056499, -69117, -6887, -2958.69, 54.88, 12.30, 6.24, -56.44
0, 7062458, -70289, -6991, -2958.69, 54.88, 11.51, 15.35, -54.83
0, 7071160, -71918, -7146, -2979.31, 57.13, 10.76, 9.14, -52.44
0, 7080896, -73611, -7271, -2998.00, 58.81, 10.40, 9.14, -49.71
0, 7090486, -75153, -7423, -3015.50, 60.44, 9.71, 10.38, -46.98
0, 7098121, -76352, -7530, -3031.69, 61.63, 9.71, 9.71, -44.77
0, 7103847, -77182, -7597, -3031.69, 61.63, 9.51, 9.71, -43.10
0, 7109960, -78003, -7665, -3046.31, 63.06, 9.51, 10.38, -41.30
0, 7116956, -78880, -7748, -3059.88, 64.25, 8.60, 10.19, -39.21
0, 7126359, -79926, -7855, -3072.38, 65.25, 8.91, 9.72, -36.38
0, 7136274, -80885, -7954, -3083.38, 66.37, 8.64, 9.60, -33.36
0, 7145167, -81696, -8038, -3093.00, 66.37, 9.10, 9.88, -30.61
0, 7150875, -82165, -8083, -3093.00, 67.31, 9.10, 9.88, -28.84
0, 7156580, -82595, -8121, -3101.31, 68.19, 9.51, 10.12, -27.06
0, 7163797, -83088, -8163, -3101.31, 68.19, 9.26, 9.99, -24.79
0, 7172936, -83608, -8220, -3108.94, 69.00, 9.70, 9.51, -21.90
0, 7182748, -84051, -8269, -3115.69, 69.56, 9.70, 10.00, -18.77
0, 7194074, -84375, -8305, -3126.25, 70.12, 9.72, 10.00, -15.14
0, 7201800, -84458, -8313, -3126.25, 70.56, 9.99, 9.85, -12.65
0, 7207740, -84451, -8316, -3129.94, 70.87, 9.99, 10.10, -10.73
0, 7214995, -84445, -8316, -3132.31, 70.87, 10.04, 9.87, -8.38
0, 7223450, -84437, -8317, -3132.31, 71.06, 9.75, 9.75, -5.64
0, 7233061, -84426, -8319, -3133.06, 71.06, 9.57, 9.79, -2.51
0, 7242726, -84408, -8320, -3133.00, 71.12, 9.56, 9.79, 0.63
0, 7249627, -84387, -8322, -3132.88, 71.19, 9.56, 9.80, 2.88
0, 7255336, -84353, -8323, -3132.75, 71.19, 9.65, 9.86, 4.73
0, 7261074, -84291, -8325, -3132.75, 71.25, 9.69, 9.86, 6.60
0, 7267650, -84179, -8327, -3132.63, 71.31, 9.69, 9.86, 8.73
0, 7277059, -83925, -8328, -3133.13, 71.37, 9.84, 9.86, 11.78
0, 7286773, -83765, -8401, -3132.31, 71.44, 10.16, 9.63, 14.91
0, 7295956, -83755, -8401, -3130.44, 71.44, 9.12, 8.03, 17.86
0, 7301668, -83747, -8401, -3130.44, 71.62, 9.96, 8.03, 19.68
0, 7307626, -83719, -8400, -3128.56, 72.12, 9.96, 11.21, 21.58
0, 7313329, -83573, -8395, -3128.56, 72.12, 9.74, 10.03, 23.39
0, 7322491, -83124, -8367, -3128.19, 72.12, 10.12, 9.96, 26.28
0, 7332525, -82422, -8306, -3128.06, 72.06, 10.28, 10.76, 29.41
0, 7342920, -81586, -8222, -3126.44, 71.87, 9.54, 10.76, 32.63
0, 7349707, -81019, -8164, -3122.25, 71.37, 9.54, 9.61, 34.71
0, 7355414, -80562, -8117, -3116.31, 71.37, 9.43, 9.63, 36.44
0, 7361497, -80049, -8062, -3116.31, 70.69, 9.32, 9.63, 38.28
0, 7369137, -79348, -7971, -3109.63, 70.00, 9.45, 9.69, 40.56
0, 7378549, -78349, -7857, -3102.75, 69.19, 9.24, 10.06, 43.34
0, 7387561, -77248, -7744, -3095.69, 68.19, 9.24, 9.78, 45.97
0, 7396445, -75940, -7610, -3087.63, 68.19, 8.97, 9.85, 48.52
0, 7402153, -75025, -7520, -3087.63, 67.06, 8.63, 9.85, 50.13
0, 7408121, -74015, -7423, -3078.06, 65.87, 8.63, 10.10, 51.80
0, 7413824, -73018, -7341, -3078.06, 65.87, 8.93, 9.61, 53.38
0, 7422983, -71494, -7212, -3066.63, 64.44, 9.32, 9.90, 55.88
0, 7432808, -69890, -7055, -3053.19, 62.94, 10.60, 9.91, 58.50
0, 7442762, -68129, -6894, -3038.50, 61.63, 10.40, 9.91, 61.09
0, 7449665, -66797, -6770, -3023.94, 60.25, 10.40, 9.29, 62.86
0, 7455435, -65611, -6652, -3009.31, 60.25, 10.11, 9.29, 64.31
0, 7461465, -64236, -6519, -3009.31, 58.81, 10.73, 9.98, 65.80
0, 7468508, -62434, -6341, -2993.13, 57.19, 11.89, 10.05, 67.51
0, 7478397, -59844, -6045, -2974.88, 55.31, 12.95, 11.06, 69.84
0, 7488359, -57225, -5739, -2954.31, 53.13, 13.69, 10.25, 72.13
0, 7497568, -54480, -5449, -2932.69, 53.13, 13.69, 8.79, 74.17
0, 7503491, -52632, -5273, -2932.69, 50.44, 12.57, 8.79, 75.45
0, 7509378, -50753, -5106, -2910.94, 47.75, 12.57, 9.92, 76.69
0, 7515285, -48899, -4924, -2889.06, 47.75, 12.05, 10.78, 77.91
0, 7524885, -45974, -4651, -2867.38, 44.94, 10.25, 9.08, 79.83
0, 7533819, -42964, -4356, -2867.38, 42.31, 6.98, 10.97, 81.55
0, 7543286, -39760, -4021, -2846.25, 39.75, 5.68, 10.97, 83.29
0, 7549960, -37408, -3788, -2825.81, 37.00, 5.68, 9.74, 84.47
0, 7556069, -35215, -3593, -2806.25, 37.00, 2.93, 9.74, 85.52
0, 7562076, -33178, -3399, -2806.25, 33.88, 4.97, 7.72, 86.52
0, 7570128, -30530, -3144, -2787.38, 30.69, 8.43, 10.05, 87.80
0, 7579288, -27323, -2828, -2769.19, 27.75, 12.15, 8.59, 89.19
0, 7588103, -24137, -2515, -2751.25, 24.81, 13.51, 9.79, 90.45
0, 7596968, -21155, -2167, -2733.44, 24.81, 13.51, 9.79, 91.64
0, 7602681, -19056, -1957, -2733.44, 21.75, 17.57, 10.10, 92.37
0, 7609116, -16710, -1675, -2715.75, 18.50, 17.57, 8.55, 93.15
0, 7614822, -14632, -1491, -2697.81, 18.50, 15.89, 9.90, 93.81
0, 7623779, -11394, -1184, -2697.81, 15.06, 17.47, 10.46, 94.78
0, 7633916, -7709, -839, -2679.38, 11.44, 13.00, 9.97, 95.78
0, 7643052, -4386, -499, -2660.44, 8.44, 9.12, 9.97, 96.59
0, 7649824, -1897, -245, -2640.63, 5.50, 9.12, 11.84, 97.14
0, 7656009, 307, -54, -2619.88, 5.50, 7.31, 11.84, 97.60
0, 7661720, 2389, 144, -2619.88, 2.31, 2.31, 8.47, 97.99
0, 7668636, 4933, 389, -2598.25, -1.12, 5.22, 10.99, 98.41
0, 7678061, 8361, 731, -2575.88, -4.12, 10.22, 8.80, 98.91
0, 7687335, 11730, 1037, -2553.25, -7.37, 10.22, 10.13, 99.31
0, 7696350, 14975, 1401, -2530.69, -7.37, 11.31, 10.13, 99.61
0, 7702300, 17193, 1626, -2530.69, -10.75, 16.12, 9.67, 99.76
0, 7708261, 19343, 1866, -2508.50, -10.75, 16.12, 8.37, 99.88
0, 7714201, 21474, 2072, -2508.50, -13.94, 15.87, 8.37, 99.95
0, 7722837, 24629, 2381, -2487.13, -17.37, 17.27, 8.66, 100.00
0, 7732603, 28217, 2738, -2466.50, -20.87, 17.36, 11.13, 99.96
0, 7741876, 31620, 3061, -2446.88, -23.94, 11.30, 6.99, 99.82
0, 7748784, 34113, 3330, -2427.94, -23.94, 11.30, 10.32, 99.66
0, 7754748, 36273, 3547, -2409.69, -27.12, 8.12, 10.32, 99.48
0, 7760457, 38426, 3732, -2409.69, -30.31, 4.30, 8.46, 99.28
0, 7767138, 40765, 3944, -2391.88, -33.69, 4.30, 9.32, 98.99
0, 7776167, 44113, 4277, -2374.31, -33.69, 1.93, 10.04, 98.54
0, 7785792, 47643, 4628, -2356.75, -36.69, 5.20, 8.01, 97.95
0, 7795823, 51254, 5017, -2338.94, -39.75, 7.58, 8.01, 97.24
0, 7801532, 53335, 5215, -2338.94, -43.19, 13.41, 9.54, 96.79
0, 7807248, 55438, 5452, -2320.69, -43.19, 13.41, 9.54, 96.31
0, 7813142, 57609, 5655, -2320.69, -46.63, 15.42, 9.62, 95.78
0, 7819796, 60072, 5901, -2301.69, -50.19, 17.21, 8.83, 95.13
0, 7828964, 63412, 6226, -2281.81, -53.63, 17.24, 11.21, 94.17
0, 7838701, 67009, 6587, -2261.00, -56.75, 16.47, 11.32, 93.06
0, 7847997, 70427, 6931, -2239.38, -56.75, 16.47, 11.32, 91.91
0, 7853713, 72522, 7133, -2239.38, -59.88, 14.11, 11.75, 91.16
0, 7859609, 74693, 7326, -2217.13, -63.25, 14.11, 10.59, 90.35
0, 7865568, 76868, 7533, -2194.56, -63.25, 9.41, 11.57, 89.50
0, 7874940, 80313, 7872, -2171.94, -66.50, 5.38, 11.57, 88.10
0, 7883694, 83549, 8179, -2171.94, -69.50, 5.23, 8.75, 86.72
0, 7893352, 87043, 8574, -2149.69, -72.62, 5.24, 8.91, 85.11
0, 7900001, 89514, 8821, -2128.13, -75.94, 5.24, 7.62, 83.95
0, 7905711, 91564, 9046, -2107.44, -75.94, 8.59, 7.62, 82.93
0, 7911423, 93679, 9252, -2107.44, -79.44, 13.61, 10.68, 81.88
0, 7917324, 95855, 9457, -2087.69, -79.44, 13.61, 10.49, 80.76
0, 7926340, 99108, 9756, -2068.69, -83.00, 15.37, 9.96, 79.00
0, 7936185, 102552, 10126, -2050.38, -86.50, 17.16, 10.69, 76.99
0, 7946870, 106061, 10503, -2032.56, -89.69, 16.26, 10.69, 74.73
0, 7952920, 108005, 10692, -2032.56, -92.75, 14.59, 10.11, 73.40
0, 7958878, 109900, 10854, -2014.94, -92.75, 14.59, 9.40, 72.07
0, 7964749, 111658, 11012, -1997.13, -96.06, 11.22, 9.40, 70.74
0, 7973714, 114123, 11244, -1997.13, -99.06, 9.75, 10.36, 68.64
0, 7983269, 116776, 11500, -1979.00, -101.75, 5.95, 9.71, 66.35
0, 7992010, 119286, 11747, -1960.44, -104.12, 7.00, 8.85, 64.20
0, 7998846, 121180, 11930, -1941.25, -104.12, 7.00, 8.85, 62.47
0, 8004557, 122634, 12125, -1921.44, -106.37, 5.56, 8.14, 61.01
0, 8011705, 124431, 12317, -1921.44, -108.87, 5.67, 10.23, 59.15
0, 8019254, 126331, 12509, -1900.88, -111.37, 9.21, 10.91, 57.16
0, 8029797, 128926, 12787, -1879.81, -114.19, 9.34, 10.08, 54.31
0, 8040071, 131469, 13024, -1858.38, -116.62, 11.13, 9.93, 51.47
0, 8049964, 133650, 13233, -1836.81, -116.62, 11.13, 9.82, 48.68
0, 8057591, 135163, 13366, -1815.19, -119.06, 12.41, 9.82, 46.50
0, 8064763, 136495, 13490, -1793.81, -121.19, 12.71, 10.81, 44.42
0, 8075042, 138138, 13661, -1773.63, -123.12, 11.80, 10.14, 41.40
0, 8085185, 139512, 13811, -1755.75, -124.75, 11.42, 10.07, 38.37
0, 8095616, 140763, 13951, -1740.63, -126.25, 10.72, 9.45, 35.22
0, 8102706, 141505, 14030, -1740.63, -127.56, 10.39, 9.80, 33.05
0, 8109908, 142126, 14098, -1727.94, -127.56, 10.39, 9.79, 30.83
0, 8117400, 142676, 14155, -1717.06, -128.87, 9.67, 10.17, 28.50
0, 8128116, 143362, 14225, -1707.69, -130.69, 9.22, 9.73, 25.14
0, 8138260, 143908, 14280, -1700.38, -131.31, 9.46, 9.92, 21.93
0, 8148465, 144298, 14319, -1694.38, -131.31, 9.46, 9.92, 18.68
0, 8155693, 144434, 14330, -1689.25, -131.81, 8.99, 9.80, 16.37
0, 8162643, 144440, 14333, -1689.25, -132.12, 8.57, 9.90, 14.13
0, 8170292, 144437, 14334, -1685.13, -132.25, 8.31, 9.75, 11.66
0, 8180271, 144429, 14335, -1682.56, -132.31, 9.40, 9.82, 8.43
0, 8188721, 144414, 14342, -1681.94, -132.31, 9.29, 9.57, 5.69
0, 8197678, 144398, 14345, -1682.00, -132.31, 9.29, 9.57, 2.78
0, 8203385, 144384, 14346, -1682.00, -132.37, 9.38, 9.68, 0.92
0, 8209092, 144364, 14347, -1682.06, -132.37, 9.38, 9.68, -0.93
0, 8216078, 144335, 14348, -1682.19, -132.44, 9.45, 9.87, -3.21
0, 8225875, 144281, 14349, -1682.38, -132.44, 9.31, 9.69, -6.39
0, 8235253, 144201, 14350, -1682.69, -132.44, 9.27, 9.66, -9.43
0, 8243906, 144081, 14351, -1682.69, -132.50, 9.32, 9.67, -12.23
0, 8251330, 143985, 14353, -1683.06, -132.50, 9.22, 9.60, -14.63
0, 8257973, 143950, 14354, -1683.63, -132.50, 9.22, 9.60, -16.76
0, 8264447, 143929, 14355, -1684.63, -132.50, 9.68, 9.70, -18.83
0, 8271082, 143909, 14357, -1684.63, -132.56, 9.56, 9.66, -20.95
0, 8279358, 143890, 14358, -1685.69, -132.56, 9.43, 9.68, -23.58
0, 8288575, 143874, 14360, -1686.13, -132.56, 9.42, 9.63, -26.48
0, 8298018, 143857, 14364, -1686.38, -132.56, 9.42, 9.63, -29.43
0, 8304062, 143847, 14365, -1686.38, -132.62, 9.34, 9.64, -31.30
0, 8310251, 143839, 14366, -1686.56, -132.62, 9.34, 9.70, -33.21
0, 8316287, 143832, 14366, -1686.75, -132.69, 9.28, 9.70, -35.06
0, 8324100, 143761, 14361, -1686.75, -132.69, 9.36, 9.71, -37.43
0, 8331306, 143240, 14305, -1686.88, -132.69, 9.35, 9.61, -39.59
0, 8340199, 142225, 14216, -1687.00, -132.50, 6.80, 10.98, -42.23
0, 8350286, 140807, 14111, -1687.38, -132.50, 6.80, 9.82, -45.18
0, 8357614, 139699, 14027, -1692.25, -131.69, 9.22, 9.82, -47.30
0, 8364695, 138564, 13914, -1702.06, -130.75, 10.31, 9.51, -49.31
0, 8373309, 137162, 13768, -1702.06, -129.75, 10.57, 9.97, -51.73
0, 8381924, 135642, 13613, -1714.19, -128.37, 11.02, 10.07, -54.11
0, 8390698, 133807, 13423, -1727.63, -126.75, 11.67, 9.28, -56.49
0, 8400336, 131600, 13185, -1742.00, -126.75, 11.67, 9.28, -59.05
0, 8407742, 129821, 13007, -1757.75, -125.12, 13.44, 9.84, -60.98
0, 8414914, 128058, 12846, -1776.88, -122.94, 12.13, 9.39, -62.81
0, 8422891, 126148, 12661, -1776.88, -120.75, 11.30, 10.13, -64.81
0, 8431224, 124047, 12456, -1797.75, -118.69, 9.70, 9.49, -66.85
0, 8440147, 121462, 12196, -1819.13, -116.56, 11.03, 9.92, -68.98
0, 8449888, 118457, 11897, -1840.69, -116.56, 11.03, 9.92, -71.24
0, 8456774, 116349, 11676, -1862.31, -114.19, 6.98, 10.36, -72.79
0, 8463300, 114456, 11413, -1862.31, -111.31, 5.64, 8.95, -74.23
0, 8469886, 112561, 11190, -1883.88, -108.50, 4.58, 10.78, -75.65
0, 8478952, 109892, 10930, -1904.94, -105.12, 6.48, 6.53, -77.55
0, 8488619, 106901, 10680, -1925.31, -105.12, 8.90, 9.62, -79.50
0, 8498413, 103629, 10409, -1945.06, -102.44, 8.90, 9.62, -81.39
0, 8504419, 101547, 10205, -1945.06, -100.12, 10.04, 10.39, -82.51
0, 8510537, 99339, 9989, -1964.13, -100.12, 10.04, 10.39, -83.62
0, 8516539, 97106, 9758, -1982.63, -97.56, 11.68, 11.34, -84.67
0, 8524682, 94107, 9431, -2000.50, -94.75, 17.27, 9.77, -86.05
0, 8532012, 91440, 9189, -2000.50, -91.44, 17.20, 9.34, -87.24
0, 8539678, 88659, 8912, -2018.13, -87.94, 16.80, 10.62, -88.43
0, 8549987, 84819, 8542, -2035.63, -87.94, 16.80, 10.62, -89.95
0, 8556985, 82277, 8289, -2053.50, -84.81, 14.18, 8.17, -90.92
0, 8562698, 80172, 8075, -2053.50, -81.56, 12.24, 9.95, -91.68
0, 8568702, 78022, 7802, -2071.94, -81.56, 6.52, 7.62, -92.44
0, 8578094, 74584, 7416, -2091.06, -78.19, 6.52, 8.03, -93.57
0, 8586928, 71366, 7164, -2110.94, -74.56, 5.71, 8.03, -94.54
0, 8596521, 67855, 6824, -2131.75, -70.62, 4.90, 9.03, -95.51
0, 8602233, 65724, 6642, -2131.75, -70.62, 6.66, 9.91, -96.05
0, 8608448, 63450, 6421, -2153.38, -67.69, 6.66, 9.91, -96.59
0, 8614156, 61375, 6208, -2153.38, -64.75, 9.80, 6.53, -97.05
0, 8620349, 59079, 5954, -2175.69, -61.75, 16.62, 10.70, -97.52
0, 8628884, 55973, 5653, -2198.25, -61.75, 18.38, 9.69, -98.10
0, 8638461, 52495, 5307, -2220.81, -58.44, 18.04, 9.72, -98.65
0, 8647370, 49226, 5002, -2242.94, -55.13, 18.04, 9.72, -99.09
0, 8653080, 47084, 4771, -2242.94, -52.06, 17.09, 11.09, -99.32
0, 8658953, 44973, 4590, -2264.38, -52.06, 17.09, 11.09, -99.52
0, 8664699, 42929, 4348, -2264.38, -48.81, 15.57, 9.09, -99.69
0, 8672101, 40226, 4018, -2285.00, -45.50, 13.73, 9.68, -99.85
0, 8679995, 37351, 3709, -2304.63, -45.50, 6.32, 9.12, -99.96
0, 8688898, 34129, 3446, -2323.56, -41.94, 2.65, 8.76, -100.00
0, 8698810, 30505, 3134, -2341.81, -38.00, 2.65, 8.76, -99.95
0, 8704518, 28386, 2921, -2341.81, -34.94, 4.86, 11.39, -99.87
0, 8710628, 26087, 2711, -2359.63, -34.94, 4.86, 11.39, -99.75
0, 8716763, 23889, 2471, -2377.25, -32.06, 7.28, 8.32, -99.59
0, 8724497, 21064, 2172, -2394.88, -28.94, 11.19, 9.82, -99.33
0, 8732739, 18103, 1904, -2394.88, -25.69, 15.62, 9.21, -98.99
0, 8740394, 15281, 1628, -2412.75, -25.69, 18.78, 11.87, -98.60
0, 8749524, 11912, 1306, -2431.13, -22.25, 18.78, 11.87, -98.06
0, 8755318, 9817, 1080, -2431.13, -19.25, 17.22, 10.79, -97.68
0, 8761038, 7712, 880, -2450.19, -19.25, 15.91, 10.79, -97.26
0, 8767243, 5493, 605, -2470.06, -16.06, 15.91, 8.69, -96.77
0, 8777031, 1895, 221, -2490.75, -12.81, 14.77, 8.83, -95.92
0, 8786546, -1517, -63, -2512.31, -9.25, 11.02, 8.70, -95.00
0, 8794382, -4331, -333, -2512.31, -5.50, 3.79, 10.99, -94.17
0, 8801256, -6850, -571, -2534.50, -5.50, 3.04, 10.99, -93.39
0, 8807298, -9099, -812, -2557.19, -2.44, 3.04, 8.26, -92.67
0, 8813007, -11229, -1002, -2557.19, -2.44, 2.90, 9.28, -91.96
0, 8819003, -13394, -1242, -2579.75, 0.50, 6.13, 8.96, -91.18
0, 8827895, -16644, -1562, -2601.94, 3.75, 6.13, 8.96, -89.95
0, 8837358, -20101, -1894, -2623.44, 7.12, 12.01, 9.21, -88.56
0, 8847600, -23872, -2255, -2644.06, 10.56, 13.25, 10.62, -86.97
0, 8853902, -26161, -2492, -2644.06, 10.56, 14.89, 10.80, -85.93
0, 8860302, -28291, -2697, -2663.75, 13.56, 14.89, 10.80, -84.85
0, 8866547, -30292, -2979, -2682.63, 16.69, 16.74, 9.46, -83.76
0, 8874944, -32961, -3266, -2700.94, 19.94, 14.87, 9.90, -82.23
0, 8883580, -35669, -3538, -2700.94, 23.25, 13.52, 7.79, -80.60
0, 8892936, -38599, -3779, -2718.94, 26.69, 8.90, 9.48, -78.76
0, 8901018, -41046, -4007, -2736.88, 26.69, 8.90, 9.48, -77.12
0, 8906963, -42794, -4129, -2754.88, 29.37, 8.01, 9.25, -75.87
0, 8912674, -44454, -4311, -2754.88, 29.37, 4.83, 10.05, -74.65
0, 8918810, -46283, -4519, -2773.00, 31.94, 5.08, 10.05, -73.30
0, 8927966, -49065, -4805, -2791.63, 34.19, 5.08, 8.52, -71.25
0, 8937561, -51925, -5094, -2810.75, 36.81, 5.70, 8.20, -69.02
0, 8947808, -54900, -5369, -2830.56, 39.63, 8.15, 11.00, -66.57
0, 8953632, -56479, -5533, -2830.56, 39.63, 9.44, 9.96, -65.14
0, 8959572, -58109, -5668, -2851.06, 42.50, 9.44, 9.96, -63.66
0, 8965277, -59727, -5830, -2872.25, 44.94, 11.86, 11.10, -62.22
0, 8973567, -62011, -6070, -2872.25, 47.31, 11.86, 8.92, -60.09
0, 8983118, -64212, -6285, -2893.88, 49.63, 14.07, 9.92, -57.57
0, 8992112, -66027, -6521, -2915.75, 52.19, 13.19, 10.44, -55.16
0, 9001769, -67752, -6737, -2937.56, 52.19, 11.38, 10.44, -52.51
0, 9008806, -68940, -6866, -2958.94, 54.25, 11.38, 7.10, -50.55
0, 9015842, -70111, -6975, -2978.94, 56.56, 10.46, 13.45, -48.56
0, 9025108, -71560, -7120, -2995.81, 58.44, 10.56, 10.03, -45.90
0, 9035131, -72982, -7225, -3011.25, 59.94, 9.60, 9.45, -42.98
0, 9043746, -74091, -7319, -3011.25, 61.31, 9.59, 10.74, -40.43
0, 9053018, -75184, -7427, -3025.75, 61.31, 9.64, 9.02, -37.65
0, 9058832, -75852, -7488, -3038.75, 62.38, 9.64, 9.02, -35.89
0, 9064544, -76447, -7540, -3050.50, 63.38, 9.70, 9.65, -34.15
0, 9071050, -77045, -7588, -3050.50, 63.38, 8.89, 9.68, -32.16
0, 9079957, -77767, -7645, -3060.88, 64.44, 9.11, 10.00, -29.40
0, 9090891, -78536, -7715, -3070.50, 65.31, 9.42, 9.88, -25.98
0, 9100342, -79066, -7768, -3078.75, 66.00, 9.42, 9.88, -23.00
0, 9106045, -79303, -7792, -3085.63, 66.62, 9.51, 9.90, -21.19
0, 9111948, -79478, -7809, -3085.63, 66.62, 9.38, 9.90, -19.31
0, 9117653, -79576, -7818, -3091.63, 67.19, 9.38, 10.28, -17.48
0, 9128032, -79610, -7822, -3096.38, 67.69, 9.70, 10.03, -14.15
0, 9138978, -79605, -7824, -3099.63, 67.94, 9.94, 10.06, -10.61
0, 9150175, -79595, -7827, -3101.13, 68.06, 9.94, 9.62, -6.98
0, 9156822, -79586, -7829, -3101.31, 68.06, 9.81, 9.60, -4.83
0, 9163648, -79574, -7832, -3101.31, 68.06, 9.90, 10.07, -2.61
0, 9171448, -79557, -7835, -3101.25, 68.06, 9.85, 9.98, -0.07
0, 9180418, -79525, -7838, -3101.19, 68.12, 9.90, 9.74, 2.85
0, 9189971, -79451, -7840, -3101.06, 68.19, 9.81, 9.63, 5.96
0, 9199766, -79242, -7840, -3100.88, 68.19, 9.81, 9.63, 9.13
0, 9205473, -79069, -7840, -3101.63, 68.19, 9.81, 9.88, 10.98
0, 9211182, -78872, -7859, -3101.63, 68.25, 9.81, 9.88, 12.83
0, 9217074, -78838, -7884, -3102.00, 68.25, 9.69, 9.80, 14.73
0, 9222932, -78839, -7883, -3102.00, 68.25, 9.63, 9.10, 16.61
0, 9232113, -78836, -7883, -3100.31, 68.25, 9.53, 10.57, 19.55
0, 9241391, -78826, -7887, -3097.75, 68.56, 10.30, 9.42, 22.50
0, 9250332, -78817, -7890, -3096.94, 68.69, 10.30, 9.42, 25.32
0, 9256038, -78809, -7892, -3096.88, 68.75, 9.57, 10.10, 27.11
0, 9261742, -78789, -7891, -3096.88, 68.75, 10.12, 10.10, 28.90
0, 9268926, -78573, -7878, -3096.81, 68.75, 9.53, 9.61, 31.13
0, 9278638, -78014, -7817, -3096.75, 68.81, 9.36, 9.81, 34.11
0, 9288171, -77259, -7741, -3096.56, 68.81, 9.36, 9.85, 37.01
0, 9297201, -76332, -7648, -3094.44, 68.50, 8.91, 10.13, 39.73
0, 9303494, -75590, -7572, -3094.44, 68.50, 8.70, 10.13, 41.60
0, 9309432, -74856, -7501, -3089.56, 67.62, 8.70, 9.77, 43.35
0, 9315139, -74097, -7430, -3082.75, 67.62, 9.03, 9.85, 45.01
0, 9321047, -73272, -7361, -3082.75, 66.75, 9.58, 9.85, 46.72
0, 9330056, -72046, -7259, -3073.88, 65.75, 10.02, 9.85, 49.29
0, 9339935, -70701, -7136, -3063.56, 64.62, 10.43, 9.71, 52.06
0, 9349811, -69302, -6998, -3052.13, 63.56, 10.43, 9.89, 54.78
0, 9355529, -68422, -6921, -3040.31, 63.56, 9.80, 9.23, 56.33
0, 9361449, -67435, -6829, -3040.31, 62.38, 10.09, 9.23, 57.91
0, 9367331, -66397, -6730, -3028.44, 61.19, 10.09, 9.37, 59.46
0, 9376550, -64586, -6554, -3015.94, 59.81, 10.35, 10.24, 61.84
0, 9386437, -62270, -6325, -3001.75, 58.19, 10.91, 10.28, 64.34
0, 9396222, -59873, -6048, -2985.56, 56.31, 11.26, 10.65, 66.74
0, 9403268, -58167, -5834, -2985.56, 56.31, 12.95, 10.65, 68.43
0, 9409090, -56601, -5673, -2964.81, 54.13, 12.95, 10.71, 69.80
0, 9414802, -54960, -5503, -2943.63, 54.13, 12.56, 8.37, 71.12
0, 9420754, -53215, -5325, -2943.63, 51.44, 13.44, 8.37, 72.47
0, 9430180, -50353, -5063, -2922.06, 48.88, 12.56, 9.58, 74.55
0, 9439981, -47500, -4790, -2900.38, 46.19, 8.98, 10.64, 76.64
0, 9450096, -44360, -4499, -3238.56, 43.75, 8.98, 10.54, 78.71
0, 9455806, -42493, -4307, -3217.25, 43.75, 7.06, 11.01, 79.84
0, 9461772, -40531, -4098, -3217.25, 41.31, 7.90, 11.01, 80.99
0, 9467486, -38592, -3899, -3196.56, 38.63, 7.90, 9.87, 82.07
0, 9476618, -35398, -3610, -3176.56, 35.50, 3.39, 7.76, 83.73
0, 9486525, -32172, -3307, -3157.38, 32.44, 4.67, 10.04, 85.45
0, 9496416, -28996, -2993, -3138.75, 29.56, 9.53, 8.20, 87.08
0, 9503186, -26628, -2763, -3138.75, 29.56, 11.95, 8.20, 88.14
0, 9509069, -24526, -2561, -3120.50, 26.75, 11.95, 10.12, 89.03
0, 9514826, -22626, -2329, -3120.50, 26.75, 13.74, 10.12, 89.87
0, 9520872, -20606, -2097, -3102.56, 23.75, 16.74, 10.09, 90.71
0, 9530410, -17106, -1707, -3084.88, 20.56, 15.94, 8.34, 91.97
0, 9540304, -13500, -1392, -3066.94, 17.19, 17.53, 10.23, 93.19
0, 9551563, -9433, -1015, -3048.75, 13.56, 17.53, 8.54, 94.46
0, 9557428, -7275, -796, -3030.13, 10.56, 13.01, 11.17, 95.06
0, 9563135, -5213, -588, -3030.13, 10.56, 8.71, 11.17, 95.62
0, 9569096, -3043, -357, -3010.69, 7.56, 7.32, 11.37, 96.17
0, 9578528, 407, -44, -2990.38, 4.44, 7.32, 7.51, 96.97
0, 9587669, 3753, 287, -2969.19, 1.00, 2.27, 8.69, 97.65
0, 9597318, 7332, 641, -2947.19, -2.06, 5.79, 9.81, 98.28
0, 9604237, 9898, 890, -2947.19, -2.06, 9.80, 9.81, 98.67
0, 9610170, 11968, 1062, -2924.75, -5.31, 9.80, 9.82, 98.97
0, 9615883, 14047, 1310, -2902.13, -5.31, 10.90, 10.02, 99.22
0, 9621586, 16090, 1532, -2902.13, -8.69, 16.16, 10.02, 99.43
0, 9630982, 19559, 1886, -3239.81, -11.88, 18.02, 9.71, 99.71
0, 9640704, 23150, 2236, -3218.06, -15.31, 17.21, 9.04, 99.90
0, 9651067, 26913, 2611, -3197.06, -18.75, 17.21, 9.98, 99.99
0, 9656960, 29082, 2806, -3176.94, -18.75, 17.64, 9.87, 100.00
0, 9662906, 31185, 3025, -3176.94, -21.81, 14.42, 9.87, 99.96
0, 9668912, 33387, 3273, -3157.63, -25.00, 14.42, 10.76, 99.89
0, 9678004, 36688, 3573, -3139.00, -28.19, 7.54, 9.01, 99.70
0, 9687727, 40201, 3898, -3120.94, -31.56, 5.00, 10.30, 99.41
0, 9697554, 43852, 4252, -3103.31, -34.56, 2.54, 9.21, 99.01
0, 9704579, 46422, 4499, -3103.31, -34.56, 3.15, 9.21, 98.67
0, 9710496, 48537, 4711, -3085.75, -37.63, 3.15, 9.61, 98.34
0, 9716204, 50659, 4968, -3068.00, -37.63, 8.00, 10.47, 97.98
0, 9722743, 52995, 5185, -3068.00, -41.13, 13.58, 10.41, 97.54
0, 9732465, 56641, 5561, -3049.94, -44.63, 14.07, 8.15, 96.79
0, 9742083, 60150, 5909, -3031.25, -48.13, 17.61, 8.15, 95.95
0, 9751668, 63629, 6249, -3011.75, -51.56, 17.61, 11.09, 95.03
0, 9757530, 65814, 6483, -2991.44, -51.56, 17.69, 10.16, 94.42
0, 9763493, 68018, 6696, -2991.44, -54.63, 15.92, 10.16, 93.76
0, 9769422, 70170, 6904, -2970.25, -57.75, 13.62, 6.63, 93.07
0, 9778542, 73550, 7210, -2948.38, -61.13, 13.62, 8.51, 91.95
0, 9788065, 77020, 7545, -2926.00, -64.37, 8.68, 10.47, 90.69
0, 9798146, 80721, 7910, -2903.38, -67.37, 5.10, 8.52, 89.25
0, 9805161, 83286, 8153, -2880.94, -67.37, 5.10, 8.52, 88.20
0, 9811064, 85443, 8396, -2880.94, -70.50, 5.10, 8.02, 87.28
0, 9816967, 87576, 8626, -3219.06, -70.50, 5.94, 9.16, 86.33
0, 9823773, 90093, 8879, -3219.06, -73.81, 8.86, 10.53, 85.19
0, 9833715, 93738, 9259, -3198.00, -77.37, 10.73, 9.57, 83.45
0, 9843620, 97378, 9603, -3177.75, -81.00, 15.55, 10.30, 81.63
0, 9852829, 100766, 9929, -3158.38, -84.50, 16.95, 10.30, 79.86
0, 9860084, 103322, 10218, -3139.75, -87.62, 16.95, 10.61, 78.42
0, 9867282, 105750, 10469, -3121.75, -87.62, 16.07, 7.37, 76.95
0, 9876256, 108705, 10759, -3104.00, -90.75, 16.93, 9.81, 75.05
0, 9886656, 111968, 11044, -3086.13, -97.25, 11.49, 9.73, 72.77
0, 9897116, 114953, 11319, -3068.13, -97.25, 8.71, 10.17, 70.39
0, 9905839, 117480, 11570, -3049.75, -99.87, 6.09, 10.17, 68.35
0, 9912920, 119570, 11773, -3049.75, -102.31, 6.39, 10.45, 66.65
0, 9920340, 121633, 11989, -3030.81, -104.75, 4.95, 7.97, 64.83
0, 9930890, 124364, 12310, -3011.31, -107.31, 6.84, 10.28, 62.18
0, 9942193, 127294, 12622, -2991.06, -110.00, 8.70, 8.67, 59.25
0, 9952947, 130049, 12894, -2970.38, -112.81, 10.48, 9.79, 56.40
0, 9960297, 131880, 13065, -2949.19, -115.31, 10.48, 9.67, 54.41
0, 9967642, 133575, 13223, -2927.69, -115.31, 11.01, 10.22, 52.39
0, 9976946, 135549, 13400, -2906.06, -119.81, 11.99, 10.05, 49.79
0, 9987268, 137548, 13598, -2884.69, -121.69, 13.01, 9.86, 46.85
0, 9997616, 139140, 13769, -2864.38, -123.44, 11.71, 10.61, 43.84
0, 10006265, 140215, 13886, -2846.75, -123.44, 12.22, 10.61, 41.30
