********************************************************************************
Obsolete PIO Core v6.1.11 is used (previous was 6.1.14)
Please remove multiple PIO Cores from a system:
https://docs.platformio.org/en/latest/core/installation/troubleshooting.html
********************************************************************************
--- Terminal on /dev/cu.usbmodem14303 | 230400 8-N-1
--- Available filters and text transformations: colorize, debug, default, direct, hexlify, log2file, nocontrol, printable, send_on_enter, time
--- More details at https://bit.ly/pio-monitor-filters
--- Quit: Ctrl+C | Menu: Ctrl+T | Help: Ctrl+T followed by Ctrl+H
start
pain
Waiting for ODrive...
pin
found ODrive
DC voltage: 24.00
Enabling closed loop control...
ODrive running!
end time:10000000
0, 34, 1572864, -65536, 374.81, -1.06, 11.86, 4.15, 100.00
0, 9908, 3051, 218, 374.69, -1.12, 11.86, 5.23, 99.95
0, 15611, 5179, 421, 374.25, -1.12, 9.95, 5.23, 99.87
0, 21574, 7339, 644, 374.25, -1.37, 6.36, 3.71, 99.75
0, 27282, 9412, 851, 379.19, -4.19, 6.36, 8.76, 99.61
0, 34575, 12054, 1078, 379.19, -4.19, 12.81, 9.47, 99.37
0, 43780, 15182, 1425, 400.00, -7.50, 13.51, 10.37, 98.99
0, 53434, 18675, 1807, 420.44, -10.63, 15.04, 7.22, 98.49
0, 62480, 22013, 2126, 440.06, -13.88, 15.08, 7.22, 97.94
0, 68429, 24227, 2349, 459.00, -17.31, 15.08, 10.91, 97.53
0, 74129, 26313, 2541, 459.00, -17.31, 17.25, 10.91, 97.10
0, 80002, 28400, 2762, 477.37, -20.56, 12.60, 9.90, 96.63
0, 89736, 31959, 3106, 495.12, -23.75, 10.51, 8.56, 95.77
0, 99476, 35535, 3474, 512.69, -26.94, 7.85, 11.67, 94.81
0, 108957, 38998, 3780, 530.31, -30.25, 7.85, 9.73, 93.78
0, 115444, 41393, 4012, 548.12, -30.25, 5.87, 9.73, 93.03
0, 121375, 43525, 4225, 548.12, -33.44, 3.03, 8.24, 92.30
0, 127181, 45666, 4446, 566.44, -33.44, 3.03, 9.49, 91.56
0, 134773, 48448, 4707, 585.37, -36.50, 8.67, 9.51, 90.54
0, 143944, 51629, 5055, 585.37, -39.81, 10.78, 9.44, 89.23
0, 153534, 54874, 5395, 605.19, -43.25, 13.65, 9.01, 87.78
0, 162474, 58178, 5709, 625.81, -46.69, 15.27, 9.01, 86.35
0, 168359, 60273, 5916, 647.31, -49.75, 15.27, 8.68, 85.36
0, 174059, 62335, 6114, 647.31, -49.75, 16.07, 8.68, 84.38
0, 179933, 64447, 6340, 669.37, -53.00, 16.25, 10.59, 83.34
0, 188720, 67504, 6652, 691.94, -56.00, 16.25, 8.24, 81.73
0, 197950, 70599, 6957, 714.56, -59.31, 14.31, 9.60, 79.96
0, 207829, 73774, 7239, 736.75, -62.44, 12.43, 9.91, 77.99
0, 214598, 75938, 7453, 736.75, -62.44, 7.86, 9.91, 76.59
0, 220505, 77766, 7624, 758.25, -65.31, 7.86, 9.94, 75.34
0, 226415, 79558, 7802, 778.87, -65.31, 6.00, 9.12, 74.06
0, 233185, 81635, 8008, 778.87, -67.87, 3.46, 8.99, 72.57
0, 243245, 84799, 8315, 798.75, -70.56, 7.52, 9.50, 70.28
0, 253274, 87678, 8647, 817.94, -73.31, 8.41, 8.29, 67.92
0, 262871, 90356, 8912, 836.44, -76.25, 12.20, 8.29, 65.59
0, 268764, 91961, 9086, 854.56, -79.31, 12.20, 10.69, 64.13
0, 274465, 93518, 9241, 854.56, -79.31, 12.30, 10.69, 62.70
0, 280401, 95135, 9392, 872.56, -81.87, 12.36, 10.26, 61.18
0, 289703, 97522, 9624, 890.62, -84.44, 13.40, 9.85, 58.76
0, 298527, 99625, 9812, 908.94, -86.75, 13.40, 10.43, 56.41
0, 308293, 101770, 10048, 927.62, -88.81, 14.52, 10.48, 53.76
0, 315063, 103129, 10203, 946.87, -88.81, 10.89, 10.48, 51.89
0, 320778, 104230, 10319, 946.87, -90.81, 10.89, 9.61, 50.29
0, 326732, 105295, 10430, 966.62, -90.81, 10.95, 9.24, 48.61
0, 333489, 106442, 10546, 966.62, -92.87, 10.47, 10.37, 46.67
0, 343203, 108032, 10701, 986.00, -94.75, 9.70, 9.62, 43.86
0, 352872, 109509, 10830, 1004.00, -96.37, 9.11, 9.62, 41.01
0, 361681, 110655, 10930, 1020.50, -97.81, 9.11, 10.26, 38.38
0, 367390, 111266, 10984, 1036.31, -97.81, 7.90, 10.26, 36.65
0, 373097, 111778, 11035, 1036.31, -99.06, 7.79, 9.77, 34.92
0, 379004, 112253, 11081, 1051.13, -100.06, 7.79, 9.93, 33.11
0, 387235, 112834, 11132, 1063.75, -100.87, 7.95, 9.93, 30.57
0, 396179, 113351, 11178, 1073.44, -100.87, 9.07, 9.57, 27.79
0, 405581, 113769, 11215, 1081.13, -101.56, 8.78, 9.71, 24.84
0, 413484, 114063, 11243, 1081.13, -102.12, 9.08, 9.71, 22.34
0, 419188, 114221, 11258, 1087.38, -102.50, 9.08, 9.53, 20.53
0, 424992, 114315, 11266, 1092.19, -102.50, 9.43, 9.53, 18.67
0, 430781, 114334, 11269, 1092.19, -102.81, 9.04, 9.64, 16.82
0, 439627, 114333, 11269, 1095.88, -103.06, 9.08, 9.75, 13.98
0, 448797, 114330, 11270, 1098.38, -103.12, 9.64, 9.60, 11.02
0, 458541, 114320, 11272, 1099.06, -103.12, 9.64, 9.58, 7.86
0, 465463, 114309, 11274, 1099.06, -103.12, 9.59, 9.58, 5.61
0, 471165, 114300, 11274, 1099.06, -103.12, 9.59, 9.50, 3.76
0, 477254, 114288, 11275, 1099.00, -103.12, 9.59, 9.48, 1.78
0, 484748, 114271, 11276, 1098.88, -103.19, 9.67, 9.48, -0.66
0, 492254, 114246, 11277, 1098.88, -103.25, 9.61, 9.55, -3.10
0, 500113, 114211, 11278, 1098.75, -103.25, 9.59, 9.57, -5.66
0, 508930, 114110, 11278, 1098.56, -103.31, 9.59, 9.58, -8.52
0, 515730, 113962, 11279, 1098.31, -103.31, 9.47, 9.58, -10.72
0, 522446, 113824, 11285, 1098.31, -103.37, 9.12, 9.56, -12.89
0, 529422, 113811, 11286, 1096.31, -103.37, 9.51, 9.54, -15.14
0, 537437, 113799, 11286, 1095.00, -103.44, 9.51, 9.57, -17.71
0, 546650, 113780, 11288, 1093.00, -103.44, 10.68, 9.51, -20.65
0, 557194, 113766, 11291, 1092.63, -103.50, 9.57, 9.61, -24.00
0, 565171, 113754, 11293, 1092.44, -103.50, 9.69, 9.61, -26.51
0, 570881, 113746, 11295, 1092.44, -103.50, 9.69, 9.43, -28.30
0, 577031, 113738, 11297, 1092.25, -103.50, 9.56, 9.58, -30.21
0, 584296, 113490, 11290, 1092.25, -103.56, 9.71, 9.58, -32.46
0, 591523, 113019, 11235, 1092.13, -103.62, 7.89, 9.54, -34.67
0, 600077, 112291, 11165, 1092.00, -103.56, 8.43, 11.06, -37.27
0, 610512, 111278, 11068, 1090.69, -103.12, 8.48, 9.36, -40.40
0, 617374, 110537, 10996, 1085.00, -103.12, 8.48, 9.36, -42.43
0, 623083, 109859, 10941, 1085.00, -102.37, 8.63, 9.71, -44.10
0, 629025, 109128, 10884, 1076.81, -101.56, 8.63, 9.32, -45.83
0, 636844, 108098, 10806, 1067.31, -101.56, 8.99, 9.31, -48.08
0, 646596, 106648, 10669, 1056.44, -100.62, 8.97, 10.04, -50.83
0, 657329, 104844, 10515, 1044.44, -99.81, 8.69, 9.93, -53.81
0, 665154, 103371, 10401, 1044.44, -98.81, 9.31, 9.93, -55.94
0, 670910, 102268, 10298, 1031.19, -97.50, 9.31, 10.16, -57.48
0, 676811, 101167, 10187, 1016.12, -97.50, 9.25, 10.16, -59.04
0, 683776, 99871, 10047, 1016.12, -96.19, 9.92, 8.89, -60.86
0, 692927, 97986, 9872, 999.37, -94.69, 10.78, 10.37, -63.19
0, 701020, 96120, 9663, 981.75, -93.00, 11.59, 10.29, -65.21
0, 709889, 93942, 9431, 964.75, -91.31, 11.59, 9.48, -67.37
0, 716828, 92118, 9260, 947.00, -91.31, 12.77, 9.48, -69.02
0, 722538, 90599, 9115, 947.00, -89.12, 13.55, 8.55, -70.36
0, 728490, 88984, 8945, 927.94, -89.12, 13.55, 10.35, -71.72
0, 736554, 86587, 8731, 909.19, -86.81, 12.72, 8.39, -73.52
0, 746646, 83274, 8390, 890.75, -84.62, 12.15, 11.06, -75.71
0, 756879, 79876, 8056, 872.62, -82.19, 13.19, 9.73, -77.84
0, 765015, 77326, 7728, 854.75, -79.50, 6.72, 9.73, -79.48
0, 770957, 75448, 7520, 854.75, -76.50, 6.72, 10.84, -80.63
0, 776971, 73557, 7318, 836.87, -76.50, 5.57, 10.84, -81.78
0, 784205, 71324, 7165, 836.87, -73.19, 4.22, 9.35, -83.11
0, 793312, 68426, 6881, 818.44, -69.81, 7.32, 8.42, -84.72
0, 801185, 65688, 6648, 799.31, -67.12, 7.18, 9.83, -86.05
0, 810126, 62473, 6330, 779.50, -64.69, 7.18, 10.75, -87.50
0, 817237, 59860, 6050, 779.50, -64.69, 7.18, 10.75, -88.60
0, 822943, 57773, 5830, 758.94, -62.00, 13.10, 9.42, -89.44
0, 828876, 55598, 5632, 737.50, -62.00, 13.10, 10.18, -90.29
0, 836768, 52745, 5341, 715.31, -58.88, 16.67, 9.49, -91.36
0, 846800, 49048, 4992, 692.69, -55.44, 17.00, 10.13, -92.64
0, 856871, 45370, 4629, 670.06, -52.31, 15.78, 10.13, -93.82
0, 865232, 42316, 4287, 670.06, -49.13, 13.57, 8.89, -94.73
0, 870966, 40192, 4021, 647.75, -49.13, 13.57, 8.02, -95.31
0, 877049, 37966, 3803, 626.25, -45.81, 11.98, 8.02, -95.89
0, 884228, 35408, 3587, 626.25, -42.44, 7.10, 10.79, -96.53
0, 891555, 32810, 3334, 605.69, -38.44, 4.31, 9.16, -97.12
0, 899816, 29778, 3078, 585.87, -35.00, 3.69, 10.17, -97.73
0, 909138, 26318, 2733, 566.87, -35.00, 3.69, 11.15, -98.33
0, 917044, 23427, 2428, 548.50, -32.25, 7.82, 11.15, -98.76
0, 922756, 21331, 2199, 548.50, -29.25, 11.16, 8.78, -99.04
0, 928878, 19072, 2003, 530.69, -29.25, 11.16, 8.64, -99.29
0, 936833, 16157, 1710, 513.06, -26.00, 16.00, 9.20, -99.57
0, 946485, 12628, 1383, 495.50, -22.56, 17.60, 9.20, -99.81
0, 955092, 9502, 1061, 477.69, -19.44, 16.94, 9.28, -99.94
0, 963009, 6609, 749, 477.69, -16.31, 15.63, 10.29, -100.00
0, 969215, 4363, 489, 459.44, -16.31, 15.63, 10.29, -99.99
0, 975162, 2201, 261, 440.50, -13.13, 14.89, 8.77, -99.95
0, 981471, -127, 49, 440.50, -9.81, 11.91, 9.53, -99.86
0, 989072, -2923, -201, 420.75, -6.00, 3.04, 11.37, -99.70
0, 997586, -6022, -470, 400.00, -6.00, 3.04, 7.15, -99.45
0, 1007382, -9579, -860, 378.44, -2.56, 3.14, 7.15, -99.07
0, 1015853, -12669, -1180, 356.19, 0.37, 2.57, 7.60, -98.66
0, 1021559, -14819, -1400, 356.19, 3.37, 2.57, 10.59, -98.34
0, 1027472, -16879, -1576, 333.56, 3.37, 7.88, 10.59, -97.97
0, 1034372, -19398, -1818, 333.56, 6.81, 13.24, 8.44, -97.49
0, 1041686, -22119, -2066, 310.94, 10.25, 13.59, 9.64, -96.94
0, 1049478, -24928, -2353, 288.75, 13.25, 15.63, 10.22, -96.28
0, 1058270, -27937, -2647, 267.25, 13.25, 15.63, 8.81, -95.47
0, 1066237, -30720, -3024, 246.62, 16.31, 14.69, 8.81, -94.67
0, 1071958, -32770, -3224, 246.62, 16.31, 15.67, 10.61, -94.05
0, 1077746, -34852, -3451, 226.81, 19.44, 15.67, 10.61, -93.40
0, 1085820, -37775, -3682, 207.69, 22.56, 13.99, 5.56, -92.42
0, 1093950, -40693, -3969, 207.69, 26.50, 14.27, 10.90, -91.38
0, 1101520, -43415, -4174, 189.25, 29.37, 5.53, 6.82, -90.35
0, 1109553, -46329, -4512, 171.37, 29.37, 5.53, 10.79, -89.20
0, 1117511, -49225, -4811, 153.75, 32.19, 3.64, 10.79, -88.00
0, 1123212, -51341, -5034, 153.75, 35.50, 3.99, 10.61, -87.11
0, 1129258, -53542, -5234, 136.19, 35.50, 3.99, 10.03, -86.12
0, 1137142, -56406, -5516, 118.37, 38.94, 8.49, 10.03, -84.79
0, 1145883, -59655, -5807, 100.12, 42.19, 11.65, 10.13, -83.25
0, 1153992, -62622, -6125, 100.12, 45.25, 13.63, 8.50, -81.76
0, 1161747, -65157, -6380, 81.19, 48.44, 16.08, 8.70, -80.28
0, 1168768, -67260, -6679, 61.31, 48.44, 16.08, 8.70, -78.90
0, 1174475, -68917, -6848, 61.31, 51.69, 15.68, 11.60, -77.74
0, 1180552, -70682, -7020, 40.63, 55.06, 14.16, 5.69, -76.48
0, 1188381, -72936, -7210, 19.19, 55.06, 14.16, 8.60, -74.82
0, 1197384, -75415, -7434, -2.56, 57.81, 13.12, 8.60, -72.84
0, 1206448, -77892, -7647, -24.56, 60.19, 10.58, 10.91, -70.79
0, 1213854, -79851, -7836, -24.56, 62.38, 9.04, 9.28, -69.07
0, 1220140, -81438, -8001, -46.50, 62.38, 9.04, 9.28, -67.57
0, 1226024, -82934, -8141, -68.19, 64.56, 7.80, 10.69, -66.15
0, 1232325, -84532, -8313, -68.19, 66.87, 6.31, 10.71, -64.60
0, 1239419, -86252, -8504, -89.31, 69.19, 6.69, 8.50, -62.82
0, 1248460, -88356, -8725, -109.87, 69.19, 7.97, 11.03, -60.50
0, 1257674, -90358, -8915, -129.75, 71.62, 7.97, 11.03, -58.09
0, 1265410, -91874, -9065, -129.75, 73.81, 9.17, 10.27, -56.02
0, 1271120, -92964, -9179, -149.06, 73.81, 9.17, 10.09, -54.47
0, 1277122, -94137, -9281, -167.94, 75.62, 10.40, 10.09, -52.83
0, 1284579, -95635, -9418, -167.94, 77.37, 9.27, 9.84, -50.75
0, 1291537, -97034, -9561, -185.75, 78.94, 9.62, 10.09, -48.79
0, 1299447, -98469, -9711, -201.75, 78.94, 11.15, 10.32, -46.52
0, 1309015, -100046, -9856, -217.87, 80.75, 11.15, 10.19, -43.75
0, 1317531, -101237, -9978, -234.50, 82.50, 11.26, 10.19, -41.24
0, 1323402, -101918, -10070, -234.50, 83.94, 10.68, 10.26, -39.49
0, 1329395, -102501, -10159, -250.00, 83.94, 10.68, 9.88, -37.69
0, 1339469, -103337, -10277, -263.94, 85.19, 9.97, 9.90, -34.63
0, 1350264, -104103, -10369, -275.69, 87.62, 9.84, 10.51, -31.32
0, 1360452, -104732, -10440, -284.87, 87.62, 9.61, 9.68, -28.15
0, 1369824, -105139, -10486, -292.25, 88.44, 9.61, 9.68, -25.21
0, 1376901, -105377, -10511, -298.75, 89.06, 9.35, 9.99, -22.98
0, 1385091, -105570, -10530, -304.37, 89.56, 9.39, 10.26, -20.38
0, 1393100, -105657, -10537, -304.37, 89.87, 9.26, 9.92, -17.82
0, 1401900, -105651, -10541, -308.44, 90.06, 9.01, 10.07, -15.00
0, 1411135, -105646, -10544, -311.37, 90.06, 9.59, 9.79, -12.02
0, 1420312, -105637, -10548, -313.06, 90.12, 9.59, 9.79, -9.05
0, 1426013, -105629, -10549, -313.31, 90.19, 9.64, 9.81, -7.20
0, 1432447, -105621, -10550, -313.31, 90.25, 9.51, 9.94, -5.11
0, 1439436, -105611, -10551, -313.25, 90.25, 9.65, 9.88, -2.84
0, 1448957, -105595, -10552, -313.12, 90.25, 9.57, 9.80, 0.26
0, 1458223, -105567, -10554, -313.00, 90.25, 9.57, 9.80, 3.28
0, 1465929, -105535, -10554, -312.87, 90.25, 9.60, 9.81, 5.78
0, 1471632, -105487, -10554, -312.87, 90.25, 9.50, 9.80, 7.63
0, 1477623, -105391, -10554, -312.69, 90.31, 9.50, 9.80, 9.57
0, 1484422, -105221, -10555, -312.69, 90.31, 9.43, 9.84, 11.77
0, 1490976, -105112, -10561, -310.62, 90.37, 9.28, 9.90, 13.89
0, 1499478, -105111, -10561, -310.12, 90.37, 10.63, 10.25, 16.62
0, 1510433, -105105, -10562, -308.69, 90.50, 9.55, 9.81, 20.13
0, 1518087, -105094, -10563, -308.37, 90.56, 9.55, 9.81, 22.56
0, 1523801, -105086, -10564, -308.37, 90.62, 9.52, 9.86, 24.37
0, 1529608, -105080, -10565, -308.12, 90.62, 9.52, 9.86, 26.20
0, 1537669, -105073, -10566, -308.06, 90.69, 9.50, 9.66, 28.72
0, 1547016, -105031, -10567, -308.00, 90.69, 9.51, 9.62, 31.62
0, 1555009, -104699, -10545, -308.00, 90.69, 9.68, 9.96, 34.07
0, 1561748, -104290, -10506, -307.87, 90.69, 9.68, 10.07, 36.13
0, 1571017, -103619, -10441, -306.75, 90.69, 8.99, 10.07, 38.92
0, 1578435, -102962, -10379, -302.19, 90.44, 9.53, 9.88, 41.14
0, 1586277, -102149, -10303, -295.94, 89.87, 9.62, 10.15, 43.45
0, 1595366, -101028, -10196, -288.06, 89.19, 9.57, 9.97, 46.09
0, 1603521, -99798, -10070, -288.06, 88.31, 10.35, 10.26, 48.43
0, 1612712, -98171, -9911, -278.56, 88.31, 10.83, 10.03, 51.02
0, 1620093, -96843, -9738, -267.00, 87.25, 10.83, 10.03, 53.08
0, 1625803, -95772, -9589, -252.81, 85.81, 11.28, 10.07, 54.64
0, 1632431, -94459, -9444, -252.81, 85.81, 10.67, 10.39, 56.43
0, 1639677, -92984, -9305, -237.62, 84.19, 10.77, 10.17, 58.37
0, 1649510, -91046, -9107, -221.87, 82.00, 9.54, 9.92, 60.93
0, 1659449, -88879, -8897, -205.25, 80.06, 9.54, 9.92, 63.47
0, 1667172, -86955, -8718, -188.87, 78.37, 9.50, 10.65, 65.39
0, 1672882, -85442, -8581, -188.87, 78.37, 9.50, 10.65, 66.78
0, 1678845, -83857, -8425, -171.19, 76.50, 9.50, 10.23, 68.21
0, 1686700, -81700, -8227, -152.44, 74.50, 7.63, 9.52, 70.06
0, 1694426, -79661, -8006, -152.44, 72.31, 6.18, 8.90, 71.83
0, 1702775, -77381, -7750, -133.31, 70.12, 6.20, 11.12, 73.69
0, 1710600, -75096, -7519, -113.50, 70.12, 5.86, 10.36, 75.39
0, 1718871, -72588, -7294, -93.06, 67.50, 5.86, 10.36, 77.13
0, 1724581, -70846, -7134, -93.06, 64.75, 7.87, 9.07, 78.30
0, 1730510, -69167, -6977, -71.94, 64.75, 9.49, 10.09, 79.49
0, 1738679, -66858, -6770, -50.19, 62.06, 9.49, 10.09, 81.07
0, 1748192, -63952, -6482, -28.12, 59.56, 12.64, 7.89, 82.84
0, 1758201, -60486, -6132, -6.12, 57.25, 13.20, 10.09, 84.62
0, 1765007, -58180, -5823, -6.12, 54.69, 14.50, 12.01, 85.78
0, 1771988, -55638, -5564, 15.75, 54.69, 16.46, 12.01, 86.93
0, 1777855, -53473, -5337, 37.25, 51.69, 16.46, 10.73, 87.86
0, 1785487, -50701, -5094, 58.00, 48.06, 14.90, 9.79, 89.02
0, 1791758, -48415, -4873, 58.00, 48.06, 13.51, 9.71, 89.93
0, 1800352, -45246, -4576, 77.81, 44.63, 7.72, 10.06, 91.11
0, 1810257, -41677, -4210, 96.87, 41.50, 7.72, 10.06, 92.40
0, 1818617, -38587, -3889, 115.25, 38.50, 4.51, 9.46, 93.40
0, 1824330, -36523, -3705, 115.25, 38.50, 3.60, 7.90, 94.05
0, 1830232, -34361, -3506, 133.00, 35.44, 4.31, 7.90, 94.68
0, 1838263, -31484, -3230, 150.50, 31.94, 4.31, 9.15, 95.49
0, 1848120, -27858, -2875, 168.06, 28.75, 12.61, 9.45, 96.40
0, 1858177, -24203, -2515, 185.87, 25.62, 12.42, 9.41, 97.21
0, 1864835, -21825, -2237, 185.87, 22.37, 15.00, 10.58, 97.70
0, 1871846, -19226, -1958, 204.12, 22.37, 17.07, 10.58, 98.16
0, 1877803, -16986, -1691, 223.00, 19.12, 17.07, 10.30, 98.51
0, 1885422, -14153, -1447, 242.62, 15.56, 16.01, 8.03, 98.91
0, 1891463, -12080, -1261, 242.62, 15.56, 17.51, 11.00, 99.18
0, 1900591, -8730, -934, 263.19, 12.00, 12.91, 10.55, 99.51
0, 1910517, -5102, -570, 284.56, 8.69, 12.91, 10.55, 99.78
0, 1918433, -2194, -271, 306.69, 5.81, 8.19, 12.86, 99.92
0, 1924145, -147, -86, 306.69, 5.81, 7.35, 12.86, 99.98
0, 1929862, 1986, 121, 329.37, 2.62, 7.35, 8.97, 100.00
0, 1937635, 4809, 386, 352.06, -0.75, 2.48, 9.37, 99.98
0, 1945981, 7861, 698, 374.44, -3.87, 6.74, 9.35, 99.88
0, 1954620, 10993, 984, 374.44, -7.06, 10.80, 8.76, 99.70
0, 1962240, 13742, 1283, 396.12, -7.06, 11.39, 8.27, 99.48
0, 1970265, 16682, 1588, 417.00, -10.38, 11.39, 8.27, 99.18
0, 1975972, 18750, 1816, 436.94, -13.63, 16.62, 10.39, 98.93
0, 1982310, 21066, 2039, 436.94, -13.63, 16.15, 10.39, 98.60
0, 1989643, 23770, 2310, 456.00, -17.06, 17.69, 7.80, 98.18
0, 1999389, 27341, 2658, 474.37, -20.50, 17.11, 10.01, 97.52
0, 2009139, 30881, 2995, 492.19, -23.69, 17.11, 9.86, 96.77
0, 2015796, 33330, 3255, 509.75, -26.87, 12.46, 10.96, 96.21
0, 2022597, 35829, 3506, 509.75, -26.87, 8.81, 10.96, 95.58
0, 2028319, 37977, 3694, 527.31, -30.00, 8.81, 10.44, 95.01
0, 2035995, 40734, 3945, 545.06, -33.31, 5.69, 9.97, 94.21
0, 2042940, 43249, 4199, 545.06, -33.31, 3.71, 9.12, 93.42
0, 2052063, 46631, 4530, 563.25, -36.56, 8.20, 9.65, 92.32
0, 2061030, 49847, 4883, 582.06, -39.56, 8.20, 9.65, 91.16
0, 2068869, 52594, 5154, 601.62, -42.94, 9.40, 8.31, 90.09
0, 2074594, 54579, 5360, 601.62, -42.94, 12.95, 8.31, 89.26
0, 2080312, 56699, 5573, 622.12, -46.38, 15.58, 9.72, 88.41
0, 2088144, 59570, 5849, 643.50, -49.88, 15.58, 8.01, 87.19
0, 2096883, 62771, 6158, 665.62, -53.13, 16.46, 9.41, 85.76
0, 2106201, 66194, 6518, 688.31, -56.38, 17.06, 9.04, 84.16
0, 2112972, 68670, 6764, 688.31, -56.38, 15.07, 9.38, 82.95
0, 2120837, 71441, 7039, 711.06, -59.44, 15.07, 9.38, 81.50
0, 2126545, 73415, 7209, 733.44, -59.44, 13.15, 10.04, 80.40
0, 2133072, 75657, 7421, 733.44, -62.81, 7.30, 10.04, 79.12
0, 2140167, 78008, 7650, 755.12, -66.12, 4.89, 10.15, 77.69
0, 2150075, 81301, 7977, 776.00, -69.06, 4.77, 9.18, 75.62
0, 2159983, 84668, 8300, 796.00, -71.87, 4.77, 8.04, 73.47
0, 2166805, 86842, 8562, 815.19, -74.81, 4.52, 9.72, 71.95
0, 2173724, 88990, 8777, 815.19, -74.81, 7.41, 9.72, 70.37
0, 2179720, 90830, 8971, 833.69, -77.87, 7.41, 10.86, 68.97
0, 2187935, 93343, 9223, 851.81, -81.19, 11.56, 9.34, 67.01
0, 2196860, 96062, 9483, 869.75, -84.19, 13.68, 9.20, 64.82
0, 2206595, 98874, 9741, 887.62, -87.12, 12.86, 10.43, 62.38
0, 2213374, 100721, 9929, 887.62, -87.12, 15.39, 10.61, 60.64
0, 2221256, 102685, 10151, 905.69, -89.75, 15.39, 10.61, 58.58
0, 2226966, 104021, 10301, 924.19, -92.19, 13.58, 8.58, 57.07
0, 2233785, 105530, 10455, 924.19, -92.19, 12.34, 8.58, 55.23
0, 2240961, 107070, 10606, 943.25, -94.56, 9.76, 9.66, 53.27
0, 2250623, 109092, 10791, 962.87, -96.94, 9.54, 9.81, 50.58
0, 2260557, 110991, 10961, 982.87, -99.00, 9.54, 9.34, 47.77
0, 2267217, 112075, 11065, 1002.50, -100.87, 8.58, 10.05, 45.85
0, 2274889, 113221, 11167, 1002.50, -100.87, 7.38, 10.05, 43.62
0, 2281779, 114205, 11257, 1021.25, -102.31, 8.35, 9.68, 41.59
0, 2289425, 115277, 11360, 1037.38, -103.81, 8.35, 9.75, 39.31
0, 2298407, 116486, 11479, 1051.69, -105.06, 8.46, 9.26, 36.61
0, 2307805, 117726, 11603, 1065.38, -106.31, 8.62, 9.78, 33.75
0, 2314395, 118566, 11686, 1065.38, -106.31, 8.79, 9.60, 31.72
0, 2322234, 119435, 11767, 1078.50, -107.50, 8.79, 9.60, 29.29
0, 2328107, 119994, 11817, 1091.13, -108.69, 8.62, 10.10, 27.46
0, 2335685, 120581, 11874, 1102.88, -108.69, 8.93, 9.86, 25.08
0, 2341789, 120925, 11912, 1102.88, -109.62, 9.71, 9.86, 23.15
0, 2351286, 121279, 11957, 1112.44, -110.31, 10.76, 9.71, 20.14
0, 2361716, 121446, 11977, 1119.50, -110.87, 10.76, 9.79, 16.80
0, 2369667, 121459, 11982, 1123.88, -111.25, 10.15, 9.94, 14.25
0, 2375816, 121456, 11984, 1126.13, -111.25, 10.56, 9.93, 12.26
0, 2382503, 121453, 11985, 1126.13, -111.37, 9.82, 9.93, 10.10
0, 2389860, 121446, 11989, 1126.75, -111.44, 9.82, 9.64, 7.72
0, 2398879, 121435, 11996, 1126.69, -111.44, 10.12, 9.57, 4.79
0, 2408233, 121423, 12000, 1126.63, -111.50, 9.93, 9.47, 1.74
0, 2414838, 121406, 12005, 1126.63, -111.50, 10.03, 9.59, -0.40
0, 2423119, 121378, 12016, 1126.50, -111.56, 10.13, 9.59, -3.10
0, 2429207, 121343, 12024, 1126.31, -111.69, 10.13, 9.42, -5.08
0, 2437610, 121214, 12024, 1126.06, -111.75, 9.64, 9.60, -7.81
0, 2444792, 121029, 12025, 1126.06, -111.75, 10.30, 9.86, -10.13
0, 2454571, 120696, 12035, 1125.69, -111.81, 9.90, 9.61, -13.29
0, 2463488, 120422, 12070, 1124.38, -111.81, 10.10, 9.61, -16.16
0, 2471965, 120123, 12056, 1121.88, -111.87, 10.10, 8.90, -18.88
0, 2478080, 119880, 12031, 1118.81, -112.12, 9.33, 9.68, -20.83
0, 2485574, 119509, 11994, 1115.81, -112.12, 9.53, 9.68, -23.21
0, 2491953, 119104, 11956, 1115.81, -112.06, 10.21, 9.51, -25.22
0, 2502989, 118273, 11888, 1112.19, -111.62, 9.89, 9.76, -28.68
0, 2513248, 117558, 11817, 1107.44, -111.12, 9.50, 9.53, -31.86
0, 2522448, 116877, 11742, 1100.75, -110.56, 9.50, 9.43, -34.69
0, 2529498, 116346, 11675, 1093.88, -110.00, 9.39, 9.67, -36.83
0, 2538893, 115516, 11562, 1087.00, -109.25, 9.82, 9.57, -39.65
0, 2548127, 114629, 11422, 1079.81, -108.37, 9.42, 9.88, -42.39
0, 2559355, 113402, 11283, 1071.69, -107.19, 9.40, 9.78, -45.67
0, 2566990, 112447, 11180, 1062.44, -105.94, 8.53, 9.07, -47.87
0, 2575557, 111254, 11066, 1062.44, -105.94, 8.76, 9.07, -50.30
0, 2583205, 110110, 10956, 1052.06, -104.81, 8.31, 9.79, -52.43
0, 2591439, 108800, 10850, 1040.13, -103.62, 8.46, 9.42, -54.70
0, 2602619, 106816, 10675, 1026.63, -102.37, 8.83, 9.39, -57.70
0, 2613400, 104644, 10490, 1012.06, -101.25, 7.79, 9.26, -60.53
0, 2622647, 102621, 10314, 996.31, -99.81, 9.19, 10.53, -62.90
0, 2628350, 101336, 10191, 979.00, -98.25, 9.19, 10.35, -64.33
0, 2635877, 99548, 10017, 960.12, -98.25, 9.94, 10.35, -66.19
0, 2642330, 97872, 9854, 960.12, -96.62, 11.79, 10.07, -67.75
0, 2651765, 95301, 9573, 940.75, -94.62, 13.64, 9.45, -69.97
0, 2661611, 92549, 9296, 921.69, -92.44, 13.64, 11.31, -72.23
0, 2668527, 90636, 9122, 903.12, -89.81, 13.50, 9.87, -73.76
0, 2675317, 88774, 8930, 903.12, -89.81, 14.76, 9.87, -75.24
0, 2681433, 86941, 8764, 884.94, -87.31, 12.02, 9.74, -76.53
0, 2689312, 84325, 8503, 866.87, -85.00, 12.02, 9.66, -78.16
0, 2698061, 81279, 8216, 848.75, -82.37, 13.72, 9.03, -79.90
0, 2707954, 77957, 7795, 830.56, -79.31, 11.85, 9.03, -81.80
0, 2714725, 75732, 7553, 830.56, -79.31, 6.39, 9.03, -83.04
0, 2723029, 73019, 7275, 812.12, -76.00, 4.12, 10.24, -84.52
0, 2728737, 71202, 7154, 792.94, -72.31, 4.12, 8.03, -85.50
0, 2736653, 68598, 6890, 772.87, -72.31, 4.06, 8.99, -86.80
0, 2743478, 66180, 6699, 772.87, -69.25, 7.03, 8.98, -87.89
0, 2753084, 62638, 6342, 752.00, -66.81, 10.23, 8.98, -89.33
0, 2762188, 59270, 5987, 730.37, -64.12, 13.42, 10.54, -90.63
0, 2769098, 56726, 5729, 708.06, -61.00, 13.42, 10.25, -91.55
0, 2776115, 54198, 5491, 685.37, -61.00, 15.58, 10.25, -92.45
0, 2782389, 51874, 5258, 685.37, -57.63, 17.26, 7.84, -93.21
0, 2789769, 49124, 4999, 662.75, -54.38, 17.26, 9.65, -94.05
0, 2798912, 45750, 4650, 640.69, -51.25, 16.18, 9.92, -95.02
0, 2808746, 42193, 4267, 619.31, -47.94, 14.92, 8.62, -95.97
0, 2815505, 39726, 3979, 619.31, -47.94, 13.78, 9.17, -96.56
0, 2823543, 36800, 3690, 599.00, -44.50, 4.69, 9.17, -97.21
0, 2829451, 34702, 3529, 579.50, -40.63, 4.69, 9.13, -97.64
0, 2837350, 31831, 3255, 560.75, -40.63, 3.70, 10.60, -98.16
0, 2844119, 29342, 3039, 560.75, -37.06, 2.36, 7.86, -98.56
0, 2854197, 25598, 2667, 542.62, -34.38, 7.30, 11.70, -99.06
0, 2863444, 22242, 2285, 524.87, -31.37, 11.49, 11.70, -99.43
0, 2871397, 19327, 2021, 507.31, -28.12, 11.49, 8.87, -99.67
0, 2877535, 17104, 1813, 489.75, -28.12, 12.52, 9.74, -99.81
0, 2884434, 14558, 1573, 489.75, -24.69, 14.98, 9.74, -99.93
0, 2891016, 12163, 1339, 471.87, -21.56, 16.16, 8.85, -99.99
0, 2900205, 8835, 1015, 453.37, -18.44, 16.47, 8.72, -99.99
0, 2909317, 5528, 622, 434.25, -15.19, 16.47, 9.13, -99.91
0, 2916115, 3031, 335, 414.25, -15.19, 13.50, 7.00, -99.79
0, 2923948, 154, 63, 414.25, -11.94, 10.81, 7.00, -99.60
0, 2929842, -2020, -106, 393.31, -8.13, 10.81, 8.97, -99.41
0, 2937654, -4846, -364, 371.50, -8.13, 8.56, 12.45, -99.10
0, 2944842, -7451, -618, 371.50, -4.62, 2.98, 7.75, -98.76
0, 2954398, -10992, -961, 349.06, -1.75, 4.57, 9.83, -98.22
0, 2963730, -14410, -1353, 326.31, 1.25, 8.03, 9.83, -97.60
0, 2971697, -17261, -1618, 303.75, 4.62, 8.03, 9.79, -97.01
0, 2977948, -19507, -1826, 281.62, 4.62, 11.41, 9.60, -96.49
0, 2985360, -22271, -2083, 281.62, 8.06, 14.59, 9.60, -95.83
0, 2991454, -24484, -2308, 260.31, 11.19, 18.07, 9.08, -95.25
0, 3000675, -27667, -2622, 239.94, 14.25, 17.43, 9.62, -94.29
0, 3009461, -30766, -3038, 220.44, 17.44, 17.43, 9.08, -93.30
0, 3016247, -33209, -3278, 201.69, 17.44, 14.67, 5.73, -92.48
0, 3024193, -36070, -3560, 201.69, 20.56, 11.92, 5.73, -91.47
0, 3029909, -38125, -3720, 183.37, 24.44, 11.92, 11.02, -90.70
0, 3037812, -40927, -3987, 165.56, 24.44, 11.42, 10.19, -89.59
0, 3045071, -43492, -4182, 165.56, 27.94, 7.02, 10.94, -88.51
0, 3054338, -46792, -4556, 147.94, 30.81, 4.24, 10.94, -87.07
0, 3063677, -50231, -4911, 130.31, 33.63, 4.45, 8.48, -85.53
0, 3071146, -52995, -5181, 112.37, 36.69, 5.43, 10.24, -84.25
0, 3077956, -55454, -5417, 94.00, 36.69, 5.43, 10.32, -83.03
0, 3085571, -58161, -5664, 74.81, 40.06, 10.13, 10.32, -81.63
0, 3091706, -60437, -5895, 74.81, 43.44, 12.99, 9.05, -80.46
0, 3100273, -63467, -6203, 54.75, 46.44, 16.15, 11.48, -78.77
0, 3109621, -66289, -6529, 33.81, 49.56, 16.15, 9.40, -76.86
0, 3116414, -68198, -6791, 12.00, 49.56, 16.31, 6.45, -75.43
0, 3124495, -70448, -6999, 12.00, 52.75, 13.54, 6.45, -73.68
0, 3130202, -72028, -7152, -10.19, 55.94, 13.23, 15.11, -72.41
0, 3138054, -74126, -7309, -32.19, 55.94, 13.23, 9.25, -70.62
0, 3145569, -76082, -7497, -54.13, 58.88, 11.14, 10.87, -68.87
0, 3154394, -78344, -7686, -54.13, 61.19, 10.89, 10.87, -66.76
0, 3163343, -80522, -7903, -75.62, 63.19, 7.86, 10.59, -64.56
0, 3170240, -82153, -8071, -96.56, 65.37, 7.86, 9.67, -62.83
0, 3177336, -83843, -8237, -116.87, 65.37, 6.68, 9.67, -61.02
0, 3184282, -85468, -8418, -116.87, 67.50, 6.85, 10.25, -59.22
0, 3190860, -86899, -8580, -136.62, 69.69, 7.51, 8.89, -57.48
0, 3199876, -88807, -8767, -155.75, 71.81, 8.27, 11.03, -55.05
0, 3209569, -90611, -8939, -174.50, 74.06, 8.27, 9.40, -52.39
0, 3216351, -91718, -9049, -192.56, 74.06, 8.16, 10.39, -50.50
0, 3224604, -92995, -9180, -192.56, 76.00, 10.54, 10.39, -48.16
0, 3231611, -94106, -9278, -209.00, 77.56, 9.36, 9.95, -46.15
0, 3239154, -95323, -9387, -223.12, 79.00, 9.36, 10.33, -43.96
0, 3247306, -96617, -9519, -236.06, 79.00, 9.63, 9.40, -41.56
0, 3257004, -97948, -9656, -249.37, 80.31, 9.84, 10.31, -38.67
0, 3264840, -98957, -9761, -249.37, 81.62, 10.76, 10.31, -36.31
0, 3274108, -100017, -9854, -263.00, 83.06, 10.32, 9.97, -33.48
0, 3281193, -100657, -9917, -275.37, 84.31, 10.29, 9.90, -31.30
0, 3290475, -101294, -9986, -286.75, 85.44, 10.09, 10.24, -28.42
0, 3300412, -101721, -10043, -296.81, 86.25, 9.62, 9.89, -25.31
0, 3311448, -101935, -10073, -304.56, 86.94, 9.63, 10.18, -21.82
0, 3319275, -101958, -10077, -309.94, 86.94, 9.63, 10.03, -19.32
0, 3328054, -101955, -10080, -312.94, 87.44, 9.30, 9.67, -16.51
0, 3337010, -101952, -10081, -314.12, 87.75, 9.32, 9.67, -13.63
0, 3345339, -101944, -10088, -314.19, 87.81, 9.47, 9.97, -10.94
0, 3355704, -101931, -10099, -314.19, 87.81, 9.37, 9.68, -7.58
0, 3364334, -101919, -10104, -314.19, 87.87, 9.38, 9.72, -4.78
0, 3370977, -101897, -10118, -314.06, 87.94, 9.34, 9.88, -2.62
0, 3378011, -101864, -10138, -313.94, 87.94, 9.34, 9.54, -0.33
0, 3385886, -101835, -10149, -313.81, 88.06, 9.47, 9.54, 2.23
0, 3392115, -101810, -10155, -313.81, 88.19, 9.48, 9.66, 4.26
0, 3400433, -101752, -10172, -313.44, 88.37, 9.40, 9.76, 6.96
0, 3409159, -101673, -10186, -313.06, 88.37, 9.40, 9.61, 9.79
0, 3416601, -101589, -10187, -311.19, 88.50, 9.49, 9.61, 12.19
0, 3424375, -101476, -10188, -311.19, 88.62, 9.28, 10.07, 14.70
0, 3431455, -101379, -10195, -309.00, 88.81, 9.36, 9.72, 16.98
0, 3438647, -101269, -10195, -308.06, 88.81, 9.36, 9.77, 19.28
0, 3446466, -101083, -10192, -306.75, 88.81, 9.44, 9.77, 21.77
0, 3454192, -100827, -10165, -306.75, 88.87, 9.34, 10.03, 24.21
0, 3463327, -100358, -10118, -305.50, 88.94, 9.54, 10.07, 27.09
0, 3470633, -99835, -10066, -303.62, 88.81, 9.54, 10.11, 29.37
0, 3477732, -99251, -10007, -300.69, 88.81, 9.72, 10.07, 31.57
0, 3485384, -98552, -9940, -295.94, 88.31, 9.86, 10.07, 33.92
0, 3491484, -97977, -9885, -295.94, 87.75, 9.86, 10.10, 35.78
0, 3499194, -97220, -9780, -289.25, 87.06, 9.83, 9.92, 38.11
0, 3507952, -96217, -9638, -281.37, 87.06, 9.83, 10.13, 40.73
0, 3515829, -95222, -9517, -281.37, 86.00, 10.13, 10.13, 43.06
0, 3523588, -94206, -9410, -273.12, 84.62, 10.59, 9.25, 45.32
0, 3529546, -93340, -9330, -264.00, 84.62, 10.59, 10.60, 47.04
0, 3537609, -92107, -9219, -253.44, 83.31, 9.76, 10.60, 49.34
0, 3545368, -90907, -9093, -242.37, 82.12, 10.70, 9.97, 51.52
0, 3554253, -89350, -8941, -242.37, 80.87, 9.07, 10.01, 53.98
0, 3562500, -87692, -8788, -230.00, 79.37, 10.14, 10.26, 56.22
0, 3569031, -86273, -8652, -217.31, 79.37, 10.14, 9.57, 57.96
0, 3577446, -84387, -8477, -203.00, 77.81, 9.53, 9.57, 60.17
0, 3584747, -82721, -8333, -203.00, 76.12, 8.43, 9.85, 62.05
0, 3591004, -81237, -8177, -186.44, 74.25, 7.12, 10.03, 63.64
0, 3598908, -79451, -7975, -168.12, 74.25, 7.12, 10.50, 65.60
0, 3607889, -77265, -7737, -149.31, 72.44, 6.18, 9.82, 67.78
0, 3615973, -75145, -7522, -129.94, 70.19, 7.32, 9.82, 69.69
0, 3623627, -73045, -7331, -129.94, 67.75, 6.20, 9.91, 71.45
0, 3629716, -71339, -7178, -110.06, 67.75, 6.20, 9.22, 72.82
0, 3637600, -69293, -6987, -89.50, 65.31, 9.15, 9.22, 74.56
0, 3645492, -67291, -6810, -68.31, 63.00, 12.37, 8.66, 76.24
0, 3654085, -64957, -6584, -68.31, 60.81, 12.86, 9.06, 78.02
0, 3661812, -62561, -6346, -46.69, 58.69, 13.12, 10.24, 79.57
0, 3668820, -60253, -6096, -24.87, 58.69, 13.12, 11.10, 80.93
0, 3677008, -57593, -5766, -3.00, 56.19, 14.10, 11.10, 82.47
0, 3683790, -55214, -5520, -3.00, 53.31, 15.96, 9.68, 83.70
0, 3690633, -52754, -5276, 18.81, 49.81, 14.10, 7.98, 84.89
0, 3698499, -49883, -5009, 40.06, 49.81, 12.44, 9.40, 86.22
0, 3707842, -46621, -4708, 60.63, 46.56, 12.44, 9.40, 87.72
0, 3716134, -43572, -4408, 80.25, 43.50, 8.73, 9.92, 88.98
0, 3723580, -40875, -4124, 80.25, 40.56, 6.42, 10.16, 90.06
0, 3729866, -38546, -3885, 99.12, 37.50, 2.50, 9.16, 90.93
0, 3737940, -35586, -3620, 117.31, 37.50, 2.50, 9.16, 91.99
0, 3746155, -32671, -3340, 135.00, 34.00, 6.14, 8.97, 93.01
0, 3754630, -29638, -3047, 135.00, 30.81, 9.67, 9.79, 93.99
0, 3762092, -26883, -2778, 152.44, 27.75, 12.75, 9.38, 94.79
0, 3769061, -24345, -2532, 170.06, 27.75, 12.75, 9.94, 95.49
0, 3777265, -21446, -2191, 187.94, 24.56, 15.68, 9.94, 96.24
0, 3784315, -18831, -1923, 187.94, 21.31, 16.55, 10.24, 96.84
0, 3790799, -16392, -1638, 206.31, 17.75, 16.05, 7.68, 97.35
0, 3798620, -13531, -1383, 225.31, 17.75, 15.63, 7.80, 97.90
0, 3808007, -10248, -1084, 245.12, 14.19, 15.63, 7.80, 98.47
0, 3816155, -7283, -793, 265.87, 10.94, 12.79, 12.53, 98.90
0, 3823086, -4736, -524, 265.87, 8.00, 12.53, 12.31, 99.21
0, 3829909, -2212, -262, 287.37, 8.00, 12.53, 7.22, 99.46
0, 3837686, 640, -14, 309.62, 4.87, 6.07, 7.22, 99.69
0, 3845065, 3335, 253, 309.62, 1.44, 2.36, 8.71, 99.85
0, 3852100, 5922, 507, 332.37, -1.69, 3.84, 10.79, 99.95
0, 3859770, 8747, 789, 355.12, -1.69, 3.84, 8.65, 100.00
0, 3867701, 11632, 1043, 377.31, -4.87, 7.38, 8.65, 99.98
0, 3875413, 14311, 1342, 398.94, -8.19, 13.43, 9.55, 99.90
0, 3881559, 16570, 1582, 398.94, -11.44, 16.29, 9.23, 99.79
0, 3889066, 19339, 1874, 419.62, -11.44, 16.29, 8.32, 99.61
0, 3897170, 22299, 2150, 439.37, -14.75, 15.99, 8.32, 99.34
0, 3906262, 25642, 2482, 458.31, -18.19, 17.13, 9.64, 98.95
0, 3913042, 28094, 2725, 458.31, -21.44, 16.91, 10.24, 98.61
0, 3919776, 30526, 2970, 476.50, -21.44, 16.91, 11.43, 98.22
0, 3927669, 33442, 3269, 494.25, -24.56, 13.30, 11.43, 97.71
0, 3935273, 36223, 3539, 511.75, -27.75, 9.25, 10.98, 97.15
0, 3941490, 38513, 3742, 511.75, -31.06, 5.25, 10.48, 96.65
0, 3949057, 41288, 3999, 529.31, -31.06, 2.86, 10.14, 95.99
0, 3958225, 44650, 4340, 547.12, -34.31, 2.86, 10.14, 95.11
0, 3966226, 47600, 4628, 565.31, -37.25, 3.50, 9.67, 94.28
0, 3972884, 49970, 4898, 565.31, -40.63, 11.08, 9.43, 93.53
0, 3979652, 52440, 5140, 584.31, -40.63, 13.25, 8.50, 92.73
0, 3987759, 55442, 5459, 604.06, -44.06, 13.25, 8.50, 91.71
0, 3995361, 58260, 5715, 624.75, -47.63, 15.92, 7.59, 90.70
0, 4002453, 60829, 5967, 624.75, -51.00, 16.24, 9.86, 89.70
0, 4010240, 63724, 6257, 646.37, -51.00, 17.15, 11.44, 88.55
0, 4018076, 66592, 6555, 668.69, -54.31, 17.15, 11.44, 87.34
0, 4025852, 69449, 6843, 691.44, -57.31, 14.80, 7.69, 86.08
0, 4031849, 71621, 7057, 691.44, -57.31, 14.21, 9.21, 85.07
0, 4039254, 74319, 7293, 714.19, -60.75, 14.21, 9.52, 83.78
0, 4047481, 77284, 7572, 736.50, -64.06, 7.45, 9.52, 82.29
0, 4056916, 80650, 7909, 758.12, -67.06, 4.93, 9.61, 80.50
0, 4063974, 83225, 8156, 758.12, -70.06, 3.07, 8.52, 79.12
0, 4070486, 85546, 8419, 778.81, -70.06, 5.50, 9.98, 77.81
0, 4078357, 88244, 8705, 798.62, -73.25, 5.50, 9.98, 76.17
0, 4086174, 90910, 8981, 817.56, -76.56, 11.01, 8.15, 74.50
0, 4092950, 93215, 9212, 817.56, -80.19, 11.85, 10.81, 73.01
0, 4099734, 95498, 9431, 835.94, -80.19, 13.65, 10.52, 71.48
0, 4109280, 98574, 9721, 853.87, -83.44, 13.65, 10.52, 69.28
0, 4117515, 101095, 9970, 871.56, -86.50, 15.60, 10.25, 67.32
0, 4124906, 103195, 10212, 871.56, -89.25, 15.54, 10.69, 65.52
0, 4131531, 104998, 10400, 889.31, -89.25, 14.77, 9.48, 63.88
0, 4139149, 106996, 10599, 907.37, -91.87, 14.77, 9.48, 61.95
0, 4147664, 109192, 10799, 925.94, -94.69, 11.06, 10.24, 59.75
0, 4157212, 111452, 11001, 945.06, -97.19, 10.43, 10.01, 57.23
0, 4164183, 112901, 11137, 945.06, -99.37, 8.45, 10.34, 55.36
0, 4170773, 114215, 11257, 964.81, -99.37, 7.35, 10.36, 53.56
0, 4178602, 115787, 11411, 985.19, -101.31, 7.35, 10.36, 51.39
0, 4186417, 117359, 11566, 1005.56, -103.06, 7.55, 9.01, 49.19
0, 4193162, 118729, 11701, 1005.56, -104.75, 8.26, 9.67, 47.27
0, 4199925, 120025, 11819, 1024.81, -104.75, 7.44, 10.30, 45.32
0, 4210186, 121737, 12017, 1044.13, -106.50, 8.38, 9.47, 42.32
0, 4218139, 122897, 12162, 1063.75, -108.31, 8.38, 9.47, 39.96
0, 4225705, 123973, 12281, 1082.00, -109.94, 9.64, 9.07, 37.69
0, 4232563, 124914, 12378, 1082.00, -109.94, 9.48, 10.67, 35.62
0, 4240281, 125918, 12478, 1097.44, -111.75, 10.03, 10.19, 33.26
0, 4248849, 126900, 12588, 1111.13, -113.25, 10.03, 10.19, 30.62
0, 4258625, 127941, 12698, 1124.00, -114.56, 10.00, 9.91, 27.57
0, 4266762, 128811, 12784, 1124.00, -115.69, 10.00, 9.78, 25.02
0, 4273790, 129512, 12854, 1135.75, -116.87, 9.64, 9.86, 22.80
0, 4280590, 130138, 12910, 1146.00, -116.87, 11.00, 9.90, 20.64
0, 4288749, 130724, 12962, 1155.50, -117.81, 11.00, 9.90, 18.03
0, 4296852, 131165, 13005, 1164.63, -118.75, 10.45, 9.91, 15.43
0, 4304800, 131508, 13038, 1164.63, -119.44, 11.42, 9.83, 12.87
0, 4311989, 131728, 13059, 1172.50, -119.44, 10.57, 9.89, 10.55
0, 4319884, 131856, 13070, 1178.31, -119.94, 10.57, 9.89, 7.99
0, 4328203, 131871, 13074, 1182.50, -120.37, 10.41, 9.81, 5.29
0, 4336059, 131863, 13076, 1185.38, -120.56, 10.80, 10.05, 2.74
0, 4343046, 131855, 13078, 1185.38, -120.56, 9.72, 9.66, 0.46
0, 4350299, 131841, 13081, 1186.63, -120.69, 9.88, 9.77, -1.90
0, 4359981, 131808, 13090, 1186.69, -120.69, 9.88, 9.77, -5.05
0, 4368128, 131736, 13096, 1186.56, -120.69, 9.88, 9.60, -7.69
0, 4374953, 131611, 13097, 1186.56, -120.75, 10.20, 9.46, -9.90
0, 4383125, 131410, 13108, 1186.44, -120.75, 10.14, 9.55, -12.55
0, 4390176, 131277, 13117, 1186.06, -120.81, 10.00, 9.55, -14.82
0, 4400220, 131010, 13099, 1185.06, -120.87, 9.35, 10.17, -18.04
0, 4411357, 130616, 13067, 1183.13, -121.00, 9.83, 9.67, -21.59
0, 4420556, 130157, 13029, 1181.31, -121.00, 9.83, 9.67, -24.51
0, 4429942, 129591, 12980, 1178.94, -120.81, 10.82, 9.82, -27.46
0, 4439095, 129001, 12929, 1175.81, -120.50, 10.82, 9.93, -30.31
0, 4448546, 128317, 12867, 1171.38, -120.12, 10.08, 9.63, -33.22
0, 4459743, 127425, 12787, 1166.13, -119.62, 10.35, 9.84, -36.64
0, 4468835, 126617, 12711, 1160.31, -119.12, 10.17, 9.57, -39.37
0, 4477562, 125766, 12626, 1153.81, -118.50, 10.42, 9.70, -41.97
0, 4486627, 124638, 12520, 1146.50, -117.75, 9.90, 9.73, -44.63
0, 4494934, 123327, 12396, 1146.50, -116.94, 11.04, 9.48, -47.03
0, 4502453, 121961, 12254, 1138.31, -116.94, 11.43, 9.98, -49.17
0, 4512090, 120022, 12056, 1128.56, -115.94, 9.94, 9.93, -51.88
0, 4521661, 118006, 11867, 1115.56, -114.69, 8.42, 9.70, -54.52
0, 4531060, 116118, 11650, 1099.25, -113.00, 8.05, 9.70, -57.06
0, 4540338, 114317, 11397, 1080.31, -111.12, 7.88, 9.30, -59.51
0, 4549767, 112437, 11186, 1060.25, -109.31, 7.40, 8.10, -61.95
0, 4561160, 110003, 10947, 1040.69, -107.19, 7.85, 8.10, -64.81
0, 4570632, 107824, 10782, 1021.94, -104.87, 6.96, 9.19, -67.13
0, 4580200, 105385, 10546, 1002.81, -102.94, 7.70, 9.10, -69.40
0, 4589352, 102908, 10343, 982.87, -101.12, 7.70, 8.88, -71.52
0, 4597397, 100681, 10128, 962.69, -99.37, 9.88, 9.03, -73.32
0, 4605900, 98179, 9896, 942.94, -97.31, 10.52, 10.63, -75.18
0, 4612487, 96130, 9666, 942.94, -97.31, 14.00, 9.21, -76.57
0, 4620400, 93654, 9400, 923.87, -95.19, 14.00, 9.21, -78.20
0, 4628309, 91115, 9166, 905.37, -92.75, 15.10, 8.44, -79.78
0, 4636130, 88690, 8923, 887.31, -89.81, 15.47, 9.69, -81.29
0, 4642928, 86415, 8713, 887.31, -89.81, 11.92, 9.28, -82.56
0, 4649698, 83953, 8467, 869.50, -86.94, 13.53, 9.28, -83.78
0, 4659474, 80354, 8115, 851.69, -84.25, 13.53, 9.57, -85.47
0, 4666914, 77761, 7773, 833.62, -81.44, 12.02, 9.27, -86.71
0, 4673019, 75638, 7542, 833.62, -81.44, 5.59, 10.86, -87.68
0, 4681290, 72773, 7262, 815.25, -78.06, 3.40, 10.86, -88.94
0, 4689098, 70121, 7038, 796.31, -74.31, 3.40, 7.18, -90.07
0, 4697019, 67219, 6791, 776.44, -70.50, 5.01, 9.51, -91.16
0, 4705181, 64243, 6503, 755.69, -67.56, 7.04, 8.28, -92.22
0, 4712362, 61581, 6250, 755.69, -67.56, 13.21, 11.16, -93.10
0, 4720419, 58650, 5928, 734.12, -64.62, 13.21, 11.16, -94.03
0, 4728320, 55755, 5644, 711.81, -61.31, 14.98, 9.18, -94.87
0, 4736139, 52925, 5363, 689.06, -61.31, 16.00, 9.77, -95.64
0, 4742904, 50408, 5130, 689.06, -57.94, 18.57, 10.04, -96.26
0, 4749951, 47789, 4859, 666.37, -54.88, 16.65, 10.04, -96.86
0, 4759606, 44278, 4512, 644.12, -51.75, 16.65, 10.84, -97.59
0, 4766514, 41750, 4212, 622.56, -48.44, 15.00, 7.26, -98.06
0, 4773096, 39376, 3945, 622.56, -48.44, 10.87, 10.87, -98.45
0, 4781259, 36429, 3651, 601.94, -44.94, 4.66, 10.87, -98.89
0, 4788917, 33651, 3405, 582.31, -40.81, 4.66, 9.20, -99.23
0, 4797001, 30678, 3153, 563.44, -37.69, 3.84, 10.23, -99.52
0, 4805555, 27545, 2840, 545.25, -34.75, 2.79, 8.13, -99.75
0, 4812531, 24977, 2586, 545.25, -34.75, 9.71, 11.59, -99.89
0, 4820435, 22069, 2266, 527.44, -31.75, 9.71, 11.59, -99.98
0, 4828349, 19171, 2006, 509.87, -28.50, 14.28, 9.78, -100.00
0, 4836309, 16291, 1723, 492.37, -28.50, 12.85, 11.36, -99.96
0, 4843207, 13733, 1490, 492.37, -25.06, 16.74, 8.63, -99.86
0, 4850348, 11146, 1236, 474.56, -22.12, 17.30, 8.63, -99.72
0, 4860014, 7608, 880, 456.25, -19.00, 17.30, 9.30, -99.43
0, 4867091, 5040, 563, 437.31, -15.69, 14.63, 9.23, -99.16
0, 4873566, 2685, 303, 437.31, -15.69, 13.01, 7.53, -98.86
0, 4882766, -690, 20, 417.50, -12.19, 6.50, 7.53, -98.37
0, 4889536, -3145, -221, 396.75, -8.31, 7.15, 8.87, -97.95
0, 4897593, -6088, -476, 375.12, -5.12, 7.15, 12.63, -97.39
0, 4906693, -9414, -842, 352.69, -2.19, 4.77, 9.19, -96.67
0, 4913539, -11950, -1097, 352.69, -2.19, 6.20, 10.69, -96.08
0, 4921416, -14858, -1412, 330.00, 0.94, 7.77, 10.69, -95.34
0, 4929129, -17677, -1655, 307.31, 4.25, 7.77, 9.07, -94.55
0, 4937031, -20512, -1928, 285.00, 7.62, 11.66, 9.46, -93.68
0, 4943972, -23037, -2157, 285.00, 7.62, 13.48, 11.70, -92.87
0, 4950825, -25544, -2418, 263.50, 10.63, 17.07, 11.70, -92.02
0, 4960661, -28813, -2749, 242.87, 13.81, 17.07, 8.77, -90.72
0, 4968336, -31244, -3105, 223.19, 17.00, 16.52, 10.66, -89.64
0, 4974493, -33093, -3274, 223.19, 17.00, 16.03, 6.48, -88.73
0, 4983572, -35848, -3541, 204.25, 20.19, 10.97, 6.48, -87.33
0, 4990640, -37981, -3707, 185.81, 23.75, 10.96, 10.53, -86.19
0, 4998583, -40318, -3937, 167.69, 26.44, 10.96, 8.93, -84.85
0, 5007599, -42878, -4126, 149.69, 28.75, 8.19, 9.46, -83.26
0, 5014071, -44590, -4314, 149.69, 28.75, 5.65, 9.89, -82.07
0, 5021925, -46595, -4536, 131.75, 31.19, 6.00, 9.89, -80.58
0, 5029644, -48649, -4747, 113.56, 33.31, 6.78, 9.78, -79.07
0, 5037644, -50702, -4965, 95.00, 35.88, 6.78, 11.14, -77.45
0, 5045471, -52648, -5146, 75.81, 35.88, 6.87, 10.95, -75.82
0, 5051558, -54390, -5310, 75.81, 38.31, 9.16, 10.95, -74.51
0, 5061056, -57185, -5581, 56.00, 40.69, 8.47, 9.62, -72.41
0, 5068544, -59556, -5795, 35.63, 42.88, 8.47, 8.70, -70.71
0, 5074644, -61508, -6002, 35.63, 42.88, 12.37, 11.60, -69.29
0, 5083799, -64075, -6255, 14.63, 45.38, 15.31, 11.60, -67.12
0, 5090734, -65816, -6463, -7.12, 48.13, 14.10, 9.75, -65.43
0, 5098633, -67606, -6727, -29.25, 50.88, 14.10, 10.39, -63.46
0, 5107880, -69616, -6922, -51.25, 53.44, 12.94, 7.41, -61.11
0, 5114464, -71035, -7061, -51.25, 53.44, 11.89, 9.90, -59.40
0, 5122563, -72693, -7195, -72.75, 56.06, 11.25, 9.90, -57.26
0, 5130488, -74206, -7319, -93.69, 57.94, 10.05, 7.97, -55.12
0, 5138319, -75630, -7459, -113.81, 59.69, 10.05, 10.76, -52.98
0, 5147655, -77271, -7597, -132.62, 61.06, 9.44, 9.38, -50.38
0, 5156371, -78703, -7721, -149.69, 62.69, 8.71, 10.13, -47.91
0, 5163389, -79770, -7829, -149.69, 62.69, 8.83, 10.13, -45.89
0, 5171620, -80902, -7944, -165.31, 64.00, 8.42, 9.90, -43.50
0, 5179023, -81895, -8047, -180.00, 65.37, 8.42, 9.35, -41.31
0, 5187198, -82958, -8142, -193.44, 66.75, 9.05, 10.57, -38.88
0, 5194556, -83878, -8238, -193.44, 66.75, 8.50, 10.57, -36.66
0, 5201078, -84651, -8326, -205.31, 67.94, 8.99, 10.00, -34.68
0, 5210973, -85621, -8434, -216.44, 69.06, 8.99, 9.05, -31.64
0, 5217852, -86172, -8499, -227.19, 70.19, 9.13, 10.25, -29.51
0, 5224673, -86663, -8554, -227.19, 70.19, 9.89, 10.13, -27.38
0, 5233758, -87279, -8619, -237.37, 71.25, 9.84, 10.13, -24.53
0, 5240460, -87668, -8659, -246.00, 72.00, 9.35, 9.91, -22.41
0, 5248281, -88009, -8692, -252.81, 72.69, 9.35, 9.70, -19.92
0, 5257066, -88244, -8714, -258.87, 73.31, 10.33, 10.13, -17.11
0, 5265149, -88341, -8723, -258.87, 73.31, 10.09, 10.01, -14.51
0, 5274504, -88342, -8725, -262.62, 73.69, 10.27, 10.11, -11.49
0, 5285156, -88332, -8726, -267.00, 73.87, 9.65, 10.11, -8.05
0, 5291884, -88319, -8728, -267.00, 73.94, 9.47, 9.83, -5.86
0, 5299062, -88307, -8729, -266.94, 73.94, 9.47, 9.77, -3.53
0, 5308528, -88286, -8730, -266.81, 73.94, 9.59, 9.89, -0.45
0, 5315121, -88255, -8732, -266.81, 73.94, 9.52, 9.71, 1.70
0, 5323125, -88195, -8733, -266.62, 74.00, 9.72, 9.71, 4.30
0, 5330927, -88089, -8733, -266.44, 74.06, 9.49, 9.91, 6.83
0, 5338692, -87902, -8734, -265.94, 74.12, 9.49, 9.84, 9.35
0, 5346557, -87750, -8771, -265.00, 74.12, 10.03, 9.76, 11.90
0, 5353306, -87642, -8768, -265.00, 74.25, 8.62, 9.76, 14.08
0, 5362229, -87457, -8753, -263.06, 74.25, 9.95, 8.78, 16.94
0, 5369778, -87277, -8736, -261.50, 74.56, 9.95, 9.90, 19.36
0, 5375881, -87081, -8717, -259.87, 74.56, 9.58, 10.06, 21.30
0, 5384875, -86689, -8679, -259.87, 74.50, 9.82, 10.06, 24.15
0, 5390976, -86363, -8651, -257.94, 74.31, 9.84, 9.89, 26.08
0, 5398660, -85861, -8604, -255.00, 74.00, 9.84, 9.94, 28.48
0, 5407979, -85164, -8545, -250.94, 73.62, 9.89, 9.90, 31.37
0, 5414747, -84631, -8491, -250.94, 73.62, 9.88, 9.68, 33.46
0, 5422857, -83918, -8423, -245.56, 73.06, 9.49, 9.68, 35.93
0, 5430800, -83117, -8364, -239.31, 72.50, 9.52, 10.13, 38.33
0, 5438678, -82206, -8278, -232.37, 71.75, 9.52, 9.51, 40.69
0, 5446490, -81266, -8179, -224.50, 71.75, 9.69, 10.31, 43.00
0, 5453265, -80464, -8094, -224.50, 71.06, 8.96, 10.31, 44.98
0, 5462635, -79302, -7951, -215.06, 70.19, 9.11, 10.15, 47.68
0, 5470484, -78184, -7827, -205.12, 69.06, 9.11, 10.42, 49.91
0, 5477096, -77116, -7717, -195.06, 67.81, 9.04, 9.56, 51.76
0, 5486006, -75543, -7557, -183.69, 67.81, 8.59, 9.77, 54.22
0, 5492907, -74260, -7435, -183.69, 66.44, 8.70, 9.77, 56.09
0, 5499701, -72909, -7317, -170.12, 64.87, 8.97, 10.04, 57.91
0, 5508769, -71077, -7154, -154.87, 63.19, 8.97, 10.01, 60.29
0, 5515551, -69803, -7032, -154.87, 63.19, 8.91, 9.89, 62.03
0, 5523432, -68301, -6903, -138.06, 61.56, 11.93, 9.89, 64.03
0, 5531285, -66694, -6753, -120.19, 59.94, 10.18, 9.07, 65.97
0, 5538790, -65023, -6589, -102.87, 58.38, 10.18, 10.20, 67.78
0, 5546870, -62954, -6385, -84.44, 58.38, 10.99, 10.17, 69.69
0, 5553655, -61057, -6200, -84.44, 56.75, 11.49, 10.17, 71.26
0, 5563095, -58512, -5862, -64.00, 54.81, 13.27, 11.08, 73.38
0, 5571167, -56159, -5616, -42.44, 52.56, 13.27, 8.90, 75.14
0, 5577995, -54079, -5396, -20.56, 49.81, 14.30, 8.47, 76.59
0, 5586837, -51249, -5140, -358.75, 49.81, 13.11, 9.63, 78.40
0, 5593606, -49079, -4933, -358.75, 47.00, 11.83, 9.63, 79.75
0, 5600384, -46968, -4736, -337.19, 44.13, 9.58, 10.79, 81.06
0, 5609169, -43992, -4451, -316.25, 41.50, 9.58, 8.46, 82.70
0, 5615971, -41661, -4206, -296.00, 41.50, 7.12, 11.44, 83.93
0, 5623807, -38941, -3925, -296.00, 38.88, 3.41, 11.44, 85.29
0, 5631547, -36109, -3666, -276.56, 36.06, 3.33, 9.41, 86.57
0, 5638972, -33482, -3422, -257.94, 32.88, 3.33, 10.57, 87.76
0, 5646982, -30793, -3162, -239.87, 32.88, 5.15, 8.50, 88.98
0, 5653878, -28458, -2935, -239.87, 29.62, 11.09, 8.50, 89.98
0, 5663137, -25145, -2615, -222.12, 26.62, 12.88, 9.72, 91.25
0, 5670525, -22696, -2330, -204.31, 23.62, 12.88, 9.66, 92.21
0, 5677579, -20273, -2057, -186.44, 20.56, 15.20, 9.69, 93.07
0, 5686885, -16843, -1679, -168.31, 20.56, 17.25, 8.73, 94.14
0, 5693737, -14354, -1464, -168.31, 17.37, 16.56, 8.73, 94.87
0, 5700460, -11875, -1224, -149.69, 14.00, 14.10, 7.38, 95.54
0, 5709286, -8754, -933, -130.50, 10.38, 14.10, 9.95, 96.35
0, 5716090, -6315, -698, -110.44, 10.38, 13.70, 10.18, 96.91
0, 5724000, -3407, -385, -110.44, 7.37, 6.05, 10.18, 97.52
0, 5731675, -594, -117, -89.50, 4.44, 7.42, 8.68, 98.04
0, 5739013, 2094, 127, -67.69, 1.25, 7.42, 10.31, 98.48
0, 5747054, 5028, 408, -45.31, 1.25, 2.95, 10.94, 98.90
0, 5754105, 7634, 676, -45.31, -2.19, 4.16, 10.94, 99.22
0, 5762812, 10804, 971, -22.62, -5.19, 12.43, 9.31, 99.53
0, 5769652, 13281, 1241, -0.19, -8.44, 12.43, 9.48, 99.72
0, 5776626, 15762, 1503, -338.19, -8.44, 14.02, 10.46, 99.86
0, 5786572, 19432, 1882, -317.00, -11.88, 15.00, 10.46, 99.98
0, 5793592, 21968, 2118, -317.00, -15.06, 15.99, 7.93, 100.00
0, 5800413, 24458, 2373, -296.69, -18.50, 16.71, 9.91, 99.97
0, 5809706, 27865, 2711, -277.19, -21.94, 16.71, 11.09, 99.85
0, 5816510, 30334, 2958, -258.50, -21.94, 16.19, 11.09, 99.70
0, 5824433, 33229, 3257, -258.50, -25.00, 12.41, 11.09, 99.46
0, 5832888, 36316, 3549, -240.31, -28.19, 8.79, 10.74, 99.14
0, 5839684, 38798, 3765, -222.56, -31.37, 5.66, 9.68, 98.83
0, 5847708, 41736, 4049, -204.94, -31.37, 5.66, 8.39, 98.40
0, 5855482, 44600, 4335, -187.31, -34.75, 3.31, 8.39, 97.92
0, 5863650, 47603, 4629, -187.31, -37.75, 9.09, 9.60, 97.34
0, 5870312, 49983, 4897, -169.31, -40.88, 9.09, 9.33, 96.82
0, 5877440, 52561, 5148, -150.81, -40.88, 11.74, 7.50, 96.22
0, 5887128, 56163, 5523, -131.62, -44.31, 13.15, 7.50, 95.31
0, 5894430, 58890, 5777, -131.62, -47.75, 15.58, 8.51, 94.56
0, 5900770, 61206, 6004, -111.50, -51.25, 16.16, 9.64, 93.87
0, 5909940, 64579, 6353, -90.50, -54.31, 16.16, 10.63, 92.80
0, 5916919, 67128, 6607, -68.69, -54.31, 17.37, 8.12, 91.93
0, 5924862, 70030, 6901, -68.69, -57.50, 14.56, 8.12, 90.88
0, 5933580, 73257, 7195, -46.31, -60.88, 10.13, 8.84, 89.66
0, 5940400, 75717, 7425, -23.75, -64.12, 7.57, 8.96, 88.66
0, 5948253, 78472, 7694, -1.25, -64.12, 7.57, 9.82, 87.45
0, 5956116, 81177, 7962, -339.19, -67.06, 4.19, 9.82, 86.18
0, 5964134, 84107, 8241, -339.19, -70.12, 4.77, 8.26, 84.83
0, 5970792, 86516, 8534, -317.94, -73.25, 4.60, 10.03, 83.66
0, 5977726, 89090, 8788, -297.56, -73.25, 4.60, 7.55, 82.40
0, 5987293, 92581, 9149, -278.00, -76.81, 10.98, 7.55, 80.60
0, 5994730, 95320, 9409, -278.00, -80.44, 15.01, 8.08, 79.14
0, 6001208, 97655, 9637, -259.12, -83.87, 16.05, 10.69, 77.84
0, 6009979, 100721, 9931, -241.00, -87.00, 16.05, 9.41, 76.01
0, 6017217, 103119, 10201, -223.25, -87.00, 16.95, 11.01, 74.46
0, 6026632, 106108, 10515, -205.62, -89.94, 14.41, 11.14, 72.38
0, 6036868, 109264, 10806, -187.75, -93.12, 13.23, 11.14, 70.04
0, 6045071, 111580, 11012, -169.50, -96.06, 10.95, 9.80, 68.11
0, 6051336, 113194, 11162, -169.50, -98.69, 8.14, 10.89, 66.61
0, 6060086, 115429, 11373, -150.75, -100.94, 8.14, 10.34, 64.46
0, 6068765, 117689, 11600, -131.44, -100.94, 6.39, 9.13, 62.27
0, 6076997, 119884, 11807, -111.44, -103.06, 7.16, 8.28, 60.15
0, 6086737, 122285, 12090, -90.81, -105.31, 6.28, 8.28, 57.59
0, 6093500, 123871, 12268, -90.81, -107.69, 5.72, 10.25, 55.78
0, 6100260, 125430, 12426, -69.62, -110.19, 8.61, 11.22, 53.94
0, 6108121, 127180, 12618, -48.19, -110.19, 8.61, 10.25, 51.77
0, 6115979, 128920, 12795, -26.69, -112.62, 9.48, 10.25, 49.57
0, 6123638, 130637, 12952, -26.69, -114.75, 10.59, 9.06, 47.39
0, 6129821, 131963, 13080, -5.31, -116.87, 11.49, 10.23, 45.60
0, 6138699, 133684, 13244, 15.69, -116.87, 11.49, 10.27, 43.01
0, 6146535, 135016, 13357, 36.13, -118.75, 12.21, 10.27, 40.70
0, 6153295, 136047, 13452, 36.13, -120.44, 12.60, 10.29, 38.68
0, 6160925, 136978, 13546, 54.38, -121.87, 11.06, 10.91, 36.38
0, 6167729, 137644, 13615, 69.75, -121.87, 11.06, 10.39, 34.31
0, 6175801, 138265, 13681, 82.25, -123.12, 10.83, 10.39, 31.83
0, 6184276, 138770, 13735, 82.25, -124.06, 10.08, 9.58, 29.20
0, 6190755, 139038, 13763, 91.37, -124.81, 10.21, 10.36, 27.18
0, 6198637, 139228, 13783, 98.00, -124.81, 10.21, 10.29, 24.70
0, 6206453, 139273, 13787, 102.69, -125.31, 9.61, 10.29, 22.23
0, 6214164, 139272, 13788, 102.69, -125.62, 9.24, 9.97, 19.78
0, 6220501, 139271, 13788, 105.31, -125.62, 9.24, 9.72, 17.75
0, 6227691, 139269, 13789, 106.00, -125.69, 9.25, 9.88, 15.44
0, 6237203, 139266, 13791, 106.00, -125.75, 9.23, 9.88, 12.38
0, 6244753, 139260, 13792, 106.00, -125.75, 9.51, 9.95, 9.94
0, 6251272, 139250, 13795, 105.94, -125.81, 9.21, 9.62, 7.83
0, 6259462, 139238, 13798, 105.94, -125.81, 9.21, 9.86, 5.17
0, 6267513, 139222, 13803, 105.87, -125.81, 9.33, 9.86, 2.55
0, 6275837, 139198, 13809, 105.75, -125.81, 9.34, 9.70, -0.16
0, 6283949, 139164, 13821, 105.75, -125.87, 9.29, 9.70, -2.80
0, 6290549, 139121, 13839, 105.56, -125.87, 9.38, 9.59, -4.95
0, 6298392, 139038, 13877, 105.31, -126.00, 9.38, 9.59, -7.49
0, 6306314, 138964, 13878, 104.94, -126.19, 9.40, 9.57, -10.06
0, 6312966, 138903, 13880, 104.94, -126.50, 9.04, 11.06, -12.21
0, 6320692, 138822, 13884, 104.19, -126.50, 9.30, 9.61, -14.70
0, 6328076, 138763, 13889, 104.81, -126.62, 9.30, 9.71, -17.08
0, 6337130, 138726, 13899, 105.44, -126.69, 9.25, 9.71, -19.97
0, 6343901, 138697, 13905, 105.44, -126.75, 9.35, 9.87, -22.12
0, 6350604, 138673, 13909, 106.12, -126.81, 9.25, 9.56, -24.25
0, 6358502, 138653, 13914, 107.12, -126.81, 9.25, 9.80, -26.73
0, 6366679, 138621, 13916, 106.75, -126.87, 9.29, 9.80, -29.29
0, 6374189, 138364, 13900, 106.75, -126.94, 9.37, 9.70, -31.61
0, 6380493, 138009, 13863, 106.50, -127.00, 9.53, 10.47, -33.55
0, 6390346, 137278, 13781, 106.00, -127.00, 9.74, 9.90, -36.55
0, 6398350, 136524, 13693, 102.87, -126.75, 9.74, 9.90, -38.97
0, 6406409, 135550, 13604, 97.25, -126.19, 10.04, 10.11, -41.37
0, 6414461, 134367, 13491, 97.25, -125.31, 10.21, 9.56, -43.74
0, 6420533, 133372, 13381, 89.69, -125.31, 11.14, 10.31, -45.51
0, 6429316, 131840, 13210, 79.44, -124.31, 11.76, 10.17, -48.03
0, 6439686, 129870, 13014, 66.25, -123.06, 11.04, 8.98, -50.97
0, 6447732, 128300, 12870, 51.00, -121.44, 11.04, 8.98, -53.20
0, 6455483, 126821, 12733, 34.19, -119.75, 12.05, 10.00, -55.32
0, 6463619, 125267, 12572, 34.19, -118.06, 10.15, 9.60, -57.50
0, 6470077, 123862, 12447, 16.00, -118.06, 9.78, 10.01, -59.21
0, 6478004, 121908, 12248, -2.19, -116.44, 9.78, 10.33, -61.27
0, 6487334, 119421, 11992, -21.25, -114.69, 11.80, 10.33, -63.64
0, 6495782, 117114, 11770, -42.56, -112.69, 9.81, 9.70, -65.74
0, 6502159, 115474, 11563, -42.56, -110.25, 6.11, 9.26, -67.29
0, 6509529, 113636, 11312, -64.19, -110.25, 6.11, 10.23, -69.04
0, 6518908, 111273, 11069, -85.56, -107.87, 6.87, 10.23, -71.22
0, 6528281, 108798, 10853, -106.25, -105.00, 6.55, 10.04, -73.32
0, 6538868, 105749, 10571, -126.44, -102.31, 6.93, 8.03, -75.62
0, 6548665, 102685, 10322, -146.06, -100.12, 8.11, 8.03, -77.67
0, 6558371, 99520, 10014, -165.00, -98.00, 10.65, 8.31, -79.62
0, 6566439, 96700, 9721, -183.31, -95.69, 11.42, 10.56, -81.18
0, 6573113, 94346, 9466, -183.31, -93.00, 15.93, 8.85, -82.43
0, 6579882, 91910, 9239, -201.25, -93.00, 16.42, 9.45, -83.66
0, 6589286, 88667, 8919, -218.87, -90.00, 16.42, 10.33, -85.29
0, 6597464, 85648, 8632, -236.50, -86.62, 16.44, 10.33, -86.65
0, 6604991, 82864, 8350, -236.50, -83.56, 13.39, 8.83, -87.85
0, 6611654, 80429, 8125, -254.56, -83.56, 10.77, 9.27, -88.86
0, 6619144, 77703, 7764, -273.19, -80.44, 10.77, 9.27, -89.96
0, 6627219, 74740, 7440, -292.44, -77.06, 6.18, 10.92, -91.07
0, 6635447, 71733, 7198, -312.62, -73.56, 6.43, 6.76, -92.15
0, 6641997, 69374, 6956, -312.62, -73.56, 5.13, 9.86, -92.95
0, 6649436, 66649, 6743, -333.69, -69.56, 5.13, 8.91, -93.82
0, 6657815, 63561, 6430, -355.50, -66.50, 7.71, 8.91, -94.73
0, 6665453, 60753, 6141, -355.50, -63.63, 10.17, 12.10, -95.49
0, 6671678, 58428, 5897, -377.87, -63.63, 16.31, 8.74, -96.08
0, 6679345, 55618, 5632, -400.56, -60.63, 15.68, 8.49, -96.74
0, 6689167, 52112, 5279, -423.06, -57.38, 15.68, 8.49, -97.50
0, 6697466, 49024, 4989, -445.06, -53.94, 17.77, 10.20, -98.06
0, 6704792, 46364, 4721, -445.06, -50.81, 13.94, 10.38, -98.50
0, 6711445, 44002, 4493, -466.31, -50.81, 12.37, 9.05, -98.85
0, 6719224, 41152, 4126, -486.69, -47.69, 12.37, 9.05, -99.20
0, 6727082, 38255, 3816, -506.06, -44.25, 10.76, 8.72, -99.49
0, 6734816, 35470, 3601, -506.06, -40.88, 11.34, 8.54, -99.71
0, 6742546, 32725, 3338, -524.75, -36.81, 4.01, 10.48, -99.87
0, 6749765, 30093, 3110, -542.87, -36.81, 4.08, 11.13, -99.96
0, 6758164, 27006, 2796, -560.56, -33.75, 4.08, 11.13, -100.00
0, 6765671, 24292, 2515, -578.19, -30.87, 7.08, 11.51, -99.97
0, 6771796, 21998, 2256, -578.19, -30.87, 14.45, 10.02, -99.90
0, 6779644, 19114, 2001, -595.87, -27.75, 15.88, 9.96, -99.75
0, 6789640, 15489, 1644, -613.81, -24.56, 17.65, 9.96, -99.47
0, 6797905, 12464, 1360, -632.31, -21.12, 17.65, 11.11, -99.16
0, 6805783, 9587, 1058, -651.56, -18.12, 16.98, 8.82, -98.80
0, 6811672, 7421, 855, -651.56, -18.12, 15.08, 9.21, -98.48
0, 6819632, 4528, 511, -671.62, -14.94, 15.08, 9.21, -98.00
0, 6827395, 1696, 212, -692.56, -11.69, 13.81, 10.09, -97.47
0, 6835099, -1139, -15, -714.37, -8.19, 12.12, 8.80, -96.87
0, 6842980, -4001, -290, -714.37, -8.19, 5.38, 12.29, -96.21
0, 6849981, -6557, -523, -736.75, -4.37, 3.55, 12.29, -95.56
0, 6858422, -9657, -863, -759.50, -1.19, 3.55, 7.75, -94.71
0, 6865995, -12438, -1154, -782.06, 1.75, 2.75, 9.52, -93.90
0, 6872099, -14728, -1395, -782.06, 1.75, 9.31, 9.06, -93.19
0, 6879993, -17589, -1648, -804.12, 4.94, 11.92, 9.08, -92.23
0, 6890049, -21255, -1990, -825.37, 8.25, 13.28, 9.08, -90.92
0, 6898070, -24160, -2276, -845.75, 11.69, 13.28, 10.06, -89.80
0, 6907239, -27383, -2594, -865.19, 14.69, 15.38, 8.51, -88.45
0, 6913797, -29614, -2851, -865.19, 17.81, 16.50, 9.51, -87.43
0, 6920717, -31903, -3155, -883.94, 17.81, 15.54, 10.09, -86.32
0, 6930072, -35005, -3467, -902.12, 21.06, 13.84, 6.86, -84.74
0, 6940253, -38346, -3745, -920.06, 24.37, 9.24, 6.86, -82.93
0, 6948374, -40954, -3990, -937.87, 28.06, 9.24, 9.41, -81.43
0, 6956212, -43427, -4177, -955.75, 30.94, 7.75, 8.59, -79.92
0, 6962333, -45344, -4403, -955.75, 30.94, 4.17, 10.48, -78.71
0, 6970254, -47913, -4654, -973.94, 33.56, 4.17, 10.48, -77.09
0, 6978510, -50563, -4953, -992.62, 36.00, 4.03, 11.57, -75.36
0, 6988222, -53687, -5249, -1011.87, 38.88, 5.43, 7.84, -73.24
0, 6996086, -56097, -5486, -1031.88, 41.88, 9.06, 11.07, -71.47
0, 7004471, -58686, -5710, -1031.88, 44.88, 10.52, 9.19, -69.54
0, 7012331, -61184, -5970, -1052.69, 44.88, 11.21, 9.96, -67.68
0, 7021713, -63831, -6230, -1074.19, 47.50, 15.48, 9.88, -65.40
0, 7031116, -66122, -6512, -1096.13, 50.06, 14.15, 10.60, -63.06
0, 7042024, -68482, -6802, -1118.25, 52.94, 12.62, 10.60, -60.26
0, 7050739, -70302, -6980, -1140.06, 55.44, 11.19, 8.16, -57.97
0, 7060245, -72187, -7160, -1161.25, 58.06, 11.19, 11.58, -55.43
0, 7069402, -73812, -7282, -1181.31, 60.38, 10.85, 9.18, -52.92
0, 7078046, -75196, -7417, -1200.19, 62.19, 10.09, 11.46, -50.51
0, 7088231, -76734, -7555, -1217.06, 63.50, 8.77, 9.59, -47.63
0, 7096037, -77604, -7625, -1231.69, 63.50, 9.39, 10.15, -45.38
0, 7103531, -78255, -7679, -1231.69, 64.87, 8.71, 10.66, -43.19
0, 7111192, -78987, -7750, -1244.94, 66.00, 10.12, 10.66, -40.93
0, 7120215, -79444, -7797, -1255.56, 66.69, 10.12, 8.99, -38.23
0, 7128950, -79564, -7805, -1263.25, 67.44, 9.46, 10.57, -35.59
0, 7139120, -79566, -7806, -1270.19, 67.87, 8.87, 10.48, -32.48
0, 7147891, -79565, -7806, -1272.88, 67.94, 9.76, 10.17, -29.77
0, 7156410, -79564, -7807, -1273.25, 67.94, 10.10, 9.82, -27.11
0, 7163469, -79562, -7808, -1273.25, 67.94, 9.90, 9.87, -24.89
0, 7171106, -79560, -7808, -1273.25, 68.00, 10.03, 9.87, -22.48
0, 7180066, -79556, -7809, -1273.19, 68.00, 9.83, 9.78, -19.63
0, 7190177, -79552, -7810, -1273.19, 68.00, 9.97, 9.78, -16.39
0, 7198038, -79547, -7812, -1273.19, 68.00, 9.97, 9.82, -13.86
0, 7205876, -79542, -7813, -1273.13, 68.00, 9.96, 9.79, -11.33
0, 7211810, -79537, -7814, -1273.13, 68.00, 9.87, 9.79, -9.41
0, 7219504, -79531, -7816, -1273.06, 68.06, 9.87, 9.80, -6.92
0, 7226182, -79524, -7817, -1273.44, 68.06, 9.88, 9.78, -4.75
0, 7233009, -79512, -7818, -1273.44, 68.06, 10.02, 9.81, -2.53
0, 7241798, -79464, -7825, -1273.88, 68.12, 9.89, 9.81, 0.33
0, 7249191, -79417, -7825, -1274.31, 68.12, 9.89, 9.89, 2.74
0, 7257266, -79326, -7824, -1274.63, 68.19, 9.85, 9.64, 5.36
0, 7263194, -79230, -7824, -1274.63, 68.19, 9.72, 9.63, 7.29
0, 7271021, -79047, -7824, -1274.63, 68.25, 9.95, 9.63, 9.82
0, 7279006, -78843, -7847, -1274.38, 68.25, 9.95, 9.89, 12.41
0, 7286703, -78825, -7860, -1273.06, 68.25, 9.70, 9.80, 14.89
0, 7295694, -78823, -7861, -1270.94, 68.25, 10.89, 10.16, 17.77
0, 7303384, -78813, -7867, -1270.94, 68.56, 9.90, 10.16, 20.23
0, 7310356, -78804, -7873, -1269.94, 68.62, 9.90, 9.69, 22.45
0, 7318326, -78799, -7874, -1269.88, 68.69, 9.86, 9.81, 24.97
0, 7324115, -78793, -7876, -1269.88, 68.69, 10.01, 9.92, 26.79
0, 7332547, -78787, -7878, -1269.75, 68.75, 10.00, 9.58, 29.42
0, 7342230, -78506, -7857, -1269.69, 68.81, 9.84, 9.58, 32.42
0, 7349411, -78053, -7808, -1269.63, 68.81, 9.84, 9.92, 34.62
0, 7357600, -77371, -7738, -1269.31, 68.62, 8.97, 10.38, 37.10
0, 7363929, -76762, -7677, -1269.31, 68.62, 9.09, 9.80, 39.01
0, 7371852, -75897, -7588, -1266.19, 68.06, 9.06, 9.80, 41.37
0, 7379603, -74985, -7502, -1260.13, 67.25, 9.26, 10.08, 43.65
0, 7389490, -73666, -7381, -1252.19, 66.25, 9.26, 9.97, 46.52
0, 7397661, -72481, -7279, -1242.75, 65.19, 9.40, 10.18, 48.86
0, 7405469, -71320, -7174, -1232.06, 65.19, 9.06, 9.72, 51.06
0, 7411487, -70446, -7095, -1232.06, 64.06, 10.26, 9.72, 52.74
0, 7419225, -69327, -6990, -1219.81, 62.88, 10.26, 9.99, 54.86
0, 7425799, -68319, -6905, -1206.69, 61.69, 10.94, 9.17, 56.63
0, 7433838, -66991, -6780, -1206.69, 61.69, 10.10, 10.45, 58.77
0, 7445015, -64922, -6579, -1193.50, 60.50, 10.02, 9.81, 61.67
0, 7451121, -63600, -6446, -1179.75, 59.19, 10.78, 9.81, 63.23
0, 7459103, -61650, -6260, -1164.38, 57.63, 10.78, 10.07, 65.22
0, 7466625, -59833, -6031, -1146.81, 55.81, 11.42, 10.50, 67.05
0, 7474723, -57845, -5791, -1146.81, 55.81, 12.29, 10.60, 68.98
0, 7484890, -55053, -5504, -1126.25, 53.75, 12.18, 8.52, 71.34
0, 7493963, -52441, -5246, -1104.56, 51.13, 12.47, 8.52, 73.38
0, 7500876, -50375, -5057, -1083.00, 48.56, 11.99, 9.48, 74.89
0, 7508940, -48006, -4832, -1061.56, 45.94, 11.99, 9.80, 76.60
0, 7514758, -46283, -4675, -1061.56, 45.94, 10.61, 10.05, 77.80
0, 7523920, -43317, -4385, -1040.63, 43.50, 7.33, 8.96, 79.64
0, 7532681, -40453, -4083, -1020.37, 41.06, 7.42, 9.69, 81.33
0, 7542443, -37099, -3750, -1000.81, 38.50, 4.09, 9.69, 83.14
0, 7549442, -34659, -3533, -982.00, 35.50, 4.09, 9.11, 84.38
0, 7557741, -31943, -3275, -963.81, 32.38, 5.48, 9.89, 85.80
0, 7563453, -30126, -3096, -963.81, 32.38, 10.88, 8.86, 86.74
0, 7571503, -27431, -2833, -946.06, 29.44, 12.72, 8.86, 88.02
0, 7579062, -24792, -2582, -928.37, 26.56, 12.72, 9.61, 89.16
0, 7588145, -21870, -2243, -910.44, 23.69, 14.36, 10.40, 90.46
0, 7596952, -18741, -1921, -892.31, 23.69, 16.91, 9.98, 91.64
0, 7603923, -16137, -1624, -892.31, 20.56, 14.83, 9.98, 92.52
0, 7611067, -13577, -1391, -873.75, 17.31, 14.83, 10.47, 93.38
0, 7617953, -11099, -1153, -854.50, 13.81, 16.13, 9.71, 94.16
0, 7624668, -8671, -925, -854.50, 13.81, 13.60, 11.99, 94.87
0, 7633915, -5328, -594, -834.50, 10.63, 8.81, 11.39, 95.78
0, 7644042, -1563, -207, -813.69, 7.69, 7.60, 11.39, 96.68
0, 7650622, 809, 2, -792.00, 4.56, 2.90, 8.72, 97.20
0, 7658442, 3645, 283, -769.62, 1.19, 2.90, 7.69, 97.77
0, 7664740, 5955, 497, -769.62, 1.19, 5.53, 11.21, 98.18
0, 7672813, 8941, 801, -747.00, -2.00, 8.56, 11.21, 98.64
0, 7680839, 11836, 1055, -724.44, -5.19, 12.37, 10.46, 99.04
0, 7690773, 15438, 1463, -702.37, -8.56, 14.48, 8.50, 99.43
0, 7698662, 18328, 1766, -681.00, -11.75, 14.48, 12.54, 99.67
0, 7706475, 21192, 2046, -660.62, -11.75, 17.27, 9.46, 99.85
0, 7712194, 23319, 2265, -660.62, -15.13, 16.15, 9.46, 99.93
0, 7719747, 26098, 2536, -641.00, -18.62, 16.15, 10.89, 99.99
0, 7726008, 28423, 2751, -622.25, -18.62, 16.60, 10.87, 100.00
0, 7734582, 31526, 3074, -622.25, -21.81, 12.75, 8.36, 99.93
0, 7744092, 35010, 3433, -604.12, -25.00, 11.15, 8.36, 99.78
0, 7750661, 37454, 3645, -586.37, -28.19, 6.11, 8.74, 99.61
0, 7758478, 40254, 3908, -568.75, -31.56, 6.11, 8.95, 99.35
0, 7764191, 42306, 4099, -568.75, -31.56, 3.51, 7.88, 99.12
0, 7772263, 45278, 4399, -551.12, -34.75, 3.19, 7.88, 98.74
0, 7779858, 48052, 4659, -533.25, -37.75, 7.81, 9.23, 98.32
0, 7789280, 51459, 5034, -514.81, -41.06, 7.81, 8.37, 97.72
0, 7797624, 54524, 5355, -495.69, -41.06, 13.19, 9.17, 97.11
0, 7805277, 57351, 5641, -475.75, -44.50, 16.77, 9.17, 96.48
0, 7811408, 59641, 5866, -475.75, -48.06, 16.77, 9.61, 95.94
0, 7818324, 62197, 6097, -454.81, -51.44, 16.06, 11.36, 95.28
0, 7825144, 64690, 6364, -454.81, -51.44, 17.98, 10.78, 94.58
0, 7834267, 68030, 6712, -433.12, -54.69, 15.13, 8.56, 93.57
0, 7843962, 71563, 7058, -410.69, -57.75, 14.94, 8.56, 92.42
0, 7850688, 74059, 7273, -388.06, -61.19, 8.75, 10.69, 91.56
0, 7858514, 76929, 7544, -365.56, -64.50, 8.75, 11.61, 90.50
0, 7864495, 79102, 7754, -365.56, -64.50, 4.59, 8.78, 89.66
0, 7872778, 82176, 8061, -343.44, -67.50, 4.09, 8.78, 88.43
0, 7880741, 85096, 8354, -322.06, -70.62, 4.29, 8.44, 87.19
0, 7890454, 88687, 8751, -301.50, -73.87, 11.28, 8.93, 85.60
0, 7898276, 91580, 9055, -281.94, -73.87, 11.28, 10.05, 84.26
0, 7906131, 94478, 9330, -263.06, -77.31, 13.32, 10.05, 82.85
0, 7911842, 96603, 9539, -263.06, -81.06, 13.32, 8.25, 81.80
0, 7918596, 99105, 9765, -244.87, -84.56, 14.81, 9.56, 80.52
0, 7925395, 101564, 10026, -244.87, -84.56, 17.74, 11.29, 79.18
0, 7935041, 104904, 10389, -227.06, -87.75, 15.56, 8.03, 77.23
0, 7944377, 108041, 10701, -209.50, -90.81, 15.93, 8.03, 75.26
0, 7950770, 110175, 10883, -191.87, -94.12, 13.67, 10.53, 73.88
0, 7959572, 112886, 11138, -173.87, -97.31, 13.67, 10.71, 71.92
0, 7966042, 114804, 11313, -155.31, -97.31, 7.44, 9.67, 70.44
0, 7973907, 117163, 11545, -155.31, -100.12, 6.12, 9.67, 68.60
0, 7981648, 119538, 11778, -136.12, -102.69, 6.07, 9.09, 66.74
0, 7990982, 122234, 12082, -116.19, -105.12, 4.73, 9.49, 64.45
0, 7998761, 124366, 12318, -95.50, -107.87, 4.73, 8.84, 62.50
0, 8006583, 126510, 12536, -74.06, -107.87, 7.91, 8.84, 60.49
0, 8012296, 128039, 12709, -74.06, -110.69, 8.24, 11.10, 59.00
0, 8018970, 129864, 12884, -52.38, -113.62, 8.24, 10.37, 57.23
0, 8025769, 131693, 13055, -30.50, -113.62, 11.54, 9.99, 55.40
0, 8034651, 133943, 13267, -30.50, -116.25, 11.67, 10.16, 52.97
0, 8044822, 136283, 13477, -8.75, -118.75, 13.34, 10.16, 50.14
0, 8050936, 137498, 13597, 12.69, -121.00, 13.83, 9.90, 48.41
0, 8058948, 138829, 13743, 33.56, -121.00, 13.83, 10.61, 46.11
0, 8064842, 139693, 13836, 33.56, -123.00, 12.13, 10.61, 44.40
0, 8073313, 140834, 13963, 53.81, -124.87, 11.44, 10.67, 41.91
0, 8081182, 141813, 14072, 71.81, -126.44, 10.16, 9.78, 39.57
0, 8090050, 142812, 14178, 85.75, -127.81, 9.54, 10.35, 36.91
0, 8098368, 143712, 14270, 97.62, -127.81, 9.54, 10.15, 34.38
0, 8106486, 144528, 14347, 108.12, -129.06, 10.11, 10.15, 31.89
0, 8113050, 145089, 14395, 108.12, -130.12, 9.34, 9.69, 29.86
0, 8119929, 145618, 14440, 117.56, -131.12, 9.34, 9.97, 27.71
0, 8126835, 146059, 14476, 126.44, -131.12, 8.81, 9.67, 25.55
0, 8136113, 146498, 14515, 134.06, -131.94, 8.76, 10.17, 22.62
0, 8145308, 146765, 14539, 140.25, -132.62, 8.59, 10.17, 19.69
0, 8151668, 146798, 14544, 140.25, -133.12, 8.71, 9.79, 17.66
0, 8159268, 146797, 14544, 144.87, -133.12, 8.71, 10.06, 15.22
0, 8165344, 146795, 14545, 144.87, -133.50, 8.18, 10.06, 13.26
0, 8173566, 146790, 14545, 147.87, -133.75, 9.67, 9.91, 10.61
0, 8181253, 146783, 14547, 148.81, -133.81, 9.34, 9.59, 8.12
0, 8190069, 146773, 14549, 148.81, -133.81, 9.35, 9.73, 5.25
0, 8198738, 146763, 14550, 148.75, -133.81, 9.35, 9.68, 2.43
0, 8207669, 146747, 14552, 148.69, -133.81, 9.31, 9.86, -0.47
0, 8215354, 146730, 14553, 148.62, -133.81, 9.60, 9.86, -2.97
0, 8223625, 146706, 14554, 148.62, -133.81, 9.22, 9.51, -5.66
0, 8231072, 146675, 14554, 148.50, -133.87, 9.40, 9.69, -8.08
0, 8239453, 146624, 14556, 148.37, -133.87, 9.26, 9.64, -10.79
0, 8248454, 146554, 14557, 148.19, -133.87, 9.26, 9.69, -13.70
0, 8255802, 146482, 14559, 149.37, -133.94, 9.32, 9.69, -16.06
0, 8261506, 146422, 14560, 149.37, -133.94, 9.32, 9.67, -17.89
0, 8267672, 146376, 14562, 150.37, -133.94, 9.30, 9.67, -19.86
0, 8274682, 146346, 14563, 150.37, -134.00, 9.34, 9.67, -22.09
0, 8282206, 146322, 14565, 149.69, -134.00, 9.75, 9.76, -24.48
0, 8290238, 146299, 14567, 148.81, -134.06, 9.51, 9.62, -27.00
0, 8298833, 146279, 14569, 148.25, -134.06, 9.51, 9.70, -29.68
0, 8307097, 146261, 14571, 148.00, -134.06, 9.50, 9.70, -32.24
0, 8312800, 146249, 14572, 148.00, -134.12, 9.48, 9.66, -33.99
0, 8318761, 146236, 14574, 147.75, -134.12, 9.48, 9.70, -35.81
0, 8326155, 146146, 14566, 147.56, -134.12, 9.48, 9.70, -38.04
0, 8334604, 145519, 14519, 147.56, -134.19, 9.21, 9.73, -40.57
0, 8344222, 144479, 14444, 147.37, -134.06, 5.71, 10.37, -43.41
0, 8352176, 143447, 14347, 147.06, -133.56, 8.24, 9.84, -45.73
0, 8359518, 142383, 14252, 143.25, -133.56, 8.24, 10.00, -47.84
0, 8366511, 141235, 14160, 135.00, -132.69, 9.53, 10.00, -49.83
0, 8376192, 139541, 14026, 124.50, -131.56, 9.33, 9.86, -52.53
0, 8384759, 138076, 13878, 124.50, -130.44, 10.95, 11.02, -54.88
0, 8395485, 136185, 13661, 97.81, -129.12, 11.12, 8.84, -57.77
0, 8401608, 134914, 13560, 97.81, -127.62, 11.22, 10.08, -59.38
0, 8410559, 132785, 13324, 82.94, -127.62, 11.22, 9.04, -61.70
0, 8416457, 131288, 13152, 67.81, -125.87, 12.11, 9.04, -63.20
0, 8424213, 129192, 12951, 67.81, -124.00, 14.00, 10.66, -65.14
0, 8432083, 127098, 12761, 50.06, -121.56, 13.01, 8.26, -67.06
0, 8440447, 124933, 12542, 29.81, -119.19, 10.55, 10.12, -69.05
0, 8450227, 122073, 12265, 8.81, -116.87, 8.94, 8.53, -71.32
0, 8458116, 119561, 12008, -12.63, -116.87, 8.94, 8.53, -73.09
0, 8463829, 117703, 11839, -12.63, -114.50, 8.36, 10.24, -74.35
0, 8471694, 115268, 11539, -34.44, -111.62, 5.08, 10.00, -76.04
0, 8479464, 112957, 11240, -56.44, -108.69, 5.01, 11.72, -77.65
0, 8489452, 109886, 10936, -78.25, -105.25, 5.84, 7.88, -79.66
0, 8498193, 107096, 10714, -99.44, -105.25, 5.84, 9.21, -81.35
0, 8506003, 104454, 10478, -120.00, -102.31, 9.42, 9.21, -82.80
0, 8512796, 102108, 10266, -120.00, -99.94, 10.38, 8.42, -84.02
0, 8519959, 99577, 10019, -139.87, -99.94, 10.38, 10.39, -85.26
0, 8528348, 96483, 9699, -159.00, -97.25, 11.54, 10.41, -86.65
0, 8537564, 93083, 9347, -177.37, -94.37, 16.59, 10.81, -88.11
0, 8547337, 89600, 9017, -195.25, -91.19, 17.12, 10.81, -89.57
0, 8554229, 87045, 8774, -195.25, -87.69, 17.70, 10.45, -90.55
0, 8561003, 84547, 8523, -212.81, -87.69, 17.70, 9.05, -91.46
0, 8567452, 82219, 8290, -230.37, -84.62, 13.17, 9.05, -92.29
0, 8575548, 79273, 7974, -248.25, -81.44, 12.32, 9.85, -93.27
0, 8584276, 76075, 7584, -248.25, -78.06, 5.80, 8.32, -94.26
0, 8591807, 73312, 7298, -266.56, -74.44, 4.79, 8.79, -95.05
0, 8599562, 70538, 7089, -285.50, -74.44, 4.85, 10.10, -95.80
0, 8607939, 67461, 6806, -305.25, -70.56, 4.85, 10.10, -96.55
0, 8613650, 65331, 6606, -305.25, -67.50, 6.90, 6.68, -97.01
0, 8619540, 63144, 6399, -325.94, -67.50, 6.90, 11.26, -97.46
0, 8627470, 60212, 6093, -347.37, -64.56, 9.55, 10.08, -98.01
0, 8636122, 57055, 5763, -369.56, -61.56, 16.12, 10.08, -98.53
0, 8644882, 53861, 5453, -369.56, -58.25, 17.39, 9.83, -98.97
0, 8651212, 51591, 5234, -392.19, -54.94, 18.61, 8.47, -99.25
0, 8659211, 48631, 4951, -414.81, -54.94, 18.61, 8.47, -99.53
0, 8664920, 46577, 4739, -414.81, -51.88, 15.86, 9.82, -99.69
0, 8671794, 44073, 4484, -437.06, -48.69, 15.29, 10.24, -99.84
0, 8678798, 41519, 4183, -458.69, -48.69, 12.98, 7.88, -99.95
0, 8687778, 38245, 3823, -479.37, -45.25, 12.98, 8.09, -100.00
0, 8697281, 34882, 3544, -499.12, -41.75, 12.31, 8.09, -99.96
0, 8704039, 32391, 3309, -499.12, -37.75, 3.61, 10.44, -99.88
0, 8710929, 29849, 3085, -518.12, -37.75, 3.61, 13.23, -99.74
0, 8716644, 27778, 2865, -536.50, -34.81, 2.26, 13.23, -99.59
0, 8724168, 25019, 2596, -536.50, -31.87, 7.27, 8.05, -99.34
0, 8730480, 22662, 2330, -554.37, -28.81, 12.82, 8.93, -99.09
0, 8739113, 19518, 2035, -572.00, -28.81, 15.58, 9.91, -98.67
0, 8748162, 16248, 1716, -589.62, -25.50, 15.58, 9.91, -98.15
0, 8756230, 13270, 1445, -607.37, -22.06, 19.16, 10.65, -97.61
0, 8761941, 11170, 1236, -607.37, -22.06, 18.04, 7.98, -97.19
0, 8768062, 8995, 1025, -625.62, -19.06, 18.04, 7.98, -96.70
0, 8776245, 6009, 674, -644.56, -15.88, 15.96, 10.60, -95.99
0, 8784390, 3034, 341, -644.56, -12.63, 13.10, 8.75, -95.21
0, 8791794, 303, 79, -664.19, -9.13, 11.53, 7.16, -94.45
0, 8799772, -2634, -171, -684.75, -9.13, 5.09, 12.59, -93.57
0, 8808129, -5676, -439, -706.19, -5.37, 5.09, 12.59, -92.57
0, 8813845, -7785, -661, -706.19, -2.25, 3.94, 7.05, -91.85
0, 8819817, -9978, -884, -728.44, -2.25, 3.94, 8.31, -91.07
0, 8827823, -12924, -1189, -751.12, 0.75, 2.88, 8.31, -89.96
0, 8836525, -16138, -1513, -773.75, 4.00, 9.50, 9.51, -88.69
0, 8844636, -19118, -1791, -773.75, 7.31, 12.34, 8.75, -87.44
0, 8850981, -21479, -2008, -796.06, 10.75, 12.56, 9.88, -86.42
0, 8859047, -24417, -2305, -817.69, 10.75, 12.56, 9.88, -85.07
0, 8864763, -26450, -2514, -817.69, 13.75, 15.54, 10.26, -84.07
0, 8871687, -28739, -2741, -838.44, 16.94, 15.92, 9.20, -82.83
0, 8878904, -30983, -3074, -858.31, 16.94, 14.94, 10.70, -81.49
0, 8888530, -33942, -3357, -877.37, 20.12, 14.94, 5.51, -79.64
0, 8897501, -36667, -3593, -895.94, 23.44, 12.69, 5.51, -77.84
0, 8904710, -38793, -3789, -895.94, 26.81, 9.27, 8.94, -76.35
0, 8911238, -40685, -3975, -914.12, 26.81, 9.27, 9.43, -74.96
0, 8917205, -42394, -4094, -932.19, 29.44, 7.80, 9.43, -73.66
0, 8924535, -44441, -4299, -932.19, 31.87, 5.69, 8.35, -72.02
0, 8930665, -46163, -4497, -950.19, 34.19, 6.04, 8.82, -70.63
0, 8939243, -48602, -4745, -968.31, 34.19, 6.16, 11.56, -68.62
0, 8948666, -51227, -5021, -986.87, 36.50, 6.16, 11.56, -66.36
0, 8956658, -53439, -5225, -1005.94, 39.19, 7.30, 8.83, -64.39
0, 8962364, -54927, -5365, -1005.94, 39.19, 8.51, 10.40, -62.96
0, 8968792, -56521, -5530, -1025.63, 41.88, 8.51, 10.40, -61.32
0, 8977502, -58747, -5714, -1046.00, 44.31, 11.75, 9.45, -59.06
0, 8987547, -61368, -5990, -1066.94, 46.44, 11.01, 11.30, -56.39
0, 8997636, -63626, -6212, -1088.31, 48.56, 12.16, 8.84, -53.65
0, 9005496, -65171, -6381, -1110.00, 50.94, 12.66, 10.42, -51.47
0, 9012053, -66274, -6548, -1110.00, 50.94, 11.41, 9.99, -49.63
0, 9018153, -67207, -6678, -1131.63, 53.13, 11.41, 9.99, -47.90
0, 9026218, -68356, -6797, -1152.38, 54.94, 10.99, 8.01, -45.58
0, 9033563, -69349, -6895, -1152.38, 57.06, 10.10, 12.21, -43.44
0, 9041221, -70379, -6992, -1169.75, 58.56, 10.17, 9.99, -41.18
0, 9049904, -71451, -7104, -1184.13, 58.56, 10.25, 9.59, -38.59
0, 9058167, -72356, -7176, -1197.00, 59.81, 10.25, 9.59, -36.10
0, 9063944, -72939, -7217, -1197.00, 61.00, 9.63, 9.89, -34.34
0, 9069654, -73458, -7255, -1209.13, 61.00, 9.51, 9.88, -32.59
0, 9077875, -74090, -7311, -1220.19, 62.00, 9.51, 9.88, -30.05
0, 9087310, -74741, -7375, -1229.75, 62.75, 9.08, 10.02, -27.10
0, 9096080, -75258, -7428, -1237.94, 63.31, 9.54, 9.72, -24.35
0, 9102607, -75598, -7459, -1237.94, 64.00, 9.52, 9.84, -22.28
0, 9109794, -75893, -7484, -1244.56, 64.00, 9.52, 9.84, -19.99
0, 9115501, -76056, -7498, -1244.56, 64.56, 9.63, 9.84, -18.17
0, 9121437, -76120, -7501, -1250.25, 64.56, 9.32, 9.98, -16.27
0, 9129208, -76113, -7505, -1255.00, 65.00, 9.32, 10.28, -13.77
0, 9137962, -76108, -7507, -1258.69, 65.31, 9.14, 10.28, -10.94
0, 9147726, -76095, -7511, -1260.56, 65.44, 10.18, 9.87, -7.78
0, 9155543, -76078, -7516, -1260.63, 65.44, 10.02, 9.53, -5.24
0, 9161565, -76066, -7519, -1260.63, 65.44, 10.02, 9.53, -3.28
0, 9167884, -76053, -7522, -1260.56, 65.50, 10.09, 9.81, -1.23
0, 9175716, -76027, -7524, -1260.44, 65.50, 10.05, 9.82, 1.32
0, 9183343, -75988, -7525, -1260.44, 65.56, 9.92, 9.84, 3.80
0, 9191129, -75923, -7524, -1260.25, 65.56, 10.06, 9.93, 6.33
0, 9199987, -75784, -7523, -1260.06, 65.62, 10.06, 9.93, 9.21
0, 9208143, -75549, -7523, -1259.75, 65.62, 10.06, 9.73, 11.85
0, 9213849, -75380, -7534, -1259.75, 65.62, 9.50, 9.85, 13.69
0, 9219804, -75387, -7529, -1258.50, 65.69, 9.50, 9.85, 15.60
0, 9227505, -75384, -7532, -1257.25, 65.69, 9.54, 9.51, 18.07
0, 9235193, -75382, -7533, -1254.81, 65.75, 12.34, 9.72, 20.53
0, 9243854, -75378, -7533, -1254.81, 65.75, 9.98, 9.77, 23.28
0, 9252686, -75373, -7535, -1253.75, 65.75, 10.14, 9.62, 26.06
0, 9259941, -75368, -7536, -1253.69, 65.75, 10.14, 9.62, 28.33
0, 9265651, -75365, -7537, -1253.69, 65.81, 10.05, 9.91, 30.11
0, 9271544, -75361, -7538, -1253.69, 65.81, 10.14, 9.60, 31.93
0, 9278572, -75357, -7539, -1253.63, 65.81, 10.14, 9.60, 34.09
0, 9288023, -75229, -7527, -1253.56, 65.81, 10.12, 9.75, 36.97
0, 9298185, -74429, -7449, -1253.50, 65.87, 10.12, 10.01, 40.02
0, 9307217, -73444, -7363, -1251.63, 65.87, 8.23, 10.73, 42.70
0, 9313872, -72639, -7297, -1251.63, 65.44, 9.00, 10.13, 44.64
0, 9320682, -71802, -7224, -1244.69, 65.44, 9.48, 10.07, 46.62
0, 9328714, -70774, -7130, -1235.06, 64.62, 9.48, 10.07, 48.91
0, 9338126, -69550, -7010, -1224.38, 63.75, 10.41, 9.86, 51.56
0, 9348203, -68131, -6887, -1213.13, 62.75, 10.15, 9.84, 54.34
0, 9356018, -66928, -6774, -1201.31, 61.69, 10.21, 9.93, 56.46
0, 9361923, -65944, -6677, -1201.31, 61.69, 10.10, 9.93, 58.03
0, 9368104, -64789, -6567, -1188.31, 60.56, 10.10, 9.92, 59.66
0, 9374892, -63339, -6421, -1188.31, 59.38, 10.49, 10.15, 61.42
0, 9384034, -61168, -6210, -1173.63, 58.00, 11.06, 10.29, 63.74
0, 9393541, -59009, -5923, -1156.38, 56.25, 11.83, 10.22, 66.09
0, 9402338, -56828, -5683, -1135.69, 56.25, 12.63, 8.70, 68.21
0, 9409493, -54907, -5486, -1114.19, 54.25, 12.63, 8.70, 69.90
0, 9415200, -53338, -5329, -1114.19, 51.81, 12.81, 8.96, 71.21
0, 9421028, -51650, -5174, -1092.69, 51.81, 12.05, 10.44, 72.53
0, 9429192, -49268, -4951, -1071.19, 49.38, 11.55, 10.44, 74.33
0, 9438600, -46578, -4701, -1050.06, 46.88, 11.55, 10.21, 76.35
0, 9448163, -43567, -4409, -1029.56, 44.44, 7.08, 9.39, 78.32
0, 9456021, -41074, -4143, -1009.75, 42.06, 7.75, 9.49, 79.88
0, 9461929, -39147, -3945, -1009.75, 42.06, 7.75, 9.49, 81.02
0, 9467644, -37188, -3759, -990.69, 39.25, 4.98, 8.68, 82.10
0, 9474293, -34896, -3554, -990.69, 36.19, 4.03, 9.99, 83.32
0, 9482065, -32370, -3316, -972.25, 36.19, 7.50, 10.47, 84.69
0, 9490652, -29655, -3050, -954.25, 33.25, 12.18, 9.74, 86.14
0, 9500140, -26423, -2736, -936.50, 30.37, 12.04, 9.74, 87.67
0, 9507968, -23788, -2458, -918.56, 27.56, 12.04, 9.56, 88.86
0, 9513686, -21969, -2255, -918.56, 27.56, 15.98, 9.56, 89.70
0, 9519400, -20034, -2035, -900.50, 24.56, 15.98, 11.14, 90.51
0, 9526766, -17307, -1725, -882.06, 21.37, 16.17, 9.52, 91.50
0, 9534911, -14298, -1461, -863.06, 18.06, 14.54, 9.96, 92.54
0, 9543419, -11226, -1165, -863.06, 14.56, 12.94, 10.92, 93.55
0, 9552494, -7941, -856, -843.37, 14.56, 11.97, 10.92, 94.55
0, 9559534, -5406, -602, -822.87, 11.63, 11.97, 11.14, 95.28
0, 9565244, -3298, -373, -822.87, 8.63, 9.86, 10.49, 95.82
0, 9571281, -1044, -152, -801.50, 8.63, 4.77, 10.49, 96.37
0, 9579478, 1940, 115, -779.37, 5.37, 2.88, 9.84, 97.04
0, 9589163, 5459, 453, -756.81, 2.00, 3.89, 7.55, 97.76
0, 9598762, 9004, 806, -734.19, -1.12, 3.89, 11.79, 98.37
0, 9607089, 12041, 1082, -711.94, -4.44, 7.85, 9.13, 98.82
0, 9613011, 14154, 1322, -711.94, -4.44, 14.37, 9.13, 99.10
0, 9619148, 16378, 1563, -690.31, -7.75, 14.37, 9.10, 99.34
0, 9625811, 18810, 1821, -669.62, -11.00, 15.66, 11.55, 99.57
0, 9634618, 22052, 2124, -669.62, -14.44, 16.03, 9.79, 99.79
0, 9643011, 25132, 2430, -649.75, -14.44, 15.97, 10.80, 99.93
0, 9652690, 28712, 2778, -630.69, -17.81, 14.07, 10.80, 100.00
0, 9659703, 31208, 3027, -612.31, -20.94, 14.07, 10.89, 99.98
0, 9665419, 33283, 3254, -594.37, -20.94, 10.99, 9.93, 99.94
0, 9671633, 35591, 3494, -594.37, -24.12, 8.39, 9.93, 99.84
0, 9679946, 38611, 3750, -576.69, -27.37, 3.08, 8.98, 99.65
0, 9689616, 42098, 4082, -559.06, -30.69, 3.63, 9.32, 99.34
0, 9699751, 45821, 4453, -541.25, -33.69, 1.78, 7.37, 98.91
0, 9707785, 48734, 4736, -523.00, -36.88, 1.78, 9.30, 98.49
0, 9713647, 50897, 4996, -523.00, -36.88, 11.89, 9.30, 98.15
0, 9719570, 53038, 5198, -504.12, -40.31, 11.89, 7.76, 97.76
0, 9726228, 55486, 5462, -484.50, -43.81, 12.06, 9.98, 97.28
0, 9735277, 58854, 5774, -463.94, -47.19, 15.80, 9.27, 96.55
0, 9743287, 61803, 6056, -463.94, -47.19, 17.03, 10.65, 95.84
0, 9753022, 65363, 6448, -442.50, -50.63, 16.45, 10.65, 94.89
0, 9760020, 67941, 6700, -420.37, -53.69, 16.45, 9.43, 94.15
0, 9765736, 69993, 6892, -397.81, -53.69, 15.28, 8.74, 93.51
0, 9771781, 72217, 7117, -397.81, -57.00, 12.79, 8.74, 92.79
0, 9780036, 75242, 7379, -375.31, -60.31, 6.45, 10.62, 91.76
0, 9789941, 78879, 7733, -353.06, -63.50, 3.57, 11.04, 90.43
0, 9800043, 82619, 8098, -331.37, -66.50, 2.39, 9.35, 88.97
0, 9807909, 85482, 8406, -310.56, -69.62, 2.39, 9.12, 87.78
0, 9813873, 87694, 8646, -310.56, -69.62, 6.80, 9.12, 86.83
0, 9819584, 89795, 8855, -290.62, -73.00, 6.80, 8.13, 85.89
0, 9826241, 92294, 9120, -271.50, -76.69, 10.48, 10.11, 84.76
0, 9834269, 95221, 9399, -271.50, -76.69, 14.45, 7.58, 83.35
0, 9843349, 98552, 9718, -253.06, -80.25, 16.13, 10.52, 81.68
0, 9853312, 102166, 10090, -235.06, -83.69, 17.35, 10.52, 79.77
0, 9861615, 105051, 10402, -217.44, -86.75, 17.41, 10.77, 78.11
0, 9868813, 107501, 10646, -199.81, -89.87, 17.41, 8.30, 76.63
0, 9874882, 109559, 10832, -181.87, -89.87, 15.22, 11.09, 75.34
0, 9884811, 112698, 11124, -181.87, -93.25, 10.21, 10.93, 73.18
0, 9895064, 115777, 11410, -144.56, -96.31, 6.34, 9.81, 70.86
0, 9903812, 118478, 11678, -144.56, -98.94, 5.85, 9.81, 68.83
0, 9910884, 120663, 11879, -124.87, -101.44, 5.85, 8.99, 67.14
0, 9916838, 122368, 12101, -104.44, -104.06, 4.40, 10.04, 65.69
0, 9924119, 124404, 12322, -104.44, -104.06, 6.02, 8.06, 63.89
0, 9932798, 126843, 12574, -83.25, -106.81, 7.95, 10.81, 61.69
0, 9942800, 129658, 12866, -61.69, -109.94, 8.96, 10.13, 59.10
0, 9952805, 132475, 13126, -39.88, -112.62, 10.12, 10.13, 56.44
0, 9960883, 134553, 13322, -18.00, -115.37, 10.12, 10.35, 54.25
0, 9968219, 136293, 13479, 3.62, -117.75, 12.70, 10.62, 52.23
0, 9974267, 137528, 13600, 3.62, -117.75, 14.31, 10.02, 50.54
0, 9983195, 139065, 13767, 24.69, -119.94, 11.96, 10.83, 48.01
0, 9993203, 140564, 13932, 45.19, -121.94, 12.17, 10.30, 45.13
0, 10003175, 141956, 14088, 63.25, -123.62, 10.30, 10.30, 42.21
