********************************************************************************
Obsolete PIO Core v6.1.11 is used (previous was 6.1.14)
Please remove multiple PIO Cores from a system:
https://docs.platformio.org/en/latest/core/installation/troubleshooting.html
********************************************************************************
--- Terminal on /dev/cu.usbmodem14303 | 230400 8-N-1
--- Available filters and text transformations: colorize, debug, default, direct, hexlify, log2file, nocontrol, printable, send_on_enter, time
--- More details at https://bit.ly/pio-monitor-filters
--- Quit: Ctrl+C | Menu: Ctrl+T | Help: Ctrl+T followed by Ctrl+H
start
pain
Waiting for ODrive...
pin
found ODrive
DC voltage: 23.98
Enabling closed loop control...
ODrive running!
end time:10000000
0, 33, 65536, 0, 354.44, 0.00, 12.05, 9.56, 100.00
0, 9169, 435, -14, 354.44, 0.00, 12.05, 9.53, 95.58
0, 16435, 984, -29, 354.44, 0.00, 12.06, 10.15, 86.03
0, 22968, 1191, -52, 354.44, 0.06, 12.63, 10.15, 73.34
0, 29993, 1335, -37, 355.81, 0.19, 12.63, 8.98, 56.03
0, 38962, 1442, -25, 362.37, 0.50, 11.83, 8.84, 29.82
0, 48557, 1443, -19, 366.19, 0.37, 10.96, 10.42, -0.94
0, 58632, 1367, -3, 367.94, 0.25, 10.99, 8.85, -33.09
0, 65413, 1231, 16, 367.94, 0.25, 12.10, 8.85, -52.95
0, 71364, 977, 23, 368.50, 0.19, 12.10, 9.66, -68.28
0, 77234, 622, 28, 368.06, 0.19, 11.53, 9.92, -80.91
0, 84010, 265, 34, 368.06, -0.13, 11.32, 9.92, -91.81
0, 92814, 18, 11, 366.50, -0.25, 13.51, 9.44, -99.27
0, 101928, -127, -2, 362.12, -0.25, 12.80, 10.02, -98.46
0, 111813, -245, -12, 356.94, -0.06, 12.80, 9.76, -87.89
0, 117739, -274, -15, 354.37, -0.06, 12.35, 9.83, -77.12
0, 123448, -272, -17, 354.37, 0.00, 12.28, 9.83, -64.03
0, 129388, -268, -18, 352.87, 0.13, 12.28, 9.77, -48.08
0, 138161, -259, -20, 351.87, 0.13, 12.38, 9.72, -21.44
0, 148040, -239, -24, 351.81, 0.19, 12.07, 9.69, 10.52
0, 157883, -151, -32, 351.87, 0.19, 12.03, 9.81, 41.30
0, 165257, 15, -35, 351.87, 0.19, 12.19, 9.81, 61.76
0, 171207, 251, -38, 352.00, 0.25, 12.19, 10.02, 75.74
0, 176913, 579, -39, 352.50, 0.25, 12.70, 10.03, 86.49
0, 183664, 854, -68, 352.50, 0.31, 13.13, 10.03, 95.35
0, 192466, 1085, -59, 354.31, 0.31, 11.26, 9.94, 99.98
0, 201898, 1385, -32, 358.44, 0.62, 11.44, 9.49, 95.90
0, 211758, 1693, 1, 362.69, 0.56, 11.44, 10.19, 82.07
0, 217668, 1814, 13, 365.37, 0.56, 12.64, 10.19, 69.63
0, 223551, 1927, 25, 365.37, 0.31, 11.63, 9.49, 54.70
0, 229432, 2026, 35, 368.56, 0.00, 11.63, 9.70, 37.78
0, 237822, 2102, 45, 371.31, -0.19, 12.03, 9.84, 11.41
0, 246725, 2073, 55, 373.19, -0.19, 11.77, 9.79, -17.45
0, 255664, 1966, 71, 373.19, -0.31, 11.77, 8.92, -44.96
0, 264155, 1719, 74, 374.56, -0.44, 11.51, 8.92, -67.62
0, 270072, 1409, 84, 374.62, -0.62, 11.51, 10.67, -80.47
0, 275780, 1015, 95, 373.69, -0.62, 11.59, 10.67, -90.05
0, 282165, 716, 73, 373.69, -0.69, 10.76, 9.33, -97.08
0, 290655, 417, 47, 371.00, -0.81, 12.97, 9.85, -99.94
0, 299644, 52, 15, 365.44, -0.62, 12.97, 9.48, -94.71
0, 309453, -172, -6, 360.69, -0.37, 12.20, 9.93, -79.85
0, 316230, -211, -10, 360.69, -0.37, 11.68, 9.93, -64.75
0, 321969, -205, -12, 357.06, -0.06, 11.68, 9.79, -49.47
0, 327878, -196, -14, 353.75, -0.06, 12.89, 9.79, -31.95
0, 334629, -184, -16, 353.75, 0.06, 12.19, 9.79, -10.53
0, 344183, -157, -22, 352.44, 0.13, 11.98, 9.75, 20.40
0, 353234, -44, -26, 352.44, 0.13, 12.10, 9.92, 47.94
0, 362538, 256, -31, 352.62, 0.19, 12.78, 9.76, 71.93
0, 368508, 559, -33, 352.87, 0.19, 12.78, 9.76, 83.99
0, 374441, 841, -46, 352.87, 0.25, 12.94, 9.68, 92.84
0, 380273, 1000, -67, 354.19, 0.25, 12.18, 9.65, 98.18
0, 388549, 1245, -44, 357.56, 0.44, 12.18, 8.77, 99.69
0, 397512, 1562, -14, 362.19, 0.44, 11.58, 9.72, 93.23
0, 407062, 1808, 13, 365.12, 0.56, 12.58, 9.81, 77.70
0, 414935, 2002, 31, 365.12, 0.31, 11.51, 9.81, 59.21
0, 420639, 2136, 46, 368.25, 0.31, 11.51, 9.74, 43.32
0, 426454, 2220, 58, 371.19, 0.00, 12.23, 9.74, 25.59
0, 432170, 2237, 61, 371.19, -0.25, 11.53, 9.53, 7.27
0, 440936, 2185, 78, 373.56, -0.44, 11.49, 9.77, -21.09
0, 450156, 2033, 83, 375.62, -0.56, 11.83, 9.29, -49.04
0, 459889, 1695, 91, 376.00, -0.75, 11.83, 9.69, -73.75
0, 466953, 1278, 99, 375.25, -0.75, 11.34, 9.69, -87.20
0, 472663, 972, 98, 375.25, -0.81, 11.15, 9.75, -94.74
0, 478640, 713, 74, 373.06, -0.81, 11.15, 9.91, -99.14
0, 486297, 432, 49, 368.69, -0.88, 11.70, 9.55, -99.31
0, 495056, 79, 17, 368.69, -0.88, 12.47, 9.55, -91.99
0, 504584, -135, -3, 363.37, -0.56, 11.57, 9.81, -75.63
0, 513653, -166, -7, 359.44, -0.25, 13.25, 9.81, -53.34
0, 519358, -155, -10, 355.75, -0.25, 13.25, 9.81, -36.80
0, 525228, -145, -11, 355.75, 0.00, 12.85, 9.77, -18.48
0, 530933, -130, -14, 353.25, 0.06, 12.01, 9.82, -0.02
0, 539975, -75, -21, 352.81, 0.06, 12.01, 9.70, 28.98
0, 548507, 83, -24, 353.00, 0.06, 12.04, 9.78, 54.11
0, 558261, 461, -29, 353.25, 0.13, 12.14, 10.20, 77.65
0, 566101, 840, -41, 353.25, 0.19, 13.05, 10.20, 91.04
0, 572015, 996, -64, 354.25, 0.19, 13.05, 9.58, 97.27
0, 577850, 1165, -51, 356.94, 0.19, 11.69, 9.58, 99.90
0, 584856, 1397, -31, 356.94, 0.25, 12.33, 11.34, 98.31
0, 592668, 1660, -3, 361.44, 0.56, 12.62, 8.78, 90.56
0, 601080, 1860, 17, 364.50, 0.37, 11.37, 9.44, 75.72
0, 611038, 2124, 41, 367.56, 0.06, 11.37, 9.83, 50.97
0, 617991, 2265, 59, 370.69, 0.06, 12.02, 9.83, 30.37
0, 623690, 2305, 66, 370.69, -0.19, 12.09, 9.84, 12.28
0, 629403, 2277, 72, 373.12, -0.19, 12.09, 9.81, -6.27
0, 637179, 2197, 89, 375.62, -0.37, 11.48, 8.32, -31.06
0, 645818, 1997, 90, 375.62, -0.56, 11.70, 8.32, -56.22
0, 655297, 1613, 101, 376.75, -0.75, 12.15, 11.37, -78.67
0, 664093, 1136, 110, 376.12, -0.81, 11.38, 9.49, -92.90
0, 669999, 892, 90, 374.37, -0.81, 11.38, 9.49, -98.26
0, 675911, 648, 68, 374.37, -0.94, 11.69, 9.86, -100.00
0, 681986, 411, 47, 370.81, -1.00, 12.28, 9.66, -97.94
0, 690502, 62, 15, 365.75, -0.75, 12.22, 9.88, -88.68
0, 699294, -120, -2, 361.62, -0.75, 12.22, 9.88, -72.03
0, 708736, -137, -5, 357.75, -0.44, 12.94, 9.72, -47.68
0, 716592, -124, -8, 354.25, -0.13, 12.96, 9.72, -23.90
0, 722400, -107, -11, 354.25, 0.00, 12.96, 9.83, -5.23
0, 728305, -80, -16, 353.12, 0.00, 12.32, 9.83, 13.94
0, 735069, 2, -20, 353.12, 0.00, 11.99, 9.86, 35.22
0, 744623, 250, -23, 353.19, 0.06, 12.41, 9.59, 62.17
0, 752368, 588, -26, 353.44, 0.13, 12.87, 9.78, 79.74
0, 761423, 938, -51, 354.19, 0.19, 12.87, 9.77, 93.83
0, 768726, 1135, -55, 356.50, 0.19, 11.53, 9.77, 99.33
0, 774429, 1310, -39, 356.50, 0.19, 12.11, 9.71, 99.75
0, 780378, 1526, -18, 360.56, 0.19, 12.11, 9.12, 96.54
0, 788654, 1762, 8, 364.00, 0.50, 11.80, 10.11, 86.13
0, 798305, 2021, 32, 366.81, 0.44, 12.56, 9.36, 66.22
0, 808379, 2291, 60, 370.12, 0.13, 12.14, 9.36, 38.56
0, 816901, 2390, 75, 372.69, -0.13, 12.08, 9.63, 11.82
0, 822610, 2370, 80, 372.69, -0.13, 12.08, 9.69, -6.72
0, 828789, 2315, 95, 375.44, -0.37, 11.61, 9.69, -26.52
0, 835689, 2181, 96, 375.44, -0.56, 11.74, 9.83, -47.32
0, 844490, 1852, 103, 377.37, -0.69, 11.84, 10.93, -70.28
0, 852194, 1440, 110, 377.37, -0.88, 10.91, 9.66, -85.73
0, 861420, 1025, 101, 376.06, -0.88, 12.68, 9.68, -97.12
0, 869027, 713, 74, 372.81, -0.94, 12.68, 9.68, -100.00
0, 874731, 491, 54, 372.81, -1.06, 11.54, 9.50, -98.15
0, 880806, 258, 34, 367.94, -1.06, 12.21, 9.84, -92.48
0, 888966, -9, 9, 363.62, -0.94, 12.21, 9.73, -79.25
0, 898570, -81, 1, 359.69, -0.62, 12.13, 9.94, -56.65
0, 907794, -70, -1, 356.00, -0.31, 13.30, 9.94, -29.75
0, 915506, -48, -6, 356.00, -0.06, 12.36, 9.84, -5.11
0, 921223, -22, -10, 353.81, -0.06, 12.36, 9.84, 13.45
0, 927138, 51, -14, 353.69, -0.06, 12.07, 9.76, 32.16
0, 932839, 177, -15, 353.69, 0.00, 12.49, 9.84, 49.08
0, 940556, 455, -20, 353.87, 0.06, 12.83, 9.48, 69.19
0, 949234, 866, -26, 354.37, 0.06, 12.83, 9.50, 86.57
0, 958697, 1118, -55, 356.25, 0.13, 12.98, 9.50, 97.67
0, 966561, 1357, -34, 356.25, 0.13, 11.13, 11.24, 99.92
0, 972451, 1569, -13, 360.06, 0.13, 11.13, 8.78, 97.34
0, 978517, 1739, 6, 363.75, 0.31, 11.73, 8.78, 90.95
0, 985460, 1921, 23, 363.75, 0.50, 12.45, 9.74, 79.33
0, 993124, 2158, 44, 366.50, 0.19, 11.40, 9.73, 61.84
0, 1001040, 2361, 67, 369.75, -0.13, 11.87, 9.99, 39.78
0, 1009761, 2451, 81, 372.44, -0.13, 11.87, 9.72, 12.50
0, 1018029, 2413, 90, 375.31, -0.31, 11.52, 9.72, -14.33
0, 1023737, 2353, 100, 375.31, -0.31, 11.59, 9.61, -32.36
0, 1029634, 2203, 101, 377.62, -0.56, 11.59, 9.61, -49.81
0, 1037717, 1851, 110, 378.12, -0.69, 11.86, 10.02, -70.65
0, 1046160, 1390, 123, 378.12, -0.88, 10.71, 9.91, -87.20
0, 1053443, 1097, 108, 377.25, -1.00, 11.86, 9.51, -96.26
0, 1061326, 753, 78, 374.37, -1.00, 12.94, 10.68, -99.98
0, 1069406, 442, 50, 369.50, -1.06, 12.94, 10.68, -97.01
0, 1075115, 219, 30, 369.50, -0.75, 12.22, 9.69, -90.87
0, 1081051, 20, 11, 365.19, -0.75, 12.22, 9.63, -81.16
0, 1089240, -76, 2, 361.00, -0.44, 12.09, 9.63, -62.91
0, 1098082, -68, 0, 357.25, -0.19, 12.65, 9.75, -38.26
0, 1106687, -51, -3, 354.31, -0.06, 12.37, 9.71, -11.23
0, 1113837, -17, -10, 354.31, 0.00, 12.17, 9.81, 11.98
0, 1120826, 65, -14, 353.69, 0.00, 12.17, 9.81, 34.06
0, 1126524, 193, -15, 353.69, 0.06, 12.08, 9.83, 50.81
0, 1132459, 405, -19, 353.81, 0.13, 12.63, 9.71, 66.40
0, 1140357, 798, -22, 354.19, 0.13, 13.12, 10.14, 83.23
0, 1149444, 1071, -55, 355.44, 0.13, 13.12, 11.00, 95.77
0, 1158430, 1340, -35, 358.62, 0.19, 10.81, 11.00, 100.00
0, 1165954, 1605, -9, 358.62, 0.50, 12.41, 8.81, 97.00
0, 1172247, 1774, 9, 362.87, 0.50, 12.41, 8.81, 90.04
0, 1178195, 1936, 24, 365.75, 0.31, 12.34, 10.08, 79.98
0, 1184947, 2150, 44, 365.75, 0.00, 11.55, 9.40, 64.98
0, 1191968, 2344, 65, 368.94, -0.25, 12.25, 9.83, 46.07
0, 1200698, 2466, 83, 371.75, -0.25, 11.61, 9.47, 19.35
0, 1209810, 2455, 91, 374.62, -0.50, 11.61, 9.47, -10.17
0, 1217710, 2372, 101, 377.31, -0.69, 11.50, 9.82, -35.13
0, 1223427, 2237, 102, 377.31, -0.69, 11.50, 10.45, -51.84
0, 1229374, 1974, 107, 378.37, -0.81, 11.82, 10.45, -67.32
0, 1236416, 1562, 118, 378.37, -0.94, 11.71, 9.51, -82.36
0, 1243199, 1264, 122, 378.00, -1.06, 11.69, 9.48, -92.78
0, 1251255, 909, 92, 376.19, -1.06, 13.02, 9.29, -99.28
0, 1260590, 514, 56, 371.62, -1.12, 13.02, 9.29, -98.32
0, 1268998, 186, 27, 366.75, -0.88, 11.24, 9.95, -89.73
0, 1274709, 4, 10, 366.75, -0.88, 12.14, 9.71, -80.02
0, 1280882, -68, 3, 362.56, -0.56, 12.14, 9.71, -66.45
0, 1289156, -64, 1, 358.56, -0.25, 12.56, 9.86, -44.17
0, 1298539, -50, -2, 355.00, -0.06, 13.39, 9.92, -15.16
0, 1306551, -15, -10, 355.00, 0.00, 11.92, 9.80, 10.84
0, 1313894, 63, -13, 353.75, 0.00, 12.13, 9.80, 34.06
0, 1321292, 238, -15, 353.81, 0.00, 12.13, 9.80, 55.49
0, 1326997, 459, -19, 354.06, 0.06, 12.50, 9.52, 69.90
0, 1332892, 767, -21, 354.06, 0.06, 12.97, 10.02, 82.25
0, 1340880, 1036, -49, 354.81, 0.13, 10.94, 9.80, 94.11
0, 1349614, 1299, -38, 357.19, 0.13, 10.94, 9.80, 99.82
0, 1359114, 1636, -6, 361.56, 0.37, 12.35, 10.12, 96.93
0, 1366694, 1844, 16, 361.56, 0.37, 11.79, 10.10, 87.99
0, 1373219, 2057, 35, 364.87, 0.37, 11.79, 10.10, 76.01
0, 1379530, 2270, 56, 368.00, 0.06, 11.51, 9.44, 61.15
0, 1387337, 2473, 80, 371.19, -0.19, 12.42, 9.97, 39.30
0, 1394020, 2545, 91, 371.19, -0.50, 11.92, 9.76, 18.54
0, 1401882, 2527, 98, 374.19, -0.50, 11.36, 9.88, -6.94
0, 1411475, 2444, 106, 377.25, -0.75, 11.36, 9.88, -37.24
0, 1420003, 2246, 109, 379.00, -0.81, 11.82, 8.83, -61.24
0, 1425711, 1981, 115, 379.00, -0.94, 11.97, 10.96, -74.79
0, 1431639, 1606, 125, 378.94, -0.94, 11.22, 9.54, -86.13
0, 1439840, 1252, 122, 377.94, -1.00, 11.22, 9.54, -96.48
0, 1449596, 865, 87, 375.12, -1.12, 13.11, 9.57, -99.87
0, 1459431, 543, 59, 369.69, -1.06, 11.61, 9.84, -93.18
0, 1466219, 373, 44, 369.69, -0.81, 12.30, 9.93, -82.96
0, 1473114, 213, 29, 365.56, -0.81, 12.30, 9.93, -68.46
0, 1479183, 142, 22, 361.87, -0.50, 12.42, 10.10, -52.82
0, 1486272, 151, 19, 361.87, -0.31, 12.18, 9.55, -32.01
0, 1492928, 167, 16, 358.94, -0.31, 13.29, 10.00, -10.90
0, 1501731, 198, 9, 356.69, -0.19, 11.90, 9.91, 17.63
0, 1511630, 324, 6, 355.87, -0.13, 11.90, 9.91, 47.89
0, 1520100, 613, 2, 356.06, -0.06, 12.33, 9.54, 69.98
0, 1525801, 869, -1, 356.06, -0.06, 12.62, 9.72, 81.95
0, 1531748, 1141, -11, 356.44, -0.06, 13.00, 9.72, 91.44
0, 1539942, 1419, -29, 357.81, -0.06, 13.00, 9.90, 98.88
0, 1549621, 1723, 4, 361.31, 0.06, 12.47, 10.29, 98.64
0, 1559193, 2023, 31, 365.50, 0.25, 11.43, 8.56, 88.86
0, 1565873, 2296, 57, 365.50, 0.00, 12.11, 10.26, 76.88
0, 1572681, 2554, 85, 368.94, 0.00, 12.11, 10.26, 60.94
0, 1578381, 2668, 102, 371.87, -0.25, 12.36, 9.58, 45.27
0, 1585242, 2708, 105, 371.87, -0.25, 11.42, 9.53, 24.41
0, 1592258, 2690, 112, 375.31, -0.62, 11.23, 9.87, 1.82
0, 1601988, 2617, 120, 379.00, -0.88, 11.77, 9.19, -29.40
0, 1612011, 2390, 122, 380.62, -0.94, 11.77, 9.19, -58.48
0, 1620408, 1988, 133, 380.56, -1.06, 11.89, 9.93, -78.20
0, 1626112, 1641, 144, 380.56, -1.06, 11.14, 9.70, -88.36
0, 1632080, 1413, 136, 379.75, -1.12, 11.25, 9.70, -95.74
0, 1639845, 1121, 111, 377.50, -1.19, 11.25, 9.59, -99.92
0, 1649474, 736, 77, 372.56, -1.25, 11.72, 9.32, -96.30
0, 1657658, 508, 56, 368.06, -1.06, 11.89, 9.88, -85.81
0, 1664168, 383, 44, 368.06, -1.06, 12.42, 9.65, -73.09
0, 1672481, 274, 34, 364.31, -0.75, 12.42, 9.65, -52.19
0, 1678195, 261, 30, 360.75, -0.50, 12.81, 10.03, -35.52
0, 1685147, 277, 28, 360.75, -0.50, 12.80, 10.03, -13.64
0, 1691907, 301, 22, 358.50, -0.37, 12.21, 9.67, 8.30
0, 1701728, 390, 17, 357.12, -0.25, 11.99, 9.88, 39.19
0, 1711446, 663, 14, 357.06, -0.25, 11.99, 9.88, 65.86
0, 1719096, 957, 10, 357.31, -0.19, 12.78, 9.86, 82.37
0, 1725245, 1242, 1, 357.31, -0.19, 12.59, 9.53, 92.00
0, 1731342, 1455, -21, 358.31, -0.13, 12.59, 9.53, 97.92
0, 1739270, 1696, 3, 361.06, -0.13, 11.59, 10.32, 99.86
0, 1747153, 1905, 20, 361.06, 0.06, 10.90, 9.55, 95.23
0, 1756328, 2254, 54, 365.00, 0.00, 12.24, 10.02, 82.03
0, 1764165, 2560, 86, 368.69, 0.00, 12.39, 9.66, 64.95
0, 1772282, 2708, 108, 371.50, -0.25, 12.39, 9.66, 42.84
0, 1777992, 2738, 110, 374.62, -0.56, 12.13, 9.59, 25.41
0, 1784334, 2723, 115, 374.62, -0.56, 11.35, 9.59, 5.05
0, 1791751, 2682, 121, 378.50, -0.88, 11.83, 9.93, -18.97
0, 1801358, 2516, 123, 380.62, -1.00, 11.71, 9.27, -48.25
0, 1811016, 2157, 132, 380.94, -1.06, 11.71, 10.69, -72.96
0, 1817692, 1750, 143, 380.94, -1.12, 10.99, 9.67, -85.99
0, 1824502, 1439, 139, 380.37, -1.12, 11.42, 9.67, -95.11
0, 1830216, 1209, 120, 378.62, -1.25, 11.42, 9.40, -99.18
0, 1837812, 860, 88, 374.69, -1.31, 12.86, 10.74, -99.29
0, 1844591, 608, 66, 374.69, -1.31, 11.68, 9.68, -94.29
0, 1853518, 374, 44, 369.37, -1.19, 12.67, 9.89, -80.79
0, 1862968, 164, 25, 365.25, -0.81, 12.67, 9.89, -59.16
0, 1870914, 137, 19, 361.19, -0.56, 12.49, 9.71, -36.58
0, 1876626, 152, 16, 361.19, -0.56, 12.22, 9.68, -18.75
0, 1882333, 170, 12, 358.37, -0.31, 12.12, 9.68, -0.29
0, 1890175, 217, 8, 356.19, -0.19, 12.12, 9.91, 24.97
0, 1898863, 365, 5, 355.75, -0.19, 12.04, 9.58, 50.99
0, 1907977, 705, -1, 356.00, -0.13, 12.21, 9.66, 73.91
0, 1914856, 1001, -4, 356.00, -0.13, 12.99, 10.20, 87.02
0, 1922815, 1280, -32, 356.69, -0.06, 12.99, 10.20, 96.73
0, 1928530, 1472, -23, 358.87, -0.06, 11.27, 11.26, 99.75
0, 1934932, 1675, -1, 358.87, -0.06, 12.88, 11.26, 99.05
0, 1942417, 1882, 19, 362.81, 0.13, 11.60, 8.79, 92.80
0, 1952183, 2250, 53, 366.50, 0.25, 12.15, 9.95, 76.52
0, 1962116, 2598, 92, 369.69, -0.06, 12.15, 9.66, 52.10
0, 1968911, 2688, 107, 372.56, -0.31, 12.29, 9.71, 32.11
0, 1975813, 2690, 109, 372.56, -0.31, 11.66, 9.71, 10.21
0, 1981804, 2662, 114, 376.12, -0.69, 11.66, 9.25, -9.26
0, 1989882, 2571, 119, 379.44, -0.94, 11.76, 9.90, -34.81
0, 1998713, 2344, 122, 380.56, -1.00, 11.76, 10.70, -59.96
0, 2008129, 1862, 137, 380.25, -1.12, 12.04, 9.64, -81.31
0, 2015003, 1524, 141, 380.25, -1.12, 11.44, 9.44, -92.20
0, 2023337, 1217, 120, 377.12, -1.19, 11.44, 9.44, -99.20
0, 2029047, 954, 96, 373.94, -1.19, 13.28, 9.23, -99.82
0, 2035929, 666, 71, 373.94, -1.25, 11.58, 9.23, -96.01
0, 2043111, 445, 51, 368.75, -1.25, 11.77, 9.78, -86.93
0, 2052772, 203, 29, 364.87, -0.94, 12.50, 9.61, -67.38
0, 2062714, 131, 20, 360.69, -0.62, 12.50, 10.03, -40.39
0, 2069540, 148, 17, 358.19, -0.37, 12.18, 9.87, -19.24
0, 2076437, 169, 11, 358.19, -0.37, 13.36, 9.87, 3.08
0, 2082140, 203, 7, 355.75, -0.25, 11.92, 9.76, 21.47
0, 2090305, 331, 5, 355.94, -0.19, 11.92, 9.90, 46.37
0, 2099310, 629, 0, 356.44, -0.13, 12.52, 9.80, 69.98
0, 2109200, 1039, -6, 358.06, -0.06, 12.63, 9.95, 88.99
0, 2116020, 1257, -32, 358.06, -0.06, 12.91, 9.68, 96.85
0, 2123879, 1525, -16, 361.50, -0.06, 12.91, 9.68, 100.00
0, 2129811, 1705, 2, 365.25, 0.00, 12.62, 10.85, 98.07
0, 2136561, 1894, 20, 365.25, 0.00, 11.74, 10.85, 91.44
0, 2143646, 2156, 44, 368.50, 0.25, 11.88, 10.02, 79.77
0, 2153274, 2515, 81, 371.50, 0.06, 12.19, 9.68, 57.30
0, 2163271, 2676, 104, 374.69, -0.19, 12.19, 9.79, 28.10
0, 2170112, 2678, 108, 378.31, -0.50, 11.80, 9.90, 6.22
0, 2177007, 2636, 116, 378.31, -0.50, 10.97, 9.90, -16.14
0, 2182719, 2563, 119, 380.31, -0.81, 11.72, 9.78, -34.10
0, 2190533, 2353, 121, 380.44, -0.94, 11.72, 9.10, -56.66
0, 2199386, 1924, 134, 379.50, -1.06, 11.93, 10.30, -77.73
0, 2209280, 1464, 138, 376.87, -1.12, 11.07, 9.76, -93.65
0, 2216058, 1248, 122, 376.87, -1.12, 11.75, 9.76, -99.05
0, 2223958, 885, 90, 371.94, -1.19, 11.75, 9.95, -99.29
0, 2229893, 649, 69, 368.00, -1.00, 11.39, 9.38, -95.16
0, 2236875, 448, 51, 368.00, -1.00, 11.63, 9.38, -85.79
0, 2243624, 286, 36, 364.12, -0.81, 12.64, 9.88, -72.53
0, 2253455, 152, 23, 360.31, -0.50, 12.23, 9.89, -47.20
0, 2263561, 163, 19, 357.69, -0.31, 12.23, 9.65, -16.19
0, 2270211, 193, 12, 356.12, -0.25, 13.14, 9.99, 5.37
0, 2277004, 237, 9, 356.12, -0.25, 11.90, 9.99, 27.14
0, 2282975, 334, 7, 356.00, -0.19, 12.06, 10.05, 45.21
0, 2290817, 602, 3, 356.37, -0.13, 12.06, 9.73, 66.27
0, 2299604, 967, -1, 357.44, -0.06, 12.99, 9.83, 84.70
0, 2309352, 1308, -31, 360.56, -0.06, 12.67, 9.57, 97.06
0, 2316324, 1540, -15, 360.56, -0.06, 11.16, 9.57, 99.99
0, 2324577, 1773, 9, 364.50, 0.19, 11.16, 9.22, 96.84
0, 2330366, 1947, 25, 367.81, 0.13, 11.70, 9.20, 90.45
0, 2337657, 2223, 51, 367.81, 0.13, 11.94, 9.20, 77.89
0, 2344306, 2474, 76, 370.81, -0.13, 12.19, 10.06, 62.61
0, 2353857, 2662, 102, 373.75, -0.44, 11.61, 9.66, 35.76
0, 2363840, 2678, 108, 377.44, -0.75, 11.61, 9.49, 4.08
0, 2370746, 2634, 115, 380.00, -0.94, 11.25, 9.99, -18.29
0, 2377787, 2524, 119, 380.00, -0.94, 11.82, 9.99, -40.14
0, 2383826, 2352, 121, 380.50, -1.00, 11.76, 9.64, -57.26
0, 2391611, 1960, 132, 379.94, -1.12, 11.76, 9.89, -75.98
0, 2400395, 1513, 140, 378.00, -1.19, 10.85, 9.44, -91.23
0, 2410255, 1188, 117, 373.62, -1.31, 11.72, 9.59, -99.49
0, 2417035, 896, 91, 373.62, -1.31, 13.87, 9.56, -99.29
0, 2425284, 590, 64, 368.94, -1.19, 12.01, 9.56, -92.57
0, 2430997, 438, 50, 365.50, -0.88, 12.01, 9.68, -83.98
0, 2438793, 267, 34, 361.56, -0.88, 12.28, 9.95, -67.66
0, 2445485, 178, 25, 361.56, -0.62, 12.62, 9.95, -50.15
0, 2454747, 185, 22, 358.62, -0.37, 12.11, 9.77, -22.21
0, 2464347, 213, 15, 356.69, -0.25, 12.11, 10.10, 8.84
0, 2471180, 261, 12, 356.19, -0.25, 11.97, 9.62, 30.59
0, 2477978, 398, 9, 356.44, -0.25, 11.88, 9.62, 50.73
0, 2484337, 636, 6, 356.44, -0.19, 12.38, 9.72, 67.36
0, 2491845, 961, 2, 357.00, -0.13, 12.38, 10.20, 83.24
0, 2499898, 1271, -19, 359.37, -0.06, 12.90, 9.52, 94.75
0, 2508821, 1567, -12, 363.44, -0.06, 11.16, 11.30, 99.94
0, 2516636, 1779, 9, 363.44, 0.06, 12.90, 11.30, 97.60
0, 2524704, 2040, 33, 367.12, 0.19, 12.04, 8.85, 88.61
0, 2530475, 2269, 55, 370.25, 0.19, 12.04, 9.82, 78.40
0, 2537938, 2546, 85, 373.06, -0.06, 12.30, 9.82, 61.17
0, 2544229, 2669, 102, 373.06, -0.31, 12.07, 9.89, 43.81
0, 2553795, 2701, 107, 376.69, -0.69, 11.56, 9.76, 14.17
0, 2563828, 2662, 117, 379.81, -0.94, 11.56, 9.93, -18.33
0, 2570577, 2579, 118, 380.69, -1.00, 11.88, 8.95, -39.31
0, 2577827, 2355, 122, 380.69, -1.00, 11.84, 8.95, -59.72
0, 2583890, 2049, 129, 380.44, -1.06, 11.61, 10.72, -74.28
0, 2591646, 1575, 144, 379.31, -1.12, 11.61, 9.66, -88.65
0, 2599649, 1292, 126, 375.75, -1.25, 11.61, 9.15, -97.58
0, 2608862, 902, 92, 370.19, -1.25, 13.73, 10.02, -99.69
0, 2616692, 614, 66, 370.19, -1.25, 11.19, 10.02, -94.47
0, 2624404, 406, 47, 366.37, -1.00, 11.19, 9.95, -83.37
0, 2630333, 265, 34, 362.37, -1.00, 12.44, 10.13, -71.24
0, 2637442, 167, 25, 362.37, -0.69, 12.49, 10.13, -53.25
0, 2643778, 170, 21, 359.25, -0.44, 12.34, 9.61, -34.79
0, 2653374, 185, 19, 356.94, -0.31, 13.25, 9.96, -4.30
0, 2662184, 231, 10, 356.06, -0.25, 13.25, 9.67, 24.13
0, 2668961, 323, 8, 356.19, -0.25, 12.27, 9.85, 44.77
0, 2676840, 587, 5, 356.19, -0.19, 12.11, 9.85, 65.98
0, 2682552, 833, 2, 356.56, -0.13, 13.00, 9.67, 78.74
0, 2690700, 1182, -11, 358.12, -0.13, 13.00, 10.22, 92.14
0, 2698534, 1435, -27, 361.75, -0.13, 11.43, 11.07, 98.96
0, 2707410, 1706, 2, 361.75, -0.06, 12.83, 11.07, 98.96
0, 2716440, 1971, 26, 365.81, 0.25, 11.56, 8.64, 90.54
0, 2724296, 2281, 56, 369.06, 0.06, 11.56, 10.11, 76.86
0, 2730605, 2522, 82, 371.87, 0.06, 12.08, 9.87, 62.20
0, 2737927, 2662, 103, 371.87, -0.19, 12.20, 9.87, 41.96
0, 2744025, 2694, 107, 375.25, -0.56, 11.41, 9.77, 23.24
0, 2753078, 2674, 113, 378.87, -0.88, 11.29, 9.52, -6.01
0, 2762305, 2586, 118, 380.50, -1.00, 11.29, 9.69, -35.26
0, 2771050, 2365, 121, 380.50, -1.06, 11.68, 10.47, -60.12
0, 2779969, 1899, 132, 379.75, -1.06, 11.83, 10.47, -80.47
0, 2786940, 1514, 142, 379.75, -1.12, 11.11, 9.61, -91.76
0, 2793643, 1250, 123, 377.44, -1.19, 13.08, 9.44, -98.19
0, 2802521, 832, 86, 372.44, -1.31, 11.55, 9.37, -99.52
0, 2811929, 487, 54, 367.69, -1.12, 11.55, 9.99, -91.93
0, 2818959, 279, 36, 363.31, -1.12, 12.07, 9.69, -80.61
0, 2827345, 98, 19, 363.31, -0.75, 12.55, 9.69, -61.67
0, 2833054, 87, 15, 359.56, -0.50, 12.79, 10.02, -46.07
0, 2841076, 98, 13, 356.69, -0.50, 12.79, 9.92, -21.60
0, 2849380, 125, 6, 355.31, -0.25, 13.09, 9.64, 5.25
0, 2858948, 198, 3, 355.37, -0.19, 11.79, 9.64, 35.59
0, 2867173, 380, 0, 355.37, -0.13, 12.38, 9.90, 59.04
0, 2873822, 656, -5, 355.69, -0.06, 12.84, 9.73, 74.99
0, 2880814, 976, -9, 356.62, -0.06, 12.84, 9.89, 87.98
0, 2888609, 1236, -38, 359.44, -0.06, 13.20, 9.89, 97.10
0, 2894543, 1433, -26, 359.44, 0.00, 11.13, 9.85, 99.88
0, 2902395, 1693, 0, 363.69, 0.19, 11.69, 10.18, 97.86
0, 2911131, 1951, 25, 367.00, 0.19, 11.69, 10.08, 88.17
0, 2918786, 2241, 52, 370.25, 0.25, 11.99, 10.08, 73.82
0, 2926795, 2518, 83, 370.25, -0.06, 12.07, 9.67, 53.94
0, 2932500, 2621, 99, 373.19, -0.06, 12.07, 9.55, 37.47
0, 2940442, 2644, 104, 376.81, -0.37, 11.65, 9.77, 12.52
0, 2947779, 2613, 109, 376.81, -0.69, 11.27, 9.77, -11.30
0, 2957237, 2498, 115, 379.56, -0.88, 11.67, 9.74, -40.87
0, 2966042, 2248, 118, 380.12, -1.00, 12.11, 9.69, -65.00
0, 2972994, 1861, 129, 379.56, -1.06, 12.11, 9.97, -80.39
0, 2980317, 1443, 137, 377.94, -1.06, 10.88, 9.97, -92.16
0, 2987655, 1117, 111, 377.94, -1.12, 11.30, 9.48, -98.72
0, 2993988, 823, 85, 373.94, -1.25, 13.18, 10.45, -99.89
0, 3001952, 521, 57, 368.44, -1.19, 13.18, 9.38, -95.37
0, 3010703, 249, 33, 364.00, -1.19, 12.38, 9.76, -83.08
0, 3018533, 62, 15, 364.00, -0.81, 12.42, 9.76, -66.37
0, 3026347, 48, 11, 360.00, -0.50, 11.95, 9.72, -45.42
0, 3032224, 59, 9, 356.94, -0.50, 11.95, 9.86, -27.66
0, 3040204, 77, 5, 355.00, -0.31, 12.75, 9.86, -2.05
0, 3047167, 115, 1, 355.00, -0.19, 11.91, 9.86, 20.46
0, 3055445, 236, -3, 354.94, -0.13, 12.07, 9.92, 45.78
0, 3063631, 492, -7, 355.19, -0.06, 12.07, 9.53, 67.57
0, 3070607, 809, -10, 355.87, -0.06, 12.70, 10.00, 82.43
0, 3078713, 1113, -30, 358.06, -0.06, 12.99, 10.00, 94.34
0, 3084870, 1301, -40, 358.06, 0.00, 11.03, 10.81, 99.05
0, 3092466, 1567, -13, 362.06, 0.00, 11.03, 8.97, 99.40
0, 3100691, 1804, 11, 365.62, 0.06, 12.81, 9.56, 92.97
0, 3110586, 2139, 42, 368.81, 0.31, 12.00, 9.82, 76.54
0, 3118718, 2432, 72, 371.81, 0.06, 11.86, 9.82, 57.04
0, 3126336, 2592, 96, 371.81, -0.19, 12.34, 9.52, 35.14
0, 3132591, 2619, 100, 375.06, -0.19, 12.34, 9.34, 15.49
0, 3140595, 2590, 106, 378.37, -0.50, 11.24, 9.34, -10.48
0, 3147894, 2517, 112, 378.37, -0.81, 11.61, 10.00, -33.59
0, 3156640, 2296, 115, 379.81, -0.94, 11.80, 10.81, -58.68
0, 3164388, 1915, 125, 379.62, -1.06, 11.92, 9.65, -77.03
0, 3171169, 1514, 137, 378.37, -1.06, 11.92, 9.57, -89.12
0, 3179231, 1168, 115, 375.19, -1.12, 11.46, 9.57, -97.84
0, 3185804, 855, 87, 375.19, -1.19, 13.01, 9.27, -100.00
0, 3192788, 568, 61, 369.75, -1.19, 11.18, 9.62, -97.30
0, 3200851, 305, 38, 365.31, -1.25, 11.18, 9.72, -87.99
0, 3210678, 41, 13, 361.00, -0.94, 12.51, 9.72, -68.59
0, 3218875, 17, 8, 361.00, -0.62, 12.01, 9.87, -46.98
0, 3226062, 30, 6, 357.62, -0.37, 13.15, 9.88, -25.24
0, 3232681, 49, 2, 355.00, -0.37, 13.15, 9.79, -3.98
0, 3240611, 92, -3, 354.62, -0.19, 11.89, 9.79, 21.66
0, 3247646, 189, -5, 354.62, -0.13, 12.00, 9.82, 43.25
0, 3255053, 410, -8, 354.81, -0.06, 12.37, 9.81, 63.52
0, 3263575, 801, -13, 355.25, -0.06, 12.88, 10.16, 82.24
0, 3270969, 1066, -31, 356.87, 0.00, 12.88, 10.16, 93.43
0, 3279453, 1322, -37, 360.50, 0.00, 11.07, 9.64, 99.61
0, 3286226, 1559, -14, 360.50, 0.06, 12.56, 11.36, 99.13
0, 3292991, 1757, 7, 364.37, 0.06, 11.76, 9.99, 93.86
0, 3301091, 2000, 30, 367.44, 0.31, 11.76, 9.49, 81.63
0, 3310574, 2338, 62, 370.62, 0.19, 11.71, 9.49, 60.24
0, 3318295, 2541, 89, 370.62, -0.06, 12.36, 10.21, 38.50
0, 3325145, 2595, 98, 373.50, -0.37, 11.87, 9.75, 17.14
0, 3332180, 2572, 103, 376.87, -0.37, 11.87, 10.06, -5.67
0, 3340006, 2506, 110, 379.25, -0.69, 11.27, 10.06, -30.64
0, 3346781, 2371, 111, 379.25, -0.88, 11.73, 8.78, -50.71
0, 3354053, 2075, 117, 379.50, -1.00, 11.95, 10.72, -69.51
0, 3362721, 1554, 134, 378.75, -1.00, 11.95, 9.49, -86.77
0, 3370851, 1225, 120, 376.31, -1.06, 10.69, 9.49, -96.75
0, 3378596, 855, 87, 371.19, -1.12, 13.49, 9.98, -100.00
0, 3384899, 585, 63, 371.19, -1.25, 10.84, 9.34, -97.98
0, 3392460, 329, 40, 366.62, -1.25, 10.84, 10.00, -90.15
0, 3400463, 78, 17, 362.19, -1.06, 12.35, 10.00, -75.96
0, 3409221, 10, 9, 358.44, -0.69, 12.15, 9.88, -54.61
0, 3415899, 21, 7, 358.44, -0.44, 13.38, 9.74, -35.26
0, 3422853, 36, 4, 355.44, -0.44, 13.38, 9.90, -13.37
0, 3430899, 67, -2, 354.56, -0.19, 12.46, 9.90, 12.74
0, 3437848, 138, -5, 354.56, -0.19, 11.95, 9.81, 34.66
0, 3444307, 286, -7, 354.69, -0.13, 12.60, 9.59, 53.47
0, 3452250, 605, -12, 355.00, -0.13, 12.93, 9.71, 73.29
0, 3461415, 990, -23, 356.12, -0.13, 12.93, 9.71, 90.05
0, 3469145, 1205, -46, 359.19, -0.06, 13.01, 9.87, 98.04
0, 3475014, 1393, -30, 359.19, 0.13, 12.64, 10.23, 100.00
0, 3482388, 1651, -4, 363.25, 0.13, 12.64, 9.00, 97.31
0, 3490480, 1873, 18, 366.25, 0.25, 11.78, 9.00, 87.95
0, 3497244, 2102, 39, 366.25, -0.06, 12.15, 9.99, 75.44
0, 3504065, 2334, 62, 369.50, -0.37, 12.45, 10.02, 59.13
0, 3512755, 2535, 89, 372.37, -0.37, 12.45, 9.74, 34.28
0, 3520831, 2576, 96, 375.62, -0.62, 11.75, 9.74, 8.70
0, 3528557, 2533, 107, 375.62, -0.88, 11.33, 9.50, -16.36
0, 3534475, 2468, 111, 378.44, -0.88, 11.54, 9.95, -34.94
0, 3542467, 2256, 113, 379.44, -1.00, 11.54, 10.57, -57.86
0, 3550808, 1843, 125, 378.94, -1.12, 11.99, 10.57, -77.61
0, 3560006, 1372, 131, 377.19, -1.19, 10.96, 9.69, -92.76
0, 3566673, 1093, 109, 377.19, -1.31, 11.76, 9.58, -98.63
0, 3573470, 766, 79, 372.94, -1.31, 10.96, 9.34, -99.85
0, 3581304, 452, 51, 367.94, -1.31, 10.96, 9.34, -95.23
0, 3589134, 175, 26, 363.69, -0.94, 12.32, 10.00, -84.46
0, 3595290, 25, 12, 363.69, -0.62, 12.36, 9.69, -72.12
0, 3602765, 1, 7, 359.44, -0.62, 12.37, 9.91, -53.31
0, 3612153, 11, 6, 356.06, -0.37, 12.37, 9.91, -25.39
0, 3620134, 38, -1, 354.44, -0.25, 12.32, 9.84, 0.30
0, 3626807, 78, -4, 354.44, -0.19, 12.05, 9.69, 21.84
0, 3633581, 184, -7, 354.50, -0.19, 11.89, 9.69, 42.65
0, 3641354, 415, -10, 354.75, -0.13, 11.89, 9.78, 63.93
0, 3649125, 768, -14, 355.50, -0.13, 12.81, 9.97, 81.14
0, 3655105, 1001, -26, 355.50, -0.06, 13.02, 9.51, 90.91
0, 3663311, 1242, -45, 357.81, -0.06, 13.02, 10.34, 98.68
0, 3671462, 1520, -18, 361.87, 0.00, 11.13, 10.34, 99.47
0, 3679151, 1751, 6, 365.25, 0.25, 11.78, 9.16, 93.84
0, 3686108, 1953, 26, 365.25, 0.06, 12.08, 9.85, 83.69
0, 3693215, 2202, 49, 368.37, 0.06, 11.76, 9.86, 68.91
0, 3701497, 2458, 77, 371.44, -0.25, 11.76, 9.86, 47.13
0, 3711184, 2582, 96, 374.50, -0.56, 12.33, 9.65, 17.46
0, 3718200, 2564, 102, 374.50, -0.81, 11.39, 9.77, -5.28
0, 3724759, 2512, 111, 377.69, -0.81, 11.52, 9.50, -26.32
0, 3732869, 2355, 112, 379.37, -1.00, 11.52, 9.50, -50.57
0, 3740628, 2047, 120, 379.25, -1.12, 11.63, 10.13, -70.52
0, 3747410, 1637, 128, 379.25, -1.19, 10.80, 9.82, -84.33
0, 3754777, 1298, 127, 378.06, -1.31, 11.57, 10.10, -94.68
0, 3763491, 889, 90, 374.87, -1.31, 13.07, 10.10, -99.90
0, 3771815, 535, 58, 369.44, -1.31, 13.07, 10.07, -97.44
0, 3779270, 269, 35, 365.00, -1.06, 11.07, 9.58, -89.18
0, 3786629, 45, 14, 365.00, -1.06, 12.36, 9.91, -75.90
0, 3793614, -10, 8, 360.62, -0.75, 12.28, 9.91, -59.28
0, 3801665, 1, 6, 357.00, -0.44, 12.28, 9.75, -36.39
0, 3811600, 18, 2, 354.56, -0.25, 13.44, 9.82, -4.91
0, 3818711, 61, -5, 354.56, -0.25, 12.05, 9.75, 18.13
0, 3825635, 157, -8, 354.37, -0.25, 12.21, 10.09, 39.64
0, 3833717, 378, -10, 354.56, -0.19, 12.42, 10.09, 62.15
0, 3841794, 738, -14, 355.00, -0.13, 12.42, 9.58, 80.37
0, 3849652, 1031, -30, 356.69, -0.06, 13.08, 10.14, 92.81
0, 3857767, 1268, -42, 356.69, -0.06, 11.08, 11.23, 99.31
0, 3865406, 1534, -17, 360.25, -0.06, 12.56, 8.74, 99.14
0, 3873440, 1771, 9, 364.12, 0.19, 12.56, 8.74, 92.39
0, 3882021, 2036, 34, 367.12, 0.19, 11.80, 9.93, 78.27
0, 3889883, 2311, 60, 370.37, -0.13, 11.73, 9.64, 59.97
0, 3896841, 2495, 83, 370.37, -0.13, 12.39, 9.67, 40.47
0, 3903871, 2564, 95, 373.19, -0.44, 11.74, 9.31, 18.68
0, 3913766, 2537, 103, 376.56, -0.75, 11.74, 9.31, -13.37
0, 3921991, 2446, 107, 378.87, -0.94, 11.51, 9.96, -39.11
0, 3928806, 2266, 110, 378.87, -1.06, 11.77, 10.60, -58.39
0, 3936676, 1859, 121, 379.19, -1.06, 11.82, 9.75, -77.05
0, 3943684, 1451, 133, 378.56, -1.12, 11.70, 9.75, -89.47
0, 3952068, 1082, 107, 376.19, -1.25, 11.70, 9.51, -98.20
0, 3962108, 629, 67, 371.06, -1.31, 13.03, 9.82, -99.07
0, 3968919, 382, 45, 371.06, -1.19, 11.22, 9.90, -93.65
0, 3975829, 133, 22, 366.25, -1.19, 12.29, 9.70, -83.48
0, 3984293, -15, 8, 361.81, -0.81, 12.35, 9.70, -65.35
0, 3992361, -12, 5, 358.06, -0.56, 12.35, 9.87, -43.47
0, 4000239, 2, 3, 355.00, -0.31, 13.36, 9.94, -19.21
0, 4008247, 30, -4, 355.00, -0.25, 12.29, 9.78, 6.72
0, 4015938, 99, -7, 354.25, -0.25, 11.89, 9.82, 31.23
0, 4024000, 274, -10, 354.37, -0.19, 11.89, 9.82, 54.80
0, 4031990, 586, -14, 354.69, -0.13, 12.49, 9.70, 74.46
0, 4039746, 935, -21, 355.87, -0.13, 12.81, 9.99, 88.77
0, 4046095, 1112, -47, 355.87, -0.13, 13.13, 9.75, 96.33
0, 4053382, 1340, -35, 358.75, -0.06, 12.60, 9.75, 99.94
0, 4062923, 1670, -2, 362.87, 0.06, 12.60, 10.87, 96.22
0, 4069981, 1861, 17, 365.94, 0.25, 11.75, 10.09, 87.49
0, 4076447, 2074, 37, 365.94, 0.25, 12.20, 9.51, 75.44
0, 4084761, 2352, 65, 369.25, -0.06, 12.26, 9.51, 55.16
0, 4092884, 2530, 89, 372.19, -0.31, 12.26, 10.06, 31.45
0, 4101057, 2558, 96, 375.31, -0.62, 11.81, 9.79, 5.39
0, 4109107, 2511, 107, 378.19, -0.88, 11.38, 9.94, -20.66
0, 4116409, 2410, 110, 378.19, -0.88, 11.83, 8.50, -43.11
0, 4124470, 2145, 114, 379.25, -1.00, 11.83, 8.50, -65.03
0, 4132451, 1694, 125, 378.81, -1.12, 11.90, 11.19, -82.36
0, 4140215, 1318, 127, 377.12, -1.19, 10.75, 9.44, -93.93
0, 4146981, 1008, 101, 377.12, -1.19, 11.58, 9.79, -99.15
0, 4153798, 692, 73, 372.94, -1.31, 11.04, 9.79, -99.58
0, 4163460, 323, 40, 367.75, -1.31, 11.04, 9.39, -91.87
0, 4170708, 67, 16, 363.37, -1.00, 12.35, 9.61, -80.09
0, 4177044, -25, 7, 363.37, -1.00, 12.16, 9.82, -66.13
0, 4185130, -20, 4, 359.19, -0.62, 13.48, 9.82, -44.35
0, 4192928, -7, 2, 355.69, -0.37, 13.48, 9.86, -20.42
0, 4200742, 21, -5, 354.19, -0.25, 12.14, 9.85, 4.86
0, 4208153, 81, -7, 354.19, -0.19, 11.90, 9.93, 28.58
0, 4216004, 239, -10, 354.25, -0.19, 12.55, 9.77, 51.87
0, 4224262, 544, -15, 354.50, -0.13, 12.55, 9.77, 72.71
0, 4232245, 910, -20, 355.25, -0.13, 12.71, 9.79, 87.90
0, 4240179, 1134, -50, 357.50, -0.06, 13.03, 10.19, 97.16
0, 4247070, 1349, -34, 357.50, -0.06, 11.16, 10.19, 99.99
0, 4254227, 1607, -9, 361.56, 0.00, 11.83, 9.43, 97.62
0, 4263915, 1879, 19, 364.87, 0.25, 11.83, 9.17, 86.09
0, 4270985, 2120, 41, 368.00, 0.06, 12.17, 9.95, 72.22
0, 4277470, 2334, 64, 368.00, 0.06, 11.73, 9.71, 56.13
0, 4285665, 2513, 88, 371.12, -0.25, 11.77, 9.71, 32.33
0, 4293179, 2548, 94, 374.12, -0.50, 11.77, 9.73, 8.46
0, 4301228, 2506, 105, 377.31, -0.75, 11.47, 9.65, -17.63
0, 4307984, 2428, 108, 377.31, -0.94, 11.52, 9.34, -38.67
0, 4316362, 2180, 112, 379.00, -0.94, 11.93, 9.34, -62.08
0, 4324598, 1742, 124, 378.94, -1.06, 11.93, 10.03, -80.62
0, 4332235, 1348, 129, 377.81, -1.19, 10.88, 9.76, -92.70
0, 4340526, 970, 97, 374.50, -1.19, 11.62, 9.60, -99.34
0, 4347501, 659, 70, 374.50, -1.25, 13.03, 9.60, -99.37
0, 4354674, 392, 46, 369.25, -1.31, 12.48, 9.44, -94.08
0, 4364459, 50, 14, 364.75, -1.12, 12.48, 9.93, -78.74
0, 4371362, -39, 6, 360.44, -0.75, 12.13, 9.81, -63.03
0, 4377946, -30, 3, 360.44, -0.75, 12.30, 9.83, -45.08
0, 4386727, -19, 1, 356.81, -0.44, 12.25, 9.83, -18.09
0, 4393697, 10, -5, 354.31, -0.25, 12.25, 9.71, 4.49
0, 4401804, 83, -9, 354.12, -0.19, 11.90, 9.64, 30.39
0, 4410325, 262, -11, 354.25, -0.19, 11.97, 9.85, 55.31
0, 4417093, 513, -15, 354.25, -0.19, 12.46, 10.08, 72.17
0, 4425156, 899, -21, 354.81, -0.13, 13.09, 10.08, 87.66
0, 4432909, 1119, -51, 356.44, -0.13, 13.09, 9.58, 96.90
0, 4441159, 1381, -31, 359.94, -0.13, 10.96, 11.20, 99.98
0, 4448071, 1628, -7, 359.94, -0.06, 12.50, 11.20, 97.05
0, 4455251, 1824, 14, 363.87, 0.19, 12.20, 9.76, 88.82
0, 4465228, 2153, 44, 366.87, 0.19, 12.20, 9.62, 69.53
0, 4472896, 2404, 71, 370.19, -0.13, 11.69, 9.97, 49.62
0, 4479202, 2524, 90, 370.19, -0.13, 12.31, 9.74, 30.89
0, 4488237, 2544, 95, 373.00, -0.37, 11.45, 9.74, 2.00
0, 4495137, 2500, 103, 376.31, -0.69, 11.51, 9.82, -20.31
0, 4503042, 2379, 109, 378.75, -0.94, 11.51, 9.64, -44.56
0, 4512059, 2062, 114, 379.12, -1.00, 11.93, 9.69, -68.55
0, 4518644, 1694, 124, 379.12, -1.00, 11.74, 9.62, -82.46
0, 4526477, 1295, 126, 378.31, -1.19, 11.66, 9.62, -94.06
0, 4534260, 930, 94, 375.94, -1.25, 12.75, 9.54, -99.57
0, 4542126, 586, 63, 371.12, -1.31, 12.75, 10.76, -98.68
0, 4549715, 308, 38, 366.19, -1.31, 11.27, 9.61, -91.71
0, 4555881, 85, 18, 366.19, -1.25, 12.13, 9.61, -81.93
0, 4565447, -34, 6, 361.75, -0.88, 12.13, 9.90, -60.43
0, 4572894, -23, 3, 357.94, -0.56, 12.47, 9.78, -39.54
0, 4579200, -9, 1, 357.94, -0.56, 13.42, 9.84, -19.99
0, 4588329, 17, -6, 354.81, -0.31, 12.26, 9.84, 9.56
0, 4595282, 79, -8, 354.12, -0.25, 11.84, 9.74, 31.65
0, 4603166, 258, -11, 354.25, -0.19, 11.84, 9.65, 54.69
0, 4612719, 645, -16, 354.56, -0.13, 12.64, 9.66, 77.68
0, 4619334, 929, -23, 354.56, -0.13, 12.82, 10.13, 89.34
0, 4627356, 1157, -50, 355.69, -0.13, 11.13, 10.13, 97.91
0, 4635683, 1432, -27, 358.62, 0.00, 12.66, 11.31, 99.78
0, 4643264, 1687, 0, 362.69, 0.25, 12.66, 8.79, 95.15
0, 4651433, 1913, 23, 365.75, 0.25, 11.77, 9.98, 83.72
0, 4658740, 2162, 45, 365.75, 0.00, 11.66, 10.09, 68.48
0, 4667452, 2429, 75, 369.06, -0.31, 12.24, 10.09, 45.36
0, 4675527, 2545, 93, 372.00, -0.62, 12.24, 9.82, 20.66
0, 4682526, 2538, 97, 375.12, -0.88, 11.74, 9.44, -1.97
0, 4691515, 2472, 108, 378.00, -0.88, 11.50, 9.96, -30.72
0, 4698496, 2342, 108, 378.00, -1.00, 11.73, 9.96, -51.37
0, 4705089, 2074, 113, 379.12, -1.19, 11.98, 11.05, -68.46
0, 4714960, 1487, 132, 378.69, -1.25, 11.98, 9.39, -87.97
0, 4721685, 1226, 121, 377.25, -1.31, 10.70, 9.53, -96.20
0, 4728476, 901, 91, 377.25, -1.31, 13.68, 9.69, -99.84
0, 4736922, 530, 58, 372.94, -1.37, 10.73, 9.69, -97.61
0, 4743970, 271, 35, 367.75, -1.06, 12.47, 10.10, -90.11
0, 4752030, 20, 11, 363.44, -0.75, 12.47, 9.55, -75.78
0, 4759632, -33, 5, 359.25, -0.75, 12.28, 9.84, -57.50
0, 4767924, -22, 3, 359.25, -0.44, 13.42, 9.84, -33.60
0, 4775887, -3, -1, 355.75, -0.31, 13.42, 9.94, -8.35
0, 4782758, 30, -6, 354.12, -0.25, 12.29, 9.65, 13.96
0, 4791716, 149, -10, 354.19, -0.25, 12.05, 9.71, 41.83
0, 4798657, 330, -12, 354.19, -0.19, 12.56, 9.71, 61.11
0, 4805243, 622, -16, 354.44, -0.13, 12.76, 9.83, 76.55
0, 4815199, 1015, -34, 355.19, -0.13, 12.76, 9.80, 93.05
0, 4821697, 1199, -49, 357.31, -0.06, 13.18, 9.85, 98.67
0, 4828760, 1437, -26, 357.31, -0.06, 12.52, 9.85, 99.78
0, 4836764, 1705, 2, 361.50, 0.19, 11.98, 10.12, 94.71
0, 4843808, 1899, 21, 364.81, 0.13, 11.98, 9.98, 84.93
0, 4852109, 2182, 47, 367.94, 0.13, 12.10, 9.49, 67.77
0, 4859665, 2417, 74, 371.12, -0.25, 11.73, 9.84, 47.83
0, 4867224, 2538, 93, 371.12, -0.50, 11.71, 9.84, 25.00
0, 4875163, 2542, 97, 374.06, -0.81, 11.71, 9.54, -0.57
0, 4881281, 2502, 104, 377.25, -1.00, 11.46, 9.92, -20.33
0, 4890413, 2352, 108, 379.00, -1.00, 11.42, 8.83, -48.11
0, 4897258, 2125, 112, 379.00, -1.06, 11.84, 8.83, -66.29
0, 4904057, 1727, 124, 379.00, -1.19, 10.86, 10.90, -81.11
0, 4913301, 1258, 123, 377.81, -1.25, 10.86, 9.40, -94.80
0, 4920082, 950, 95, 374.75, -1.25, 11.46, 9.94, -99.47
0, 4927931, 603, 65, 374.75, -1.37, 13.33, 9.94, -98.84
0, 4935841, 311, 38, 369.25, -1.19, 12.31, 9.36, -91.73
0, 4943479, 48, 14, 364.81, -0.81, 12.31, 9.71, -79.11
0, 4951486, -38, 6, 360.50, -0.81, 12.19, 9.75, -60.69
0, 4958240, -27, 3, 360.50, -0.56, 12.45, 9.87, -41.90
0, 4967709, -14, 1, 356.81, -0.31, 12.25, 9.87, -12.38
0, 4975620, 25, -7, 354.31, -0.25, 12.25, 9.87, 13.29
0, 4982667, 107, -10, 354.12, -0.25, 11.93, 10.05, 35.48
0, 4991601, 333, -12, 354.25, -0.25, 12.17, 9.59, 60.79
0, 4998356, 614, -16, 354.25, -0.19, 12.91, 9.59, 76.64
0, 5005055, 924, -23, 354.81, -0.13, 13.04, 9.90, 88.72
0, 5014274, 1189, -49, 356.44, -0.13, 13.04, 10.33, 98.39
0, 5020872, 1404, -29, 359.87, -0.13, 11.07, 9.23, 99.94
0, 5028708, 1676, -2, 359.87, 0.06, 12.48, 9.23, 95.82
0, 5036486, 1891, 21, 363.87, 0.19, 12.23, 9.45, 85.60
0, 5043870, 2142, 43, 366.81, -0.13, 12.23, 9.90, 70.84
0, 5052025, 2404, 71, 370.19, -0.13, 11.66, 9.70, 49.84
0, 5059463, 2539, 92, 370.19, -0.44, 12.25, 9.59, 27.61
0, 5068169, 2549, 97, 373.00, -0.69, 11.43, 9.59, -0.36
0, 5075939, 2497, 107, 376.31, -0.94, 11.43, 9.63, -25.37
0, 5082905, 2380, 109, 378.75, -1.06, 11.50, 9.13, -46.46
0, 5091712, 2042, 115, 379.19, -1.06, 11.90, 10.18, -69.60
0, 5098497, 1653, 125, 379.19, -1.19, 10.68, 10.18, -83.64
0, 5105203, 1322, 128, 378.50, -1.25, 11.72, 9.67, -93.52
0, 5114061, 903, 91, 376.12, -1.37, 11.72, 9.93, -99.73
0, 5120861, 608, 65, 371.25, -1.37, 12.87, 9.42, -98.91
0, 5128739, 318, 39, 371.25, -1.31, 11.14, 9.42, -91.95
0, 5136483, 50, 14, 366.37, -1.00, 12.10, 9.92, -79.24
0, 5143837, -39, 6, 361.87, -0.69, 12.10, 9.85, -62.53
0, 5151879, -29, 3, 358.06, -0.69, 12.45, 9.82, -40.20
0, 5159000, -15, 1, 358.06, -0.37, 13.45, 9.82, -18.10
0, 5168097, 16, -7, 354.87, -0.31, 11.97, 9.67, 11.38
0, 5176115, 99, -10, 354.06, -0.25, 11.87, 9.67, 36.63
0, 5182865, 261, -12, 354.19, -0.19, 11.87, 9.71, 56.02
0, 5191742, 637, -17, 354.50, -0.19, 12.64, 10.16, 77.30
0, 5198739, 938, -26, 354.50, -0.13, 12.93, 10.16, 89.63
0, 5205347, 1122, -50, 355.56, -0.13, 11.00, 9.53, 97.03
0, 5214612, 1427, -27, 358.50, -0.06, 11.00, 11.07, 99.84
0, 5221638, 1668, -2, 362.69, -0.06, 12.53, 9.83, 95.95
0, 5229470, 1882, 20, 362.69, 0.25, 11.84, 9.83, 85.74
0, 5238436, 2188, 47, 365.75, 0.00, 11.71, 9.57, 67.31
0, 5245158, 2401, 71, 369.06, -0.31, 12.26, 10.06, 49.66
0, 5253233, 2534, 92, 372.00, -0.31, 12.26, 9.77, 25.41
0, 5261452, 2540, 97, 375.12, -0.56, 11.75, 9.89, -1.06
0, 5269286, 2486, 107, 375.12, -0.88, 11.52, 9.89, -26.24
0, 5277240, 2344, 108, 378.06, -1.06, 11.77, 9.39, -50.07
0, 5282943, 2142, 112, 379.12, -1.12, 11.77, 10.44, -65.18
0, 5292013, 1594, 126, 378.75, -1.12, 11.73, 9.55, -84.42
0, 5299223, 1284, 125, 378.75, -1.25, 10.78, 9.55, -94.57
0, 5305564, 988, 99, 377.19, -1.31, 13.57, 9.98, -99.22
0, 5314061, 601, 64, 373.00, -1.37, 13.57, 9.72, -98.85
0, 5321105, 342, 41, 367.81, -1.37, 10.91, 9.72, -92.82
0, 5329353, 53, 14, 367.81, -1.12, 12.41, 9.86, -79.64
0, 5338005, -44, 5, 363.44, -0.75, 12.44, 9.93, -59.69
0, 5344798, -32, 2, 359.25, -0.50, 13.43, 9.78, -40.65
0, 5352622, -19, 1, 355.75, -0.50, 13.43, 9.87, -16.33
0, 5360359, 11, -7, 354.06, -0.31, 12.29, 9.87, 8.77
0, 5368720, 97, -10, 354.06, -0.25, 11.92, 9.78, 35.22
0, 5375371, 245, -11, 354.12, -0.25, 12.57, 9.60, 54.50
0, 5382496, 523, -16, 354.37, -0.25, 12.57, 9.68, 72.31
0, 5391977, 944, -28, 355.06, -0.19, 12.87, 9.68, 89.87
0, 5399190, 1140, -51, 355.06, -0.13, 13.04, 10.09, 97.61
0, 5405579, 1343, -34, 357.25, -0.06, 12.69, 10.68, 99.99
0, 5414514, 1660, -3, 361.37, 0.19, 12.69, 8.92, 96.12
0, 5421771, 1857, 17, 364.75, 0.19, 11.92, 10.04, 87.00
0, 5429881, 2126, 42, 364.75, 0.13, 12.15, 10.04, 71.13
0, 5438947, 2415, 72, 367.81, -0.19, 12.40, 10.01, 47.61
0, 5445527, 2535, 90, 371.06, -0.44, 11.78, 9.85, 27.84
0, 5453371, 2547, 96, 374.00, -0.44, 11.78, 9.29, 2.68
0, 5461203, 2499, 106, 377.19, -0.75, 11.25, 9.29, -22.61
0, 5469380, 2371, 109, 377.19, -1.00, 11.61, 9.81, -47.43
0, 5476805, 2108, 113, 379.06, -1.06, 11.81, 11.23, -67.12
0, 5483979, 1687, 125, 379.00, -1.19, 10.74, 9.60, -82.45
0, 5492528, 1265, 124, 378.00, -1.19, 10.74, 9.60, -94.82
0, 5500220, 910, 92, 374.94, -1.25, 11.51, 9.48, -99.73
0, 5506368, 637, 68, 374.94, -1.37, 10.83, 9.19, -99.19
0, 5514898, 319, 39, 369.44, -1.25, 10.83, 10.23, -91.92
0, 5522201, 62, 15, 364.94, -1.25, 12.54, 9.60, -80.07
0, 5530334, -39, 6, 364.94, -0.88, 12.31, 9.60, -61.61
0, 5538845, -29, 3, 360.62, -0.56, 13.50, 9.80, -37.72
0, 5545548, -12, 0, 356.94, -0.37, 12.22, 9.84, -16.78
0, 5553385, 15, -6, 354.37, -0.37, 12.22, 9.72, 8.63
0, 5561200, 93, -9, 354.12, -0.31, 12.03, 9.72, 33.42
0, 5568915, 268, -11, 354.12, -0.25, 11.92, 9.96, 55.79
0, 5575615, 526, -15, 354.31, -0.19, 12.89, 9.85, 72.42
0, 5582662, 868, -19, 354.81, -0.19, 12.89, 9.71, 86.20
0, 5592432, 1160, -50, 356.37, -0.19, 13.10, 9.71, 97.73
0, 5600041, 1403, -29, 359.87, -0.13, 10.71, 10.16, 99.94
0, 5606139, 1623, -7, 359.87, 0.06, 11.91, 9.54, 97.31
0, 5614136, 1845, 16, 363.87, 0.06, 11.91, 10.06, 88.11
0, 5622147, 2112, 41, 366.81, 0.19, 12.21, 10.06, 72.94
0, 5630346, 2383, 68, 370.12, -0.06, 11.69, 9.53, 52.32
0, 5637406, 2529, 89, 370.12, -0.37, 12.48, 10.02, 31.54
0, 5644625, 2556, 95, 373.00, -0.69, 11.32, 9.46, 8.58
0, 5652679, 2516, 105, 376.31, -0.69, 11.32, 9.46, -17.53
0, 5660833, 2412, 109, 378.75, -0.94, 11.64, 10.00, -42.74
0, 5668252, 2188, 112, 378.75, -1.06, 11.83, 9.00, -63.11
0, 5674352, 1859, 121, 379.19, -1.06, 11.83, 10.28, -77.17
0, 5682500, 1387, 130, 378.50, -1.19, 10.76, 9.47, -91.14
0, 5692002, 961, 96, 376.31, -1.25, 11.57, 9.47, -99.34
0, 5698886, 665, 70, 376.31, -1.37, 13.41, 10.02, -99.40
0, 5705588, 418, 48, 371.31, -1.37, 12.41, 9.42, -94.69
0, 5713409, 130, 22, 366.37, -1.37, 12.41, 9.78, -83.55
0, 5721193, -26, 7, 362.00, -1.00, 12.12, 9.78, -67.11
0, 5728722, -31, 4, 362.00, -0.69, 12.30, 9.75, -47.12
0, 5734891, -19, 2, 358.25, -0.44, 13.38, 9.78, -28.59
0, 5743710, -1, -2, 355.06, -0.44, 13.38, 9.78, -0.29
0, 5751542, 51, -7, 354.12, -0.31, 11.93, 9.88, 24.93
0, 5758313, 163, -10, 354.12, -0.25, 12.04, 9.78, 45.50
0, 5765909, 404, -13, 354.25, -0.25, 12.38, 9.45, 65.90
0, 5773077, 742, -17, 354.50, -0.19, 12.38, 9.45, 81.51
0, 5781120, 1033, -37, 355.56, -0.13, 12.94, 10.05, 93.72
0, 5789666, 1291, -39, 355.56, -0.13, 10.83, 11.05, 99.70
0, 5795961, 1516, -19, 358.44, -0.06, 12.53, 8.93, 99.20
0, 5803715, 1754, 7, 362.69, -0.06, 12.53, 9.69, 92.90
0, 5811574, 1989, 29, 365.81, 0.25, 11.88, 9.69, 80.52
0, 5819186, 2256, 54, 365.81, 0.06, 11.71, 9.79, 63.52
0, 5825420, 2441, 76, 369.06, 0.06, 12.30, 9.68, 46.65
0, 5832948, 2546, 93, 372.06, -0.25, 12.30, 9.42, 23.80
0, 5842012, 2541, 99, 375.25, -0.50, 11.73, 9.42, -5.46
0, 5848905, 2490, 106, 375.25, -0.69, 11.50, 9.82, -27.54
0, 5855614, 2363, 108, 378.19, -0.81, 11.78, 9.57, -47.70
0, 5863676, 2049, 114, 379.19, -0.81, 11.78, 9.57, -68.87
0, 5871863, 1567, 128, 378.87, -0.88, 11.69, 9.96, -85.53
0, 5879280, 1250, 122, 378.87, -1.00, 11.74, 9.62, -95.43
0, 5885388, 960, 96, 377.25, -1.06, 13.32, 10.56, -99.45
0, 5893995, 574, 62, 373.12, -1.06, 13.32, 10.56, -98.46
0, 5902054, 278, 36, 368.00, -0.81, 10.97, 9.60, -90.57
0, 5908948, 45, 14, 368.00, -0.50, 12.32, 9.77, -78.87
0, 5916096, -39, 6, 363.62, -0.50, 12.44, 9.85, -62.57
0, 5923517, -30, 3, 359.44, -0.19, 12.44, 9.85, -42.09
0, 5931266, -17, 1, 355.87, 0.00, 13.48, 9.82, -18.13
0, 5939021, 11, -6, 355.87, 0.06, 12.20, 9.76, 7.00
0, 5946124, 73, -9, 354.12, 0.13, 11.89, 9.68, 29.67
0, 5953961, 236, -11, 354.19, 0.13, 11.89, 9.65, 52.80
0, 5962341, 552, -16, 354.37, 0.19, 12.53, 9.65, 73.73
0, 5969014, 864, -20, 354.37, 0.19, 12.76, 10.11, 86.55
0, 5975476, 1061, -43, 355.06, 0.19, 11.14, 9.68, 95.10
0, 5983399, 1309, -37, 357.25, 0.19, 11.14, 11.29, 99.84
0, 5992583, 1638, -6, 361.19, 0.44, 12.50, 11.29, 97.08
0, 6000220, 1850, 16, 364.69, 0.44, 11.78, 10.00, 88.19
0, 6006257, 2048, 35, 364.69, 0.13, 12.18, 9.56, 77.29
0, 6014216, 2320, 61, 367.87, 0.13, 12.18, 9.56, 58.46
0, 6022349, 2519, 88, 371.06, -0.13, 12.29, 10.08, 35.20
0, 6029917, 2561, 96, 371.06, -0.44, 11.83, 9.29, 11.32
0, 6036191, 2531, 101, 374.06, -0.69, 11.35, 10.04, -9.06
0, 6044635, 2446, 109, 377.31, -0.69, 11.80, 10.04, -35.75
0, 6052719, 2254, 112, 379.12, -0.75, 11.80, 8.50, -58.80
0, 6060496, 1865, 122, 379.06, -0.94, 12.18, 11.24, -77.18
0, 6067114, 1472, 133, 379.06, -1.00, 10.75, 9.53, -88.99
0, 6074451, 1145, 113, 378.00, -1.00, 10.75, 9.38, -97.25
0, 6082728, 753, 78, 375.12, -1.06, 11.54, 9.38, -99.94
0, 6092632, 371, 44, 369.75, -1.00, 11.16, 10.03, -93.70
0, 6100227, 89, 18, 365.12, -0.62, 12.47, 9.62, -82.31
0, 6106854, -33, 6, 365.12, -0.31, 12.09, 9.86, -68.25
0, 6114627, -37, 3, 360.69, -0.31, 13.49, 9.86, -47.79
0, 6122895, -25, 1, 357.00, -0.06, 13.49, 9.87, -22.72
0, 6130459, 0, -5, 354.37, 0.06, 12.22, 9.81, 1.70
0, 6137523, 48, -8, 354.37, 0.06, 11.94, 9.93, 24.44
0, 6145365, 188, -11, 354.06, 0.06, 12.50, 9.75, 48.13
0, 6153227, 447, -15, 354.25, 0.13, 12.50, 9.75, 68.74
0, 6161039, 820, -19, 354.69, 0.19, 12.71, 9.67, 84.80
0, 6167642, 1034, -39, 354.69, 0.19, 12.98, 9.88, 94.15
0, 6174806, 1254, -43, 356.19, 0.19, 12.98, 9.88, 99.39
0, 6182676, 1537, -16, 359.62, 0.31, 11.10, 10.39, 98.94
0, 6192368, 1826, 14, 363.62, 0.50, 11.82, 8.88, 89.56
0, 6199658, 2067, 36, 363.62, 0.25, 12.12, 9.98, 76.60
0, 6206584, 2307, 60, 366.69, 0.25, 11.74, 10.00, 60.30
0, 6214464, 2509, 87, 370.06, -0.06, 11.74, 10.00, 38.09
0, 6222223, 2568, 96, 373.00, -0.31, 11.75, 9.83, 13.78
0, 6228867, 2541, 101, 373.00, -0.62, 11.45, 9.37, -7.79
0, 6235658, 2481, 108, 376.31, -0.62, 11.43, 8.80, -29.45
0, 6245001, 2275, 111, 378.81, -0.75, 11.80, 8.80, -56.71
0, 6253071, 1906, 120, 379.25, -0.88, 11.80, 10.70, -76.15
0, 6260883, 1454, 133, 378.56, -0.94, 10.97, 9.56, -90.01
0, 6266980, 1194, 118, 378.56, -0.94, 11.49, 9.42, -96.83
0, 6274882, 809, 83, 376.44, -1.06, 11.49, 9.42, -100.00
0, 6283034, 477, 53, 371.75, -1.06, 12.94, 9.42, -96.38
0, 6293185, 101, 19, 366.81, -0.81, 12.41, 10.07, -82.52
0, 6301051, -45, 5, 362.25, -0.44, 12.18, 9.65, -65.52
0, 6308002, -44, 2, 362.25, -0.44, 12.20, 9.87, -46.91
0, 6314942, -33, 1, 358.37, -0.19, 12.20, 9.87, -25.94
0, 6323009, -13, -5, 355.00, 0.00, 12.34, 9.79, 0.01
0, 6329958, 31, -8, 355.00, 0.06, 11.94, 9.69, 22.43
0, 6338157, 170, -12, 353.94, 0.06, 12.00, 9.75, 47.33
0, 6346028, 421, -15, 354.06, 0.06, 12.48, 9.75, 68.11
0, 6353976, 804, -20, 354.37, 0.13, 12.48, 9.96, 84.57
0, 6362288, 1070, -47, 355.44, 0.19, 12.99, 9.64, 95.76
0, 6367996, 1243, -44, 355.44, 0.19, 11.08, 10.29, 99.43
0, 6375418, 1510, -19, 358.06, 0.25, 12.38, 10.29, 99.09
0, 6383678, 1767, 8, 362.37, 0.50, 12.38, 9.32, 91.96
0, 6393237, 2071, 37, 365.50, 0.37, 12.18, 9.89, 75.52
0, 6401113, 2346, 65, 368.81, 0.06, 11.67, 9.63, 56.44
0, 6408076, 2516, 88, 368.81, 0.06, 12.32, 9.79, 36.45
0, 6414837, 2566, 96, 371.87, -0.19, 12.32, 9.79, 15.25
0, 6421768, 2541, 101, 375.06, -0.50, 11.41, 9.63, -7.24
0, 6428014, 2489, 108, 375.06, -0.50, 11.44, 9.71, -27.23
0, 6435665, 2335, 109, 378.12, -0.75, 11.79, 9.87, -50.10
0, 6445064, 1941, 118, 379.31, -0.81, 11.97, 9.87, -73.84
0, 6452911, 1501, 133, 378.87, -0.94, 11.97, 9.72, -88.48
0, 6460704, 1170, 115, 377.31, -1.00, 11.88, 9.68, -97.34
0, 6466585, 888, 90, 377.31, -1.00, 12.76, 9.68, -99.92
0, 6474457, 544, 59, 373.44, -1.12, 12.76, 10.30, -97.67
0, 6482028, 266, 34, 368.31, -0.94, 11.13, 9.48, -89.48
0, 6490358, 11, 10, 363.94, -0.56, 12.31, 9.81, -74.26
0, 6498662, -35, 5, 363.94, -0.56, 12.33, 9.79, -53.68
0, 6505648, -23, 2, 359.69, -0.25, 13.43, 9.79, -33.28
0, 6513469, -8, -1, 356.12, -0.06, 13.43, 9.88, -8.47
0, 6519360, 19, -6, 356.12, 0.00, 12.38, 9.72, 10.67
0, 6528204, 129, -11, 356.12, 0.00, 12.12, 9.97, 38.46
0, 6536943, 350, -13, 356.06, 0.06, 12.57, 9.62, 62.81
0, 6546069, 756, -17, 356.31, 0.13, 12.83, 9.62, 82.83
0, 6553923, 1030, -37, 357.06, 0.13, 12.83, 10.10, 94.31
0, 6561735, 1268, -42, 359.00, 0.19, 11.11, 11.19, 99.64
0, 6568008, 1492, -21, 359.00, 0.19, 12.57, 8.84, 99.29
0, 6575836, 1743, 6, 362.56, 0.37, 11.76, 8.84, 93.08
0, 6583772, 1979, 29, 366.19, 0.50, 11.76, 9.71, 80.66
0, 6593191, 2309, 60, 369.44, 0.19, 11.62, 9.94, 59.07
0, 6601046, 2516, 88, 372.44, -0.13, 12.29, 9.67, 36.75
0, 6607709, 2572, 97, 372.44, -0.13, 11.88, 9.40, 15.88
0, 6615044, 2546, 102, 375.75, -0.37, 11.88, 9.40, -7.92
0, 6622262, 2481, 108, 377.75, -0.69, 11.35, 9.84, -30.90
0, 6628762, 2349, 110, 377.75, -0.69, 11.76, 10.80, -50.18
0, 6636763, 2014, 117, 377.75, -0.81, 12.02, 9.56, -70.76
0, 6645763, 1498, 133, 376.69, -0.94, 10.62, 9.56, -88.15
0, 6653614, 1184, 117, 373.69, -1.00, 10.62, 9.56, -97.22
0, 6661472, 811, 83, 368.44, -1.06, 13.50, 10.32, -99.98
0, 6667238, 566, 61, 368.44, -1.06, 10.83, 9.65, -97.86
0, 6675522, 266, 35, 364.12, -1.06, 10.83, 9.65, -88.85
0, 6683527, 19, 11, 359.69, -0.75, 12.34, 9.72, -74.04
0, 6692280, -28, 5, 356.00, -0.44, 12.34, 9.90, -52.17
0, 6700925, -15, 3, 353.19, -0.44, 13.48, 9.86, -26.43
0, 6707555, 6, -2, 353.19, -0.13, 12.37, 9.86, -5.17
0, 6715021, 46, -7, 352.75, 0.00, 12.37, 9.74, 19.01
0, 6721664, 136, -9, 352.94, 0.00, 11.94, 9.85, 39.63
0, 6728503, 316, -11, 352.94, 0.00, 12.49, 9.67, 58.92
0, 6736360, 658, -16, 353.37, 0.13, 12.95, 10.13, 77.44
0, 6745967, 1021, -34, 354.87, 0.13, 13.01, 10.13, 93.15
0, 6753892, 1253, -44, 358.31, 0.19, 13.01, 9.74, 99.35
0, 6761747, 1532, -17, 362.25, 0.25, 12.57, 10.98, 99.01
0, 6767635, 1717, 3, 362.25, 0.25, 11.90, 10.98, 94.51
0, 6775888, 1955, 26, 365.19, 0.50, 11.90, 9.96, 82.46
0, 6783665, 2229, 52, 368.50, 0.31, 12.10, 9.54, 65.67
0, 6792715, 2492, 84, 371.37, 0.00, 11.75, 10.07, 40.95
0, 6801494, 2577, 97, 374.69, 0.00, 11.73, 9.45, 13.57
0, 6808420, 2549, 102, 374.69, -0.31, 11.50, 9.45, -8.91
0, 6815384, 2484, 109, 377.31, -0.56, 11.50, 9.99, -31.07
0, 6822035, 2342, 111, 377.94, -0.75, 11.33, 8.51, -50.75
0, 6828723, 2073, 117, 377.94, -0.75, 12.03, 10.99, -68.16
0, 6836554, 1597, 129, 377.25, -0.88, 10.69, 10.99, -84.41
0, 6846328, 1183, 116, 375.00, -0.94, 11.65, 9.46, -96.94
0, 6854114, 830, 85, 370.12, -1.06, 11.65, 10.11, -100.00
0, 6861972, 509, 56, 365.44, -1.06, 11.19, 9.24, -96.61
0, 6868067, 292, 37, 365.44, -1.12, 12.22, 9.24, -89.62
0, 6876188, 37, 13, 361.12, -0.88, 12.30, 9.65, -74.92
0, 6883887, -22, 6, 357.25, -0.50, 12.30, 9.85, -56.16
0, 6892954, -10, 4, 354.00, -0.25, 12.22, 9.83, -29.68
0, 6901837, 13, -1, 352.81, -0.25, 12.38, 9.89, -1.22
0, 6908840, 55, -6, 352.81, -0.06, 12.04, 9.89, 21.40
0, 6915598, 160, -9, 352.94, 0.00, 12.04, 9.75, 42.20
0, 6922243, 346, -11, 353.19, 0.06, 12.05, 9.78, 60.67
0, 6929029, 647, -15, 353.19, 0.06, 12.92, 9.81, 76.61
0, 6937110, 981, -28, 354.19, 0.13, 13.00, 9.81, 90.68
0, 6946695, 1261, -43, 356.94, 0.13, 10.71, 9.89, 99.24
0, 6954283, 1526, -18, 361.19, 0.19, 10.71, 10.02, 99.23
0, 6962533, 1776, 9, 364.31, 0.44, 12.66, 9.02, 92.40
0, 6968465, 1953, 26, 364.31, 0.44, 12.11, 9.02, 83.35
0, 6976392, 2229, 52, 367.50, 0.37, 12.11, 9.96, 66.50
0, 6983792, 2458, 78, 370.56, 0.06, 11.82, 9.85, 46.77
0, 6993280, 2576, 96, 373.69, -0.19, 12.15, 9.76, 17.70
0, 7002262, 2554, 103, 376.75, -0.19, 11.43, 9.52, -11.42
0, 7009249, 2483, 108, 376.75, -0.50, 11.47, 9.52, -33.52
0, 7016344, 2314, 111, 377.94, -0.75, 11.47, 9.18, -54.19
0, 7023347, 1999, 118, 377.69, -0.81, 11.73, 10.50, -71.78
0, 7030072, 1581, 131, 377.69, -0.81, 10.82, 9.61, -85.18
0, 7039224, 1177, 116, 376.12, -0.88, 11.68, 9.48, -96.80
0, 7049391, 717, 75, 372.19, -1.00, 13.43, 9.48, -99.70
0, 7055960, 472, 53, 366.81, -0.88, 11.16, 9.32, -95.79
0, 7063780, 190, 28, 362.50, -0.56, 11.16, 9.95, -85.48
0, 7069487, 27, 12, 362.50, -0.56, 12.25, 9.76, -74.43
0, 7077412, -16, 6, 358.44, -0.25, 12.11, 9.76, -54.93
0, 7085090, -5, 5, 355.00, 0.00, 13.60, 9.87, -32.56
0, 7094570, 13, 1, 352.94, 0.13, 13.60, 9.89, -2.31
0, 7102866, 69, -7, 352.94, 0.13, 12.01, 9.79, 24.43
0, 7110283, 187, -10, 352.94, 0.13, 12.15, 9.79, 46.91
0, 7116811, 388, -11, 353.12, 0.19, 12.15, 9.82, 64.47
0, 7123643, 711, -15, 353.69, 0.25, 12.31, 9.97, 79.74
0, 7130377, 989, -27, 353.69, 0.25, 12.88, 9.53, 90.95
0, 7139496, 1262, -43, 355.62, 0.25, 11.01, 10.41, 99.13
0, 7149293, 1607, -9, 359.62, 0.37, 12.44, 10.41, 98.26
0, 7156001, 1798, 11, 363.37, 0.56, 11.86, 9.51, 91.90
0, 7163869, 2050, 35, 366.44, 0.31, 11.86, 9.87, 78.92
0, 7169656, 2258, 55, 366.44, 0.31, 11.81, 9.87, 66.02
0, 7177302, 2484, 82, 369.69, 0.00, 12.23, 9.80, 45.50
0, 7184203, 2577, 97, 372.69, -0.31, 12.23, 9.60, 24.52
0, 7193611, 2569, 102, 376.00, -0.56, 11.69, 9.80, -5.84
0, 7202453, 2491, 110, 377.87, -0.56, 11.49, 9.47, -33.93
0, 7209464, 2340, 111, 377.87, -0.69, 11.81, 9.47, -54.33
0, 7216256, 2037, 118, 377.94, -0.81, 11.81, 9.43, -71.41
0, 7221965, 1677, 128, 377.00, -0.81, 11.81, 9.71, -83.12
0, 7229369, 1307, 127, 377.00, -0.88, 10.76, 9.71, -93.98
0, 7237593, 920, 93, 374.19, -1.00, 13.39, 10.07, -99.67
0, 7246801, 531, 58, 368.69, -1.00, 11.04, 10.02, -97.62
0, 7254339, 258, 34, 363.94, -0.62, 11.04, 9.49, -89.43
0, 7262657, 8, 10, 359.56, -0.62, 12.44, 9.88, -74.21
0, 7268368, -38, 5, 359.56, -0.31, 12.31, 9.88, -60.54
0, 7276326, -28, 3, 355.94, -0.06, 12.31, 9.71, -38.14
0, 7282507, -13, 1, 353.12, 0.13, 13.46, 9.76, -18.90
0, 7291407, 13, -6, 352.69, 0.13, 12.28, 9.71, 9.93
0, 7300305, 105, -10, 352.69, 0.13, 11.89, 9.71, 37.93
0, 7306445, 248, -11, 352.87, 0.19, 12.65, 9.68, 55.54
0, 7314433, 578, -16, 353.19, 0.19, 12.65, 9.70, 75.05
0, 7320183, 853, -19, 353.19, 0.25, 12.90, 10.20, 86.04
0, 7328468, 1112, -49, 354.56, 0.25, 13.12, 10.20, 96.50
0, 7336364, 1363, -32, 357.94, 0.31, 12.41, 11.13, 100.00
0, 7346225, 1703, 1, 362.06, 0.62, 11.84, 8.90, 95.15
0, 7354126, 1928, 24, 365.06, 0.44, 11.84, 9.94, 84.20
0, 7361985, 2203, 49, 368.44, 0.44, 12.16, 9.94, 67.81
0, 7368021, 2399, 70, 368.44, 0.13, 12.22, 10.08, 52.17
0, 7375016, 2532, 91, 371.31, -0.13, 12.22, 9.69, 31.57
0, 7381727, 2556, 96, 374.62, -0.13, 11.75, 9.38, 10.26
0, 7391062, 2514, 107, 377.25, -0.44, 11.41, 8.90, -19.97
0, 7399943, 2391, 109, 377.25, -0.62, 11.54, 8.90, -47.07
0, 7406272, 2186, 112, 377.75, -0.75, 11.71, 11.09, -64.12
0, 7414332, 1711, 125, 377.25, -0.75, 11.71, 9.48, -81.82
0, 7420235, 1396, 131, 377.25, -0.81, 10.94, 9.48, -91.29
0, 7428616, 1012, 101, 375.31, -0.88, 11.51, 9.71, -98.91
0, 7436305, 669, 71, 370.50, -1.00, 11.18, 9.76, -99.47
0, 7445428, 333, 41, 365.44, -0.81, 12.45, 9.83, -92.12
0, 7453746, 46, 14, 361.00, -0.44, 12.45, 9.57, -78.37
0, 7461789, -41, 5, 357.12, -0.44, 12.18, 9.57, -59.63
0, 7467495, -29, 3, 357.12, -0.13, 12.18, 9.94, -43.78
0, 7473205, -20, 1, 353.81, -0.13, 13.54, 9.85, -26.41
0, 7480609, -3, -3, 353.81, 0.06, 12.33, 9.85, -2.63
0, 7489059, 49, -8, 352.62, 0.13, 11.94, 9.67, 24.61
0, 7498889, 221, -11, 352.75, 0.19, 12.04, 9.90, 53.84
0, 7505684, 448, -15, 353.06, 0.25, 12.69, 9.71, 71.01
0, 7513810, 854, -20, 353.94, 0.25, 12.69, 10.01, 86.95
0, 7519515, 1038, -38, 353.94, 0.25, 13.22, 10.01, 94.57
0, 7527299, 1283, -40, 356.25, 0.31, 11.10, 9.73, 99.70
0, 7533656, 1513, -19, 360.50, 0.50, 11.10, 8.77, 99.17
0, 7542493, 1786, 10, 363.94, 0.50, 11.72, 10.05, 91.44
0, 7552205, 2102, 39, 367.25, 0.56, 12.20, 10.05, 74.33
0, 7559196, 2348, 65, 367.25, 0.25, 11.63, 9.52, 57.32
0, 7566232, 2518, 88, 370.31, -0.06, 11.63, 10.15, 37.23
0, 7572066, 2567, 96, 373.50, -0.06, 12.37, 9.31, 19.04
0, 7579897, 2545, 101, 373.50, -0.31, 11.37, 9.31, -6.32
0, 7587949, 2477, 108, 376.62, -0.62, 11.49, 10.02, -31.96
0, 7596314, 2295, 110, 377.87, -0.69, 11.72, 9.01, -56.26
0, 7604402, 1917, 120, 377.56, -0.69, 11.72, 9.49, -75.83
0, 7612714, 1436, 132, 376.19, -0.81, 10.85, 9.49, -90.49
0, 7618431, 1198, 118, 376.19, -0.88, 11.56, 9.42, -96.80
0, 7625305, 862, 87, 372.62, -1.00, 11.56, 9.99, -99.96
0, 7632079, 567, 61, 367.19, -1.00, 13.07, 9.21, -98.19
0, 7641273, 228, 31, 362.75, -0.94, 12.42, 9.64, -88.24
0, 7650100, -17, 8, 362.75, -0.56, 12.26, 9.64, -71.29
0, 7656451, -44, 4, 358.44, -0.25, 12.26, 9.82, -55.38
0, 7664567, -33, 2, 354.87, -0.25, 12.26, 9.85, -31.73
0, 7670272, -17, -1, 354.87, 0.00, 13.44, 9.85, -13.68
0, 7678191, 14, -7, 352.69, 0.13, 12.04, 9.68, 12.02
0, 7684948, 83, -10, 352.62, 0.13, 11.99, 9.94, 33.39
0, 7694257, 309, -13, 352.87, 0.19, 11.99, 9.61, 59.99
0, 7702847, 670, -18, 353.44, 0.19, 12.64, 9.61, 79.74
0, 7710207, 965, -30, 353.44, 0.25, 12.97, 9.78, 91.78
0, 7716694, 1154, -51, 355.37, 0.25, 12.97, 9.88, 98.06
0, 7722627, 1349, -34, 359.12, 0.25, 11.20, 9.98, 100.00
0, 7730459, 1635, -6, 359.12, 0.37, 12.58, 9.98, 96.87
0, 7739376, 1886, 20, 362.81, 0.62, 11.73, 9.01, 85.72
0, 7748499, 2202, 49, 365.87, 0.37, 11.60, 9.58, 66.91
0, 7755273, 2419, 73, 369.25, 0.06, 12.25, 9.75, 49.04
0, 7763549, 2552, 95, 372.19, 0.06, 12.25, 9.75, 24.08
0, 7769249, 2558, 97, 372.19, -0.19, 11.78, 9.77, 5.77
0, 7775992, 2519, 106, 375.50, -0.50, 11.78, 9.55, -16.10
0, 7782960, 2436, 109, 377.56, -0.50, 11.48, 9.32, -37.88
0, 7792721, 2145, 114, 377.69, -0.69, 11.79, 10.11, -64.89
0, 7802771, 1595, 127, 376.69, -0.81, 12.00, 10.11, -85.90
0, 7809682, 1312, 127, 376.69, -0.88, 11.50, 9.70, -95.15
0, 7816474, 991, 99, 373.94, -0.88, 11.50, 9.98, -99.58
0, 7822642, 700, 74, 369.00, -0.94, 13.12, 9.98, -99.41
0, 7830323, 406, 47, 369.00, -1.00, 11.07, 9.26, -93.62
0, 7837670, 136, 22, 364.62, -0.75, 12.26, 9.95, -82.64
0, 7845768, -20, 7, 360.06, -0.44, 12.23, 9.71, -65.11
0, 7854613, -20, 4, 356.25, -0.44, 12.23, 9.86, -40.89
0, 7862865, -4, 2, 353.31, -0.13, 13.44, 9.86, -15.21
0, 7868574, 18, -3, 353.31, 0.06, 12.37, 9.81, 3.31
0, 7874772, 71, -9, 352.75, 0.06, 12.37, 9.71, 23.27
0, 7882774, 209, -11, 352.94, 0.13, 12.09, 9.72, 47.52
0, 7892488, 535, -16, 353.37, 0.19, 12.51, 10.05, 72.52
0, 7901351, 922, -22, 354.81, 0.25, 12.60, 10.05, 89.11
0, 7907429, 1090, -45, 354.81, 0.25, 11.19, 9.48, 96.29
0, 7915158, 1338, -35, 357.94, 0.25, 11.19, 9.48, 99.98
0, 7921025, 1555, -15, 357.94, 0.31, 12.64, 10.55, 98.57
0, 7928517, 1778, 9, 361.87, 0.56, 11.78, 9.52, 91.59
0, 7935037, 1973, 28, 364.87, 0.50, 12.16, 9.80, 81.08
0, 7943471, 2266, 55, 368.25, 0.50, 12.16, 9.81, 62.18
0, 7953208, 2524, 89, 371.12, 0.19, 12.26, 9.81, 34.68
0, 7960818, 2576, 97, 374.37, -0.13, 11.84, 9.45, 10.63
0, 7967001, 2546, 102, 374.37, -0.13, 11.84, 9.82, -9.46
0, 7973394, 2483, 110, 377.12, -0.37, 11.46, 9.42, -29.82
0, 7981560, 2305, 112, 377.94, -0.62, 11.83, 9.42, -53.84
0, 7988972, 1986, 119, 377.94, -0.75, 12.10, 10.65, -72.41
0, 7996753, 1523, 133, 377.25, -0.88, 10.90, 9.63, -87.38
0, 8005123, 1172, 115, 375.19, -0.88, 10.90, 9.37, -97.24
0, 8013523, 782, 81, 370.62, -0.94, 11.59, 9.37, -99.93
0, 8019231, 550, 60, 370.62, -1.00, 10.95, 10.76, -97.51
0, 8025176, 343, 41, 365.69, -1.00, 10.95, 9.69, -91.42
0, 8033205, 73, 16, 361.37, -0.88, 12.37, 9.88, -77.86
0, 8042121, -20, 7, 357.44, -0.50, 12.33, 9.88, -56.65
0, 8050920, -7, 4, 354.19, -0.25, 13.46, 9.74, -31.06
0, 8057043, 11, 1, 354.19, 0.00, 12.44, 9.81, -11.63
0, 8064889, 44, -6, 352.81, 0.00, 12.44, 9.81, 13.83
0, 8070589, 99, -8, 352.81, 0.13, 12.01, 9.84, 31.86
0, 8077529, 253, -11, 352.94, 0.13, 12.57, 9.71, 52.28
0, 8084628, 516, -15, 353.25, 0.13, 12.88, 9.74, 70.41
0, 8093580, 924, -20, 354.12, 0.19, 12.88, 9.70, 87.84
0, 8103040, 1193, -48, 356.75, 0.25, 13.03, 9.70, 98.19
0, 8109924, 1419, -27, 356.75, 0.25, 10.93, 11.16, 99.94
0, 8116683, 1657, -3, 360.94, 0.25, 10.93, 8.88, 96.80
0, 8122392, 1813, 13, 364.06, 0.44, 11.89, 8.88, 90.50
0, 8130134, 2059, 35, 364.06, 0.56, 12.09, 9.93, 77.04
0, 8136127, 2268, 56, 367.25, 0.25, 11.78, 10.05, 63.23
0, 8144790, 2500, 85, 370.31, 0.25, 11.67, 9.75, 39.18
0, 8153860, 2570, 96, 373.44, 0.00, 11.67, 9.75, 10.72
0, 8161888, 2531, 105, 376.50, -0.31, 11.55, 9.31, -15.33
0, 8167595, 2475, 109, 376.50, -0.31, 11.40, 8.55, -33.31
0, 8173621, 2333, 110, 377.87, -0.56, 11.40, 8.55, -51.05
0, 8181465, 1991, 118, 377.56, -0.69, 11.92, 11.16, -71.10
0, 8188522, 1573, 130, 377.56, -0.81, 10.73, 9.39, -85.24
0, 8195911, 1260, 123, 376.12, -0.88, 11.84, 9.43, -95.24
0, 8204762, 847, 86, 372.25, -0.88, 11.84, 9.43, -99.98
0, 8212650, 527, 58, 367.00, -0.88, 13.33, 9.90, -97.25
0, 8218356, 327, 40, 367.00, -0.50, 12.43, 9.94, -91.28
0, 8224436, 113, 20, 362.69, -0.50, 12.43, 9.94, -81.47
0, 8232673, -19, 7, 358.50, -0.25, 12.22, 9.68, -63.20
0, 8241181, -12, 5, 355.06, 0.06, 12.27, 9.76, -39.61
0, 8248434, 3, 2, 355.06, 0.19, 12.30, 9.93, -17.04
0, 8256189, 32, -5, 352.94, 0.19, 11.95, 9.80, 8.11
0, 8264269, 109, -9, 352.87, 0.19, 11.95, 9.80, 33.74
0, 8269986, 225, -10, 352.87, 0.25, 11.94, 9.86, 50.57
0, 8276327, 449, -14, 353.06, 0.25, 12.54, 9.71, 67.17
0, 8284108, 823, -17, 353.62, 0.31, 12.54, 9.96, 83.59
0, 8293201, 1114, -46, 355.56, 0.37, 13.04, 9.96, 95.96
0, 8302166, 1399, -29, 359.56, 0.44, 10.65, 9.85, 100.00
0, 8308980, 1640, -5, 359.56, 0.69, 12.51, 9.03, 97.40
0, 8315992, 1834, 15, 363.19, 0.69, 12.51, 9.03, 89.76
0, 8321699, 2018, 32, 363.19, 0.50, 12.02, 9.94, 80.07
0, 8328403, 2252, 54, 366.19, 0.19, 11.82, 9.55, 65.21
0, 8335353, 2460, 78, 369.44, 0.19, 12.19, 9.94, 46.54
0, 8344327, 2571, 96, 372.37, -0.13, 12.19, 9.47, 19.09
0, 8353559, 2551, 102, 375.69, -0.37, 11.41, 9.47, -10.82
0, 8361005, 2476, 108, 375.69, -0.56, 11.50, 10.02, -34.36
0, 8367295, 2333, 109, 377.69, -0.56, 11.50, 9.14, -52.73
0, 8373477, 2070, 115, 377.81, -0.69, 11.72, 9.14, -68.64
0, 8380959, 1606, 129, 377.81, -0.75, 11.94, 9.53, -84.15
0, 8387301, 1325, 128, 376.87, -0.88, 11.67, 9.32, -93.44
0, 8395431, 948, 95, 374.00, -0.88, 13.46, 10.03, -99.50
0, 8405141, 537, 58, 368.56, -0.94, 13.46, 10.03, -97.67
0, 8413567, 234, 32, 364.06, -0.69, 11.16, 9.31, -88.21
0, 8419276, 49, 14, 364.06, -0.31, 12.19, 9.72, -77.99
0, 8425381, -26, 7, 359.69, -0.31, 12.19, 9.72, -64.10
0, 8433589, -18, 4, 356.06, -0.06, 12.26, 9.76, -41.57
0, 8442679, -3, 2, 353.19, 0.13, 13.59, 9.92, -13.25
0, 8450426, 34, -7, 353.19, 0.19, 12.16, 9.72, 11.89
0, 8457956, 116, -10, 352.75, 0.25, 12.14, 10.06, 35.63
0, 8465696, 300, -11, 352.87, 0.25, 12.14, 10.06, 57.79
0, 8471404, 524, -15, 353.31, 0.31, 12.59, 9.66, 71.87
0, 8477656, 832, -18, 353.31, 0.31, 12.92, 9.85, 84.44
0, 8485459, 1088, -43, 354.69, 0.31, 10.70, 10.44, 95.19
0, 8495179, 1396, -29, 357.94, 0.37, 12.55, 9.24, 100.00
0, 8504336, 1703, 2, 362.12, 0.62, 12.55, 9.24, 95.45
0, 8512143, 1925, 24, 365.12, 0.56, 11.90, 9.44, 84.89
0, 8517855, 2124, 41, 365.12, 0.56, 11.90, 9.44, 73.66
0, 8524021, 2332, 63, 368.44, 0.25, 11.79, 9.82, 58.70
0, 8531436, 2512, 87, 368.44, 0.00, 12.23, 9.68, 37.65
0, 8538254, 2566, 96, 371.31, -0.31, 11.72, 9.58, 16.34
0, 8546200, 2539, 101, 374.62, -0.31, 11.45, 9.76, -9.43
0, 8556008, 2437, 107, 377.19, -0.56, 11.73, 9.76, -40.20
0, 8564421, 2211, 110, 377.81, -0.62, 11.73, 10.17, -63.46
0, 8570130, 1913, 117, 377.81, -0.62, 12.14, 10.02, -76.64
0, 8576191, 1516, 133, 377.19, -0.75, 10.75, 10.02, -87.74
0, 8584409, 1131, 111, 375.44, -0.81, 10.75, 9.65, -97.30
0, 8594117, 693, 73, 370.87, -0.94, 13.07, 10.59, -99.66
0, 8604119, 331, 40, 365.50, -0.81, 11.36, 9.44, -91.77
0, 8611937, 60, 15, 361.00, -0.44, 12.47, 9.90, -78.82
0, 8617978, -28, 6, 361.00, -0.44, 12.34, 9.90, -65.27
0, 8624119, -23, 4, 357.25, -0.19, 12.34, 9.82, -48.94
0, 8630790, -13, 3, 357.25, 0.13, 13.57, 9.85, -29.00
0, 8637670, 4, -2, 353.87, 0.13, 12.18, 9.68, -7.03
0, 8646345, 49, -8, 352.69, 0.19, 12.00, 9.77, 21.04
0, 8656294, 201, -11, 352.81, 0.19, 12.41, 9.77, 51.05
0, 8664506, 473, -15, 353.12, 0.25, 12.41, 9.74, 71.94
0, 8670211, 754, -17, 353.12, 0.25, 12.60, 9.99, 83.53
0, 8676518, 1004, -29, 353.94, 0.31, 13.17, 9.99, 92.98
0, 8684626, 1255, -44, 356.19, 0.31, 13.17, 9.50, 99.36
0, 8694484, 1605, -9, 360.44, 0.44, 12.54, 11.31, 97.85
0, 8704312, 1888, 20, 363.87, 0.69, 11.73, 9.78, 86.40
0, 8712138, 2161, 45, 367.19, 0.37, 12.14, 9.69, 70.93
0, 8718100, 2364, 66, 367.19, 0.37, 12.14, 9.69, 56.01
0, 8724033, 2503, 86, 370.25, 0.06, 11.70, 10.03, 39.07
0, 8730712, 2559, 95, 370.25, -0.19, 11.71, 9.34, 18.30
0, 8737482, 2539, 100, 373.44, -0.19, 11.36, 10.02, -3.63
0, 8746634, 2470, 107, 376.56, -0.50, 11.53, 8.87, -32.80
0, 8756639, 2242, 110, 377.75, -0.62, 12.00, 8.87, -61.29
0, 8764464, 1850, 122, 377.44, -0.75, 12.00, 10.77, -79.22
0, 8770175, 1495, 133, 377.44, -0.75, 10.95, 9.69, -89.13
0, 8776074, 1220, 120, 376.25, -0.81, 10.95, 9.69, -96.15
0, 8783787, 843, 86, 372.87, -0.88, 11.34, 9.29, -99.96
0, 8791887, 510, 56, 367.31, -0.94, 11.48, 10.76, -97.23
0, 8800660, 187, 27, 367.31, -0.56, 12.53, 9.71, -86.70
0, 8809395, -27, 7, 362.56, -0.56, 12.11, 9.86, -69.25
0, 8816180, -41, 3, 358.37, -0.25, 12.11, 9.86, -51.77
0, 8821892, -31, 2, 354.81, -0.25, 12.38, 9.80, -35.07
0, 8827664, -19, 0, 354.81, 0.00, 12.26, 9.80, -16.96
0, 8835681, 7, -7, 352.69, 0.19, 12.26, 9.86, 9.04
0, 8845071, 108, -11, 352.62, 0.19, 11.97, 9.78, 38.58
0, 8854673, 357, -14, 352.81, 0.25, 11.92, 9.55, 65.07
0, 8862482, 710, -18, 353.37, 0.25, 12.85, 9.66, 82.07
0, 8868200, 950, -28, 353.37, 0.31, 12.85, 9.66, 91.23
0, 8874103, 1125, -50, 355.19, 0.31, 12.96, 9.71, 97.37
0, 8880320, 1327, -36, 355.19, 0.31, 11.22, 10.98, 99.96
0, 8887816, 1603, -9, 358.87, 0.37, 12.53, 8.88, 97.67
0, 8897026, 1868, 18, 362.75, 0.62, 12.14, 9.95, 86.98
0, 8906741, 2207, 49, 365.94, 0.50, 11.71, 9.95, 67.32
0, 8914605, 2458, 78, 369.25, 0.19, 11.71, 10.06, 46.41
0, 8920311, 2554, 94, 369.25, 0.19, 12.24, 10.06, 29.26
0, 8926272, 2569, 97, 372.25, -0.06, 12.24, 9.84, 10.28
0, 8933456, 2535, 104, 375.62, -0.37, 11.35, 9.30, -13.05
0, 8941937, 2440, 109, 377.69, -0.62, 11.50, 8.69, -39.57
0, 8950352, 2205, 113, 377.69, -0.69, 11.79, 10.70, -62.93
0, 8959561, 1696, 127, 377.75, -0.69, 10.75, 10.70, -83.07
0, 8966480, 1364, 130, 376.81, -0.81, 10.75, 9.44, -93.40
0, 8972189, 1110, 110, 374.19, -0.81, 11.60, 9.42, -98.39
0, 8978214, 816, 83, 374.19, -0.88, 13.28, 9.42, -99.99
0, 8986312, 482, 54, 369.00, -0.94, 10.88, 9.32, -96.10
0, 8996101, 124, 22, 364.50, -0.75, 12.21, 9.98, -82.60
0, 9006212, -43, 5, 359.94, -0.37, 12.22, 9.65, -59.96
0, 9014441, -32, 2, 356.19, -0.13, 12.22, 9.86, -36.64
0, 9020250, -17, 0, 356.19, -0.13, 13.51, 9.86, -18.51
0, 9026363, 2, -5, 353.19, 0.13, 13.51, 9.89, 1.28
0, 9033298, 52, -8, 352.62, 0.19, 11.97, 9.70, 23.62
0, 9042102, 206, -11, 352.81, 0.25, 12.00, 9.92, 50.12
0, 9050120, 471, -16, 352.81, 0.25, 12.51, 9.83, 70.75
0, 9059812, 917, -24, 353.19, 0.31, 13.11, 9.83, 89.18
0, 9066779, 1108, -48, 354.56, 0.31, 13.11, 9.71, 97.07
0, 9072484, 1288, -40, 354.56, 0.31, 10.93, 9.90, 99.84
0, 9078393, 1505, -20, 357.62, 0.37, 12.59, 9.90, 99.09
0, 9086466, 1758, 7, 361.75, 0.56, 11.87, 9.05, 92.18
0, 9096296, 2064, 35, 364.75, 0.62, 11.70, 9.92, 75.32
0, 9106255, 2407, 71, 368.12, 0.31, 11.70, 9.62, 50.45
0, 9114591, 2566, 96, 371.06, 0.00, 12.32, 9.81, 25.47
0, 9120548, 2577, 99, 371.06, 0.00, 11.76, 9.81, 6.36
0, 9126245, 2545, 104, 374.37, -0.25, 11.76, 9.54, -12.14
0, 9132902, 2471, 110, 377.25, -0.56, 11.48, 9.86, -33.20
0, 9140939, 2278, 112, 377.25, -0.56, 11.72, 9.27, -56.46
0, 9150121, 1836, 125, 378.00, -0.69, 12.14, 9.70, -78.26
0, 9159985, 1349, 129, 377.25, -0.81, 10.86, 9.70, -93.90
0, 9166996, 1050, 105, 375.25, -0.88, 10.86, 9.57, -99.25
0, 9172701, 781, 81, 370.69, -0.88, 13.39, 10.12, -99.80
0, 9178848, 528, 58, 370.69, -0.94, 10.88, 10.12, -96.57
0, 9187026, 237, 32, 366.00, -0.88, 12.33, 9.39, -86.33
0, 9196910, -8, 9, 361.69, -0.56, 12.13, 9.75, -65.95
0, 9206781, -19, 5, 357.62, -0.25, 13.38, 9.78, -38.84
0, 9214826, -1, 1, 354.31, 0.00, 13.38, 9.86, -13.67
0, 9220763, 23, -3, 354.31, 0.00, 12.44, 9.86, 5.61
0, 9226471, 73, -7, 352.81, 0.13, 12.44, 9.73, 23.95
0, 9232429, 174, -9, 352.87, 0.13, 12.08, 10.00, 42.21
0, 9240654, 419, -13, 352.87, 0.19, 12.59, 9.65, 64.69
0, 9250301, 845, -18, 353.12, 0.25, 12.77, 9.52, 85.07
0, 9260409, 1145, -49, 354.25, 0.31, 12.81, 9.52, 97.49
0, 9267409, 1364, -33, 356.81, 0.31, 12.81, 10.85, 100.00
0, 9273125, 1573, -13, 360.87, 0.31, 12.66, 9.00, 98.21
0, 9279405, 1758, 7, 360.87, 0.44, 12.00, 9.00, 92.35
0, 9287675, 2006, 30, 363.94, 0.69, 12.10, 9.62, 78.82
0, 9297593, 2352, 65, 367.12, 0.44, 12.23, 9.97, 55.23
0, 9307762, 2565, 95, 370.19, 0.13, 11.83, 9.70, 25.15
0, 9315841, 2575, 100, 373.25, -0.19, 11.83, 9.52, -0.87
0, 9321801, 2535, 107, 373.25, -0.19, 11.37, 9.52, -20.13
0, 9328019, 2441, 110, 376.44, -0.44, 11.37, 9.79, -39.41
0, 9335149, 2234, 113, 377.94, -0.62, 11.47, 9.75, -59.48
0, 9344666, 1732, 128, 377.75, -0.75, 11.97, 9.78, -81.15
0, 9354495, 1301, 126, 376.19, -0.81, 10.89, 9.59, -95.41
0, 9363659, 890, 90, 372.37, -0.81, 11.82, 10.67, -100.00
0, 9369536, 636, 68, 372.37, -0.94, 11.10, 10.67, -98.29
0, 9375240, 433, 49, 367.31, -1.00, 11.10, 9.63, -93.20
0, 9381199, 227, 31, 367.31, -1.00, 12.27, 9.73, -84.46
0, 9390131, 18, 11, 363.31, -0.69, 12.40, 9.67, -65.58
0, 9400124, 6, 7, 359.06, -0.37, 13.33, 9.88, -38.02
0, 9410086, 25, 4, 355.62, -0.19, 12.44, 9.88, -6.57
0, 9416864, 62, -3, 353.25, -0.13, 12.44, 9.74, 15.42
0, 9422577, 128, -6, 353.06, -0.13, 11.94, 9.74, 33.42
0, 9428688, 263, -7, 353.06, -0.13, 12.21, 9.69, 51.38
0, 9435846, 526, -12, 353.25, -0.06, 12.21, 9.71, 69.80
0, 9445203, 942, -18, 353.87, 0.00, 12.89, 10.01, 88.06
0, 9455071, 1222, -46, 355.87, 0.06, 12.81, 9.67, 98.51
0, 9464378, 1540, -16, 359.81, 0.06, 10.62, 8.85, 99.15
0, 9470277, 1721, 3, 359.81, 0.31, 12.03, 8.85, 94.85
0, 9476198, 1884, 20, 363.31, 0.25, 12.03, 9.94, 87.03
0, 9482327, 2090, 38, 366.31, 0.25, 11.95, 9.51, 75.55
0, 9491437, 2399, 70, 366.31, -0.06, 11.95, 10.08, 53.11
0, 9501104, 2578, 97, 369.50, -0.37, 11.77, 9.31, 24.29
0, 9511028, 2578, 102, 372.44, -0.62, 11.39, 9.31, -7.76
0, 9518041, 2513, 110, 375.75, -0.88, 11.39, 10.00, -30.11
0, 9523747, 2396, 111, 377.87, -0.88, 11.50, 9.22, -47.20
0, 9529451, 2195, 115, 377.87, -1.00, 11.83, 9.22, -62.66
0, 9536625, 1788, 127, 378.06, -1.06, 11.83, 9.53, -78.99
0, 9545570, 1346, 129, 377.06, -1.19, 10.75, 9.33, -93.27
0, 9555391, 915, 92, 374.00, -1.25, 11.72, 10.01, -99.88
0, 9564577, 541, 59, 368.62, -1.25, 13.62, 9.39, -96.90
0, 9570288, 347, 42, 368.62, -1.12, 12.32, 9.39, -90.67
0, 9576172, 143, 23, 364.31, -0.75, 12.32, 9.61, -80.99
0, 9582062, 22, 11, 364.31, -0.75, 12.32, 9.87, -68.33
0, 9591215, 9, 7, 360.06, -0.44, 12.17, 9.81, -43.89
0, 9601131, 24, 5, 356.50, -0.25, 13.50, 9.74, -13.13
0, 9611204, 69, -3, 353.62, -0.19, 11.88, 9.74, 19.49
0, 9618093, 146, -5, 353.06, -0.13, 11.88, 9.94, 40.81
0, 9623798, 290, -7, 353.19, -0.13, 12.11, 9.94, 56.96
0, 9629764, 537, -12, 353.19, -0.06, 12.50, 9.44, 71.75
0, 9637418, 905, -16, 353.56, -0.06, 12.96, 9.72, 86.71
0, 9646486, 1184, -47, 354.75, 0.00, 12.96, 9.83, 97.45
0, 9655901, 1500, -20, 358.19, 0.19, 10.61, 10.27, 99.68
0, 9664853, 1775, 9, 362.37, 0.19, 12.68, 8.97, 93.19
0, 9670563, 1946, 26, 362.37, 0.31, 11.90, 8.97, 84.88
0, 9676451, 2154, 44, 365.37, 0.00, 11.90, 9.54, 73.25
0, 9682155, 2350, 65, 365.37, 0.00, 12.04, 9.91, 59.43
0, 9691319, 2555, 93, 368.69, -0.31, 12.11, 9.83, 33.18
0, 9701250, 2585, 100, 371.62, -0.56, 11.64, 9.51, 1.50
0, 9711184, 2515, 111, 374.94, -0.88, 11.58, 9.51, -30.34
0, 9718186, 2388, 112, 377.50, -0.94, 11.58, 8.53, -51.08
0, 9723959, 2170, 115, 378.12, -0.94, 11.84, 8.53, -66.24
0, 9729888, 1810, 126, 378.12, -1.06, 11.90, 11.22, -79.38
0, 9736544, 1422, 133, 377.50, -1.12, 11.90, 9.47, -90.59
0, 9745993, 994, 99, 375.62, -1.25, 11.53, 10.05, -99.16
0, 9755642, 586, 63, 370.75, -1.19, 13.53, 9.29, -98.31
0, 9764725, 267, 35, 365.50, -1.19, 11.51, 10.04, -88.70
0, 9770688, 68, 16, 365.50, -0.88, 12.36, 10.04, -78.13
0, 9776632, -15, 8, 361.12, -0.56, 12.36, 9.72, -64.68
0, 9782606, -10, 5, 361.12, -0.56, 12.37, 9.93, -48.73
0, 9791252, 0, 4, 357.37, -0.25, 13.56, 9.80, -22.56
0, 9801097, 28, -3, 354.06, -0.13, 12.15, 9.65, 9.27
0, 9811187, 130, -7, 352.87, -0.13, 11.85, 9.65, 40.88
0, 9818224, 302, -9, 352.94, -0.06, 11.85, 9.82, 60.53
0, 9824136, 554, -14, 353.19, -0.06, 12.56, 9.82, 74.64
0, 9829844, 843, -17, 353.19, 0.00, 12.93, 9.75, 85.64
0, 9836500, 1072, -37, 354.00, 0.00, 12.93, 9.70, 94.74
0, 9845970, 1376, -31, 356.37, 0.06, 10.69, 10.37, 99.98
0, 9855322, 1695, 1, 360.75, 0.37, 12.62, 9.32, 95.92
0, 9864281, 1959, 27, 364.19, 0.37, 11.91, 9.32, 83.74
0, 9869996, 2166, 45, 364.19, 0.13, 12.02, 9.91, 72.19
0, 9875700, 2361, 66, 367.50, 0.13, 12.02, 9.74, 58.18
0, 9881407, 2505, 85, 367.50, -0.19, 12.16, 9.74, 42.16
0, 9889236, 2575, 97, 370.50, -0.44, 11.62, 9.59, 17.94
0, 9898421, 2547, 103, 373.75, -0.75, 11.44, 9.76, -11.82
0, 9907212, 2454, 107, 376.81, -0.88, 11.68, 9.42, -39.36
0, 9915795, 2214, 111, 377.94, -0.88, 11.68, 10.32, -63.18
0, 9921504, 1922, 118, 377.94, -1.00, 12.01, 10.32, -76.41
0, 9927225, 1547, 133, 377.62, -1.00, 12.01, 9.72, -87.03
0, 9933192, 1267, 124, 376.31, -1.06, 10.73, 9.72, -94.90
0, 9939993, 935, 94, 376.31, -1.19, 13.27, 9.73, -99.51
0, 9948840, 554, 60, 372.75, -1.25, 11.41, 10.39, -98.23
0, 9957583, 239, 32, 367.06, -0.94, 12.46, 9.93, -89.02
0, 9966227, -7, 9, 362.44, -0.94, 12.46, 9.81, -72.87
0, 9971945, -44, 5, 362.44, -0.62, 12.02, 9.81, -58.94
0, 9977653, -34, 2, 358.25, -0.37, 12.02, 9.72, -43.01
0, 9983598, -24, 1, 354.75, -0.37, 13.41, 9.88, -24.85
0, 9992419, -4, -4, 354.75, -0.19, 12.16, 9.88, 3.60
0, 10001720, 71, -9, 352.69, -0.13, 11.97, 9.75, 33.22
