********************************************************************************
Obsolete PIO Core v6.1.11 is used (previous was 6.1.14)
Please remove multiple PIO Cores from a system:
https://docs.platformio.org/en/latest/core/installation/troubleshooting.html
********************************************************************************
--- Terminal on /dev/cu.usbmodem14303 | 230400 8-N-1
--- Available filters and text transformations: colorize, debug, default, direct, hexlify, log2file, nocontrol, printable, send_on_enter, time
--- More details at https://bit.ly/pio-monitor-filters
--- Quit: Ctrl+C | Menu: Ctrl+T | Help: Ctrl+T followed by Ctrl+H
start
pain
Waiting for ODrive...
pin
found ODrive
DC voltage: 24.00
Enabling closed loop control...
ODrive running!
end time:10000000
0, 33, -65536, -1, -9.31, 0.00, 12.15, 9.57, 100.00
0, 9837, 532, -25, -9.50, 0.00, 12.15, 9.53, 94.92
0, 15781, 995, -29, -9.56, 0.00, 12.07, 9.53, 87.10
0, 21606, 1241, -56, -9.56, 0.13, 14.95, 10.20, 76.28
0, 27533, 1414, -38, -8.75, 0.25, 14.95, 9.19, 62.47
0, 36011, 1551, -24, -2.44, 0.50, 10.54, 8.57, 38.84
0, 44962, 1573, -20, 2.62, 0.50, 10.94, 10.05, 10.74
0, 54035, 1535, -9, 5.00, 0.31, 11.23, 9.04, -18.66
0, 62329, 1432, 11, 5.00, 0.25, 12.13, 9.04, -44.18
0, 68229, 1275, 17, 5.69, 0.13, 12.13, 10.01, -60.49
0, 73919, 981, 24, 5.37, 0.13, 11.63, 10.01, -74.12
0, 80247, 554, 34, 5.37, -0.06, 10.62, 9.68, -86.28
0, 88737, 264, 22, 4.25, -0.19, 12.88, 9.86, -96.80
0, 97547, -1, -3, 0.69, -0.25, 12.88, 9.35, -99.95
0, 107292, -198, -21, -4.87, -0.06, 12.85, 9.93, -93.93
0, 114096, -285, -28, -4.87, -0.06, 12.06, 9.93, -84.11
0, 120010, -306, -31, -8.06, 0.13, 12.06, 9.74, -72.21
0, 125899, -302, -33, -10.56, 0.13, 12.43, 9.77, -57.71
0, 132551, -296, -34, -10.56, 0.25, 12.66, 9.79, -38.82
0, 142293, -284, -36, -12.13, 0.31, 12.10, 9.79, -8.16
0, 152232, -238, -45, -12.50, 0.31, 11.99, 9.79, 23.95
0, 161896, -79, -49, -12.44, 0.37, 11.90, 9.77, 52.81
0, 167788, 119, -51, -12.31, 0.37, 11.90, 9.64, 68.02
0, 173686, 421, -54, -12.31, 0.44, 12.93, 9.64, 80.76
0, 179892, 747, -64, -11.88, 0.44, 12.98, 10.12, 90.95
0, 188011, 971, -81, -10.19, 0.50, 11.26, 9.93, 98.65
0, 196684, 1251, -56, -6.31, 0.75, 11.26, 9.69, 99.31
0, 205593, 1592, -21, -1.81, 0.75, 11.51, 10.14, 91.81
0, 213428, 1811, 1, -1.81, 0.69, 12.64, 10.14, 78.84
0, 219381, 1988, 17, 1.06, 0.37, 12.64, 9.43, 65.52
0, 225314, 2153, 33, 4.56, 0.37, 11.68, 9.43, 49.81
0, 232428, 2284, 51, 4.56, 0.06, 12.25, 9.78, 28.59
0, 241715, 2309, 59, 7.62, -0.19, 11.59, 9.79, -1.23
0, 250500, 2239, 74, 10.44, -0.37, 11.58, 9.72, -29.38
0, 259943, 2017, 80, 12.50, -0.50, 11.58, 8.81, -56.92
0, 266587, 1750, 85, 12.81, -0.50, 11.70, 8.81, -73.23
0, 272503, 1385, 90, 12.81, -0.62, 11.85, 11.46, -84.91
0, 278451, 1058, 93, 11.88, -0.75, 11.06, 9.58, -93.49
0, 286671, 685, 59, 9.25, -0.81, 11.06, 9.44, -99.55
0, 295815, 343, 28, 4.31, -0.81, 12.36, 9.71, -97.96
0, 305356, -33, -6, -0.88, -0.69, 12.55, 9.96, -87.14
0, 313306, -182, -20, -0.88, -0.31, 11.88, 9.96, -71.70
0, 319011, -199, -23, -4.87, -0.06, 11.88, 9.91, -57.59
0, 324819, -192, -25, -8.63, -0.06, 13.27, 9.91, -41.21
0, 330821, -182, -26, -8.63, 0.19, 12.70, 9.85, -22.74
0, 339402, -162, -32, -11.13, 0.25, 12.00, 9.81, 4.98
0, 348666, -78, -38, -11.44, 0.25, 12.29, 9.84, 34.41
0, 358208, 167, -40, -11.31, 0.31, 12.29, 9.78, 61.46
0, 365291, 478, -44, -11.00, 0.31, 12.66, 9.78, 77.86
0, 370991, 779, -52, -11.00, 0.37, 12.83, 9.86, 88.09
0, 376788, 945, -74, -9.69, 0.37, 12.83, 9.78, 95.41
0, 384649, 1192, -59, -6.56, 0.44, 12.62, 9.78, 99.88
0, 393115, 1513, -30, -6.56, 0.56, 11.82, 9.23, 97.43
0, 402912, 1811, 1, -2.06, 0.69, 12.54, 9.58, 85.47
0, 411739, 2110, 28, 1.00, 0.44, 12.54, 9.85, 67.25
0, 417666, 2302, 49, 1.00, 0.44, 11.43, 9.85, 51.82
0, 423488, 2423, 65, 4.50, 0.13, 12.23, 9.83, 34.79
0, 429404, 2462, 71, 7.62, -0.19, 11.46, 9.52, 16.20
0, 438544, 2426, 83, 10.88, -0.44, 11.44, 9.72, -13.43
0, 448594, 2299, 89, 13.56, -0.56, 11.77, 10.28, -44.55
0, 458784, 1937, 95, 14.25, -0.75, 11.77, 9.86, -71.27
0, 465907, 1527, 103, 13.75, -0.75, 11.82, 9.86, -85.48
0, 471617, 1235, 107, 13.75, -0.81, 10.84, 9.84, -93.60
0, 477461, 937, 82, 12.00, -0.81, 10.84, 9.61, -98.57
0, 485282, 566, 49, 7.81, -0.88, 11.52, 9.48, -99.64
0, 493898, 227, 19, 7.81, -0.88, 12.10, 9.48, -93.40
0, 503035, -85, -10, 2.50, -0.56, 12.49, 9.95, -78.83
0, 511822, -162, -18, -2.31, -0.25, 11.96, 9.75, -58.28
0, 517948, -152, -21, -6.44, -0.25, 11.96, 9.75, -41.03
0, 523826, -141, -23, -6.44, 0.06, 12.83, 9.81, -22.94
0, 529791, -124, -26, -9.88, 0.19, 11.97, 9.79, -3.74
0, 538841, -65, -33, -11.06, 0.25, 12.02, 9.72, 25.43
0, 548263, 121, -36, -11.00, 0.31, 12.27, 9.81, 53.44
0, 557045, 462, -40, -10.69, 0.31, 12.27, 10.14, 75.10
0, 564940, 835, -51, -9.81, 0.37, 12.73, 10.14, 89.41
0, 570645, 992, -71, -9.81, 0.37, 12.43, 9.58, 96.14
0, 576631, 1182, -60, -7.44, 0.37, 12.43, 9.58, 99.65
0, 584254, 1467, -35, -3.12, 0.44, 11.38, 11.14, 98.65
0, 592972, 1744, -5, -3.12, 0.69, 12.49, 9.98, 90.13
0, 601476, 2018, 19, 0.25, 0.56, 11.41, 9.58, 74.87
0, 609612, 2295, 47, 3.50, 0.19, 12.21, 9.99, 54.91
0, 616618, 2459, 69, 6.87, 0.19, 12.21, 9.99, 34.60
0, 622315, 2499, 75, 6.87, -0.06, 12.12, 9.83, 16.71
0, 628259, 2476, 81, 9.94, -0.06, 12.12, 9.75, -2.55
0, 636239, 2411, 93, 13.13, -0.37, 11.33, 8.83, -28.14
0, 646040, 2203, 95, 14.63, -0.56, 11.75, 11.03, -56.81
0, 655674, 1742, 105, 14.31, -0.69, 11.85, 11.03, -79.42
0, 663537, 1324, 112, 14.31, -0.81, 10.70, 9.66, -92.22
0, 669461, 1055, 93, 13.06, -0.81, 10.70, 9.40, -97.92
0, 675164, 767, 67, 9.75, -0.88, 11.73, 9.40, -99.98
0, 681999, 463, 39, 9.75, -0.94, 12.52, 10.72, -97.93
0, 689573, 158, 13, 4.50, -0.75, 12.53, 9.63, -90.04
0, 698403, -100, -12, -0.06, -0.37, 11.91, 9.88, -74.01
0, 707110, -143, -18, -4.62, -0.37, 11.91, 9.88, -52.26
0, 715118, -131, -20, -8.50, -0.06, 13.30, 9.88, -28.53
0, 720821, -113, -23, -8.50, -0.06, 13.30, 9.84, -10.35
0, 726676, -86, -29, -10.69, 0.19, 12.91, 9.84, 8.67
0, 733687, -3, -33, -10.69, 0.25, 12.06, 9.85, 30.98
0, 741558, 186, -35, -10.88, 0.31, 12.29, 9.67, 54.06
0, 749027, 483, -39, -10.63, 0.37, 12.69, 9.76, 72.72
0, 758038, 872, -51, -9.94, 0.37, 12.69, 9.90, 89.46
0, 766094, 1094, -69, -7.94, 0.37, 11.73, 9.90, 97.98
0, 771795, 1278, -52, -7.94, 0.44, 11.73, 10.01, 99.99
0, 777809, 1509, -30, -4.00, 0.44, 11.73, 9.11, 98.38
0, 785769, 1751, -5, -0.44, 0.62, 11.78, 9.11, 90.51
0, 794582, 2039, 21, 2.56, 0.69, 11.44, 9.99, 74.79
0, 801893, 2291, 47, 2.56, 0.31, 12.15, 9.86, 57.03
0, 809110, 2466, 69, 6.00, 0.31, 12.15, 9.67, 36.35
0, 816830, 2510, 76, 9.00, 0.06, 12.08, 9.67, 12.05
0, 822528, 2482, 82, 9.00, -0.25, 11.54, 9.57, -6.46
0, 828451, 2427, 94, 12.31, -0.25, 11.54, 9.89, -25.45
0, 836390, 2267, 95, 14.56, -0.50, 11.67, 9.89, -49.32
0, 845186, 1904, 103, 14.69, -0.56, 11.54, 11.14, -71.87
0, 853657, 1431, 115, 14.69, -0.75, 11.70, 9.58, -88.09
0, 861129, 1122, 99, 13.63, -0.81, 12.46, 9.55, -96.89
0, 868137, 782, 68, 10.94, -0.81, 12.46, 9.55, -99.98
0, 873844, 526, 45, 10.94, -0.88, 11.74, 9.37, -98.66
0, 879862, 296, 25, 6.00, -0.81, 11.87, 10.06, -93.60
0, 887786, -2, -2, 1.50, -0.81, 12.55, 9.73, -81.53
0, 896814, -128, -15, -3.06, -0.50, 12.55, 9.82, -61.27
0, 906278, -121, -18, -7.00, -0.13, 13.25, 9.82, -34.43
0, 914031, -101, -22, -7.00, 0.13, 12.96, 9.92, -9.90
0, 919906, -75, -26, -10.06, 0.13, 12.96, 9.92, 9.19
0, 925776, -7, -31, -10.75, 0.25, 11.98, 9.80, 27.93
0, 932520, 142, -33, -10.75, 0.25, 12.26, 9.80, 48.17
0, 939858, 404, -37, -10.63, 0.31, 12.78, 9.96, 67.53
0, 948268, 811, -42, -10.19, 0.31, 12.93, 9.59, 84.95
0, 957375, 1059, -69, -8.63, 0.37, 12.93, 9.59, 96.66
0, 965898, 1331, -47, -5.31, 0.44, 11.95, 10.37, 99.98
0, 971601, 1547, -26, -5.31, 0.44, 11.67, 9.40, 97.93
0, 977562, 1723, -7, -1.25, 0.56, 11.67, 9.40, 92.20
0, 985635, 1972, 15, 1.62, 0.75, 12.57, 9.87, 78.98
0, 993479, 2248, 42, 1.62, 0.50, 11.41, 9.75, 60.93
0, 1000363, 2439, 65, 5.00, 0.19, 12.07, 9.86, 41.79
0, 1008668, 2515, 77, 8.00, 0.19, 11.54, 9.70, 16.02
0, 1016734, 2483, 85, 11.25, -0.13, 11.54, 9.70, -10.14
0, 1022437, 2432, 93, 11.25, -0.25, 11.37, 9.87, -28.33
0, 1028390, 2304, 94, 14.06, -0.25, 11.37, 9.48, -46.26
0, 1036387, 1987, 101, 14.88, -0.44, 11.51, 9.48, -67.52
0, 1045541, 1472, 115, 14.31, -0.50, 11.59, 10.18, -86.20
0, 1053257, 1174, 104, 14.31, -0.56, 11.06, 9.63, -96.09
0, 1060495, 826, 72, 12.19, -0.56, 12.02, 10.11, -99.90
0, 1068075, 491, 42, 7.69, -0.62, 12.02, 10.11, -97.97
0, 1073775, 275, 23, 7.69, -0.37, 11.81, 9.58, -92.60
0, 1079885, 43, 2, 3.00, -0.37, 12.55, 9.78, -83.32
0, 1088058, -105, -13, -1.37, 0.00, 11.87, 9.86, -65.85
0, 1097424, -109, -16, -5.50, 0.31, 11.87, 9.85, -40.23
0, 1106625, -90, -19, -9.06, 0.50, 13.03, 9.85, -11.43
0, 1114122, -51, -27, -9.06, 0.50, 12.06, 9.83, 12.90
0, 1120454, 26, -30, -10.56, 0.50, 12.06, 9.83, 32.92
0, 1126585, 174, -31, -10.50, 0.56, 11.96, 10.11, 50.98
0, 1133631, 446, -36, -10.50, 0.62, 12.81, 9.61, 69.20
0, 1141196, 815, -40, -10.25, 0.69, 12.97, 10.11, 84.71
0, 1149038, 1036, -67, -9.25, 0.69, 11.65, 11.10, 95.38
0, 1158427, 1336, -47, -6.62, 0.69, 11.65, 11.10, 100.00
0, 1166944, 1636, -17, -2.31, 1.00, 11.86, 9.08, 96.17
0, 1172653, 1795, 0, -2.31, 1.00, 12.48, 9.90, 89.45
0, 1178668, 1992, 17, 0.81, 0.88, 11.43, 9.90, 79.05
0, 1186956, 2283, 45, 4.00, 0.56, 11.43, 9.60, 59.87
0, 1196599, 2514, 75, 7.19, 0.25, 12.31, 9.80, 32.22
0, 1206374, 2537, 82, 10.25, 0.00, 11.48, 9.51, 1.00
0, 1213347, 2484, 92, 10.25, -0.25, 11.42, 9.85, -21.53
0, 1220236, 2366, 97, 13.50, -0.25, 11.42, 9.85, -42.70
0, 1226162, 2182, 100, 15.13, -0.31, 11.62, 9.31, -59.24
0, 1232937, 1819, 108, 15.13, -0.50, 11.87, 9.97, -75.42
0, 1240106, 1412, 117, 14.94, -0.50, 10.82, 9.67, -88.56
0, 1248923, 1036, 91, 13.50, -0.56, 12.30, 9.37, -98.08
0, 1258704, 590, 51, 9.81, -0.62, 12.30, 9.37, -99.25
0, 1267102, 275, 23, 4.44, -0.50, 12.08, 9.60, -92.28
0, 1272804, 54, 3, 4.44, -0.50, 12.46, 9.67, -83.59
0, 1278909, -80, -10, 0.13, -0.13, 11.79, 9.67, -71.11
0, 1287069, -98, -14, -4.12, 0.19, 11.79, 9.93, -50.16
0, 1296878, -86, -16, -7.87, 0.44, 13.28, 9.84, -20.48
0, 1306732, -50, -25, -10.25, 0.50, 11.96, 9.79, 11.42
0, 1313802, 19, -28, -10.25, 0.56, 12.21, 9.80, 33.78
0, 1320827, 194, -30, -10.44, 0.56, 11.99, 9.80, 54.23
0, 1326981, 438, -35, -10.25, 0.62, 11.99, 9.61, 69.86
0, 1334780, 831, -39, -9.81, 0.62, 12.77, 10.29, 85.59
0, 1342768, 1061, -67, -9.81, 0.69, 12.12, 9.56, 96.01
0, 1351890, 1357, -45, -7.94, 0.88, 11.49, 10.92, 99.99
0, 1359737, 1633, -17, -4.00, 0.88, 11.84, 10.05, 96.41
0, 1367955, 1871, 6, -0.19, 1.00, 11.84, 10.05, 85.97
0, 1373668, 2075, 24, -0.19, 0.69, 11.40, 9.51, 75.05
0, 1379680, 2283, 45, 2.87, 0.69, 12.44, 10.07, 60.77
0, 1387737, 2485, 71, 6.19, 0.37, 12.44, 10.07, 38.10
0, 1397305, 2533, 79, 9.19, 0.13, 11.98, 9.82, 7.95
0, 1407347, 2474, 95, 12.56, -0.19, 11.40, 9.88, -24.47
0, 1414132, 2372, 96, 12.56, -0.25, 11.64, 9.10, -45.12
0, 1421143, 2123, 100, 14.81, -0.25, 11.64, 9.10, -64.13
0, 1426844, 1798, 108, 15.00, -0.44, 11.70, 11.30, -77.19
0, 1433985, 1378, 116, 15.00, -0.50, 11.67, 9.66, -89.75
0, 1440123, 1109, 98, 14.25, -0.50, 12.60, 9.18, -96.72
0, 1449356, 666, 58, 11.75, -0.56, 11.67, 10.16, -99.91
0, 1459292, 286, 24, 6.37, -0.56, 11.67, 10.16, -93.34
0, 1467352, -11, -3, 1.56, -0.19, 12.06, 10.01, -80.85
0, 1473067, -110, -13, 1.56, -0.19, 11.79, 9.88, -68.57
0, 1478773, -117, -16, -3.00, 0.13, 13.29, 9.88, -53.95
0, 1486821, -108, -17, -6.75, 0.44, 13.29, 9.92, -30.31
0, 1495256, -86, -22, -9.94, 0.56, 13.03, 9.93, -3.34
0, 1503596, -34, -28, -9.94, 0.56, 12.05, 9.83, 23.57
0, 1511260, 101, -31, -10.63, 0.56, 12.29, 9.86, 46.83
0, 1519327, 379, -35, -10.50, 0.62, 12.29, 9.86, 68.16
0, 1525029, 663, -37, -10.13, 0.69, 12.75, 9.82, 80.49
0, 1531099, 908, -49, -10.13, 0.69, 13.01, 10.01, 90.57
0, 1538667, 1131, -66, -8.94, 0.69, 11.54, 10.01, 98.17
0, 1548286, 1467, -35, -5.81, 0.81, 11.75, 10.09, 99.26
0, 1558031, 1766, -3, -1.50, 1.06, 11.75, 9.03, 90.53
0, 1564852, 1988, 16, 1.62, 0.81, 12.45, 10.04, 78.96
0, 1571740, 2230, 40, 1.62, 0.81, 12.32, 10.04, 63.34
0, 1577583, 2405, 60, 5.00, 0.50, 12.32, 9.82, 47.57
0, 1585429, 2514, 77, 8.00, 0.25, 12.05, 9.77, 23.82
0, 1592175, 2510, 81, 8.00, 0.25, 11.46, 9.59, 2.09
0, 1600784, 2446, 94, 11.25, -0.06, 11.44, 9.86, -25.63
0, 1609992, 2267, 95, 14.13, -0.19, 11.77, 9.86, -53.03
0, 1617779, 1935, 102, 14.94, -0.37, 11.77, 10.96, -72.59
0, 1623492, 1581, 109, 14.94, -0.37, 11.81, 9.62, -84.05
0, 1629196, 1291, 112, 14.44, -0.44, 10.71, 9.62, -92.61
0, 1636957, 913, 80, 12.75, -0.50, 10.71, 9.50, -99.10
0, 1645677, 527, 46, 8.56, -0.56, 12.33, 9.41, -98.89
0, 1654389, 197, 16, 3.12, -0.31, 12.17, 10.11, -90.77
0, 1661633, -48, -7, 3.12, -0.31, 12.49, 9.58, -78.46
0, 1669677, -127, -14, -1.50, 0.00, 12.49, 9.58, -59.75
0, 1675377, -117, -17, -5.56, 0.00, 13.28, 9.85, -43.93
0, 1682161, -106, -19, -5.56, 0.31, 13.02, 9.85, -23.19
0, 1689135, -85, -24, -9.13, 0.56, 11.98, 9.89, -0.71
0, 1698789, -13, -30, -10.63, 0.56, 12.06, 9.69, 30.23
0, 1708751, 202, -33, -10.56, 0.62, 12.06, 9.87, 59.02
0, 1715397, 467, -37, -10.31, 0.69, 12.53, 9.90, 74.97
0, 1722433, 831, -42, -10.31, 0.69, 12.66, 9.90, 88.03
0, 1728391, 1004, -66, -9.56, 0.69, 12.66, 9.71, 95.52
0, 1736283, 1257, -54, -7.44, 0.75, 12.98, 10.31, 99.91
0, 1744414, 1558, -25, -3.25, 1.00, 11.89, 9.28, 97.57
0, 1752527, 1790, -1, -3.25, 1.00, 12.40, 9.98, 88.46
0, 1761029, 2076, 24, 0.31, 1.00, 11.46, 9.98, 72.36
0, 1769254, 2352, 53, 3.56, 0.69, 11.46, 9.68, 51.53
0, 1774960, 2478, 70, 6.87, 0.69, 12.11, 9.77, 34.82
0, 1781717, 2514, 77, 6.87, 0.37, 11.51, 9.77, 13.53
0, 1788660, 2482, 85, 9.88, 0.13, 11.36, 9.71, -9.01
0, 1798328, 2371, 93, 13.13, -0.13, 11.68, 9.77, -39.39
0, 1808052, 2084, 98, 14.88, -0.25, 11.68, 9.61, -66.04
0, 1814508, 1737, 107, 14.88, -0.44, 11.80, 9.78, -80.25
0, 1821868, 1318, 113, 13.69, -0.44, 10.87, 9.78, -92.11
0, 1827582, 1052, 93, 12.50, -0.50, 10.87, 9.53, -97.72
0, 1835516, 667, 58, 9.44, -0.50, 11.51, 10.13, -99.90
0, 1842510, 392, 34, 9.44, -0.56, 11.90, 9.30, -96.33
0, 1852315, 18, 0, 4.69, -0.50, 12.57, 9.73, -83.04
0, 1861140, -135, -15, 0.25, -0.13, 11.84, 9.73, -63.85
0, 1868998, -134, -18, -3.50, 0.19, 11.84, 9.84, -42.31
0, 1874704, -121, -21, -7.25, 0.19, 13.21, 9.85, -24.85
0, 1880977, -104, -24, -7.25, 0.44, 12.10, 9.85, -4.70
0, 1888376, -62, -29, -7.50, 0.56, 12.10, 9.85, 19.26
0, 1897498, 95, -33, -7.31, 0.62, 11.98, 9.88, 47.12
0, 1906662, 406, -38, -6.81, 0.69, 12.26, 9.61, 70.96
0, 1913243, 734, -40, -6.81, 0.69, 12.86, 10.09, 84.31
0, 1921114, 985, -67, -5.06, 0.69, 12.52, 10.09, 95.18
0, 1926988, 1163, -63, -1.44, 0.75, 12.52, 11.20, 99.28
0, 1934242, 1421, -39, -1.44, 0.75, 11.72, 8.97, 99.33
0, 1940505, 1639, -16, 2.50, 0.88, 12.45, 8.97, 94.94
0, 1950061, 1919, 10, 5.50, 1.06, 11.49, 9.86, 80.78
0, 1959927, 2269, 44, 9.00, 0.81, 11.49, 9.95, 58.04
0, 1966733, 2456, 67, 11.94, 0.50, 12.23, 9.90, 38.74
0, 1973647, 2518, 78, 11.94, 0.50, 12.13, 9.90, 17.19
0, 1979472, 2498, 82, 15.31, 0.19, 11.31, 9.50, -1.68
0, 1987338, 2434, 94, 17.81, -0.06, 11.31, 9.79, -26.94
0, 1996125, 2258, 95, 18.12, -0.25, 11.67, 10.94, -53.01
0, 2006002, 1810, 106, 17.25, -0.37, 11.74, 9.44, -77.09
0, 2012769, 1432, 117, 17.25, -0.37, 10.70, 9.71, -89.14
0, 2021091, 1058, 93, 14.94, -0.44, 10.70, 9.71, -98.02
0, 2027059, 773, 68, 10.06, -0.56, 11.81, 10.43, -100.00
0, 2034341, 465, 40, 10.06, -0.56, 12.43, 10.43, -97.33
0, 2040854, 220, 18, 5.31, -0.56, 11.95, 9.56, -90.32
0, 2050436, -71, -9, 0.75, -0.25, 11.87, 9.70, -72.80
0, 2060478, -114, -15, -3.12, 0.06, 11.87, 9.90, -46.94
0, 2067337, -98, -18, -6.37, 0.37, 13.05, 9.84, -26.22
0, 2074222, -80, -22, -6.37, 0.37, 13.21, 9.84, -4.13
0, 2080477, -47, -26, -7.31, 0.56, 11.98, 9.80, 16.16
0, 2088272, 73, -30, -7.19, 0.56, 11.98, 9.80, 40.41
0, 2097348, 345, -35, -6.81, 0.62, 12.28, 9.74, 65.28
0, 2107086, 798, -39, -5.50, 0.69, 12.67, 10.08, 85.64
0, 2113852, 988, -62, -5.50, 0.69, 12.38, 9.72, 94.85
0, 2121696, 1230, -57, -2.50, 0.75, 11.64, 9.72, 99.78
0, 2127402, 1436, -38, 1.62, 0.81, 11.64, 10.89, 99.30
0, 2135054, 1685, -11, 4.56, 0.81, 11.89, 9.99, 93.32
0, 2141359, 1863, 6, 4.56, 1.06, 12.42, 9.99, 84.04
0, 2150779, 2185, 35, 7.94, 0.94, 12.13, 9.57, 63.76
0, 2160738, 2460, 69, 10.94, 0.62, 12.13, 9.86, 35.91
0, 2167776, 2521, 78, 14.06, 0.31, 12.18, 9.54, 13.78
0, 2174661, 2489, 85, 17.06, 0.31, 11.51, 9.54, -8.57
0, 2180917, 2427, 94, 17.06, 0.13, 11.52, 9.82, -28.54
0, 2188417, 2260, 96, 18.25, -0.13, 11.52, 8.50, -50.85
0, 2197510, 1857, 106, 17.69, -0.25, 11.49, 11.26, -73.75
0, 2207560, 1342, 114, 15.81, -0.31, 11.70, 9.48, -91.54
0, 2214402, 1066, 94, 15.81, -0.31, 12.52, 9.38, -98.17
0, 2222496, 674, 59, 11.56, -0.37, 12.09, 9.38, -99.74
0, 2228410, 433, 37, 6.75, -0.25, 12.09, 9.86, -96.53
0, 2236239, 131, 10, 2.50, -0.25, 11.59, 9.69, -86.83
0, 2243011, -63, -8, 2.50, 0.13, 12.61, 9.88, -73.89
0, 2252990, -105, -14, -1.81, 0.44, 13.12, 9.81, -48.53
0, 2262026, -90, -17, -5.44, 0.69, 13.17, 9.81, -21.10
0, 2269853, -61, -24, -7.19, 0.75, 13.17, 9.84, 4.21
0, 2275784, -19, -27, -7.12, 0.75, 12.09, 9.96, 23.30
0, 2282544, 107, -30, -7.12, 0.81, 12.20, 9.96, 43.96
0, 2289318, 319, -33, -6.94, 0.88, 12.79, 9.70, 62.53
0, 2298554, 759, -37, -6.06, 0.88, 12.79, 9.67, 82.83
0, 2308054, 1043, -66, -3.62, 0.94, 12.95, 10.03, 95.95
0, 2314891, 1249, -55, -3.62, 0.94, 12.02, 9.75, 99.80
0, 2322834, 1540, -27, 0.62, 1.12, 11.88, 9.75, 98.09
0, 2328754, 1714, -8, 3.81, 1.19, 11.88, 9.15, 92.56
0, 2336870, 1963, 14, 6.87, 1.19, 12.49, 9.98, 79.47
0, 2344013, 2214, 39, 6.87, 0.88, 11.44, 9.78, 63.35
0, 2353535, 2469, 69, 10.13, 0.62, 12.09, 9.69, 36.74
0, 2362577, 2526, 78, 13.13, 0.31, 11.52, 9.69, 8.18
0, 2370487, 2477, 90, 16.37, 0.06, 11.52, 9.75, -17.46
0, 2376447, 2402, 95, 18.19, 0.06, 11.42, 8.57, -36.11
0, 2383189, 2214, 98, 18.19, -0.06, 11.54, 8.57, -55.54
0, 2390003, 1882, 106, 18.06, -0.19, 11.73, 10.76, -72.47
0, 2399017, 1382, 116, 16.81, -0.25, 10.87, 9.69, -89.30
0, 2408484, 989, 87, 13.31, -0.37, 10.87, 9.63, -98.74
0, 2415281, 686, 60, 8.00, -0.37, 12.53, 9.43, -99.80
0, 2423115, 382, 33, 8.00, -0.31, 11.99, 9.43, -95.00
0, 2429008, 155, 13, 3.81, 0.00, 11.99, 9.99, -87.31
0, 2436947, -62, -8, -0.44, 0.00, 12.33, 9.76, -71.96
0, 2444152, -97, -13, -0.44, 0.31, 11.92, 9.83, -53.86
0, 2453690, -85, -15, -4.12, 0.62, 13.22, 9.88, -25.55
0, 2462881, -57, -23, -6.75, 0.75, 11.92, 9.88, 4.08
0, 2470851, 7, -27, -7.12, 0.75, 11.92, 9.65, 29.57
0, 2477169, 135, -30, -6.94, 0.75, 12.20, 9.75, 48.45
0, 2484673, 406, -34, -6.94, 0.88, 12.60, 9.75, 68.16
0, 2490764, 709, -35, -6.50, 0.88, 13.12, 10.04, 81.24
0, 2499369, 1007, -60, -4.81, 0.94, 12.22, 9.49, 94.19
0, 2508513, 1288, -51, -1.00, 1.00, 12.22, 10.81, 99.90
0, 2515300, 1535, -27, -1.00, 1.00, 11.62, 9.64, 98.46
0, 2523388, 1770, -3, 2.94, 1.25, 12.45, 9.64, 90.51
0, 2529098, 1951, 13, 5.94, 1.00, 12.45, 9.76, 81.10
0, 2537016, 2230, 40, 9.25, 1.00, 11.46, 9.92, 63.51
0, 2544144, 2438, 64, 9.25, 0.69, 12.33, 9.75, 44.06
0, 2553521, 2531, 78, 12.19, 0.44, 11.48, 9.75, 15.05
0, 2562889, 2492, 90, 15.56, 0.19, 11.41, 9.80, -15.32
0, 2570572, 2397, 93, 17.94, 0.00, 11.41, 9.61, -39.30
0, 2577266, 2205, 97, 18.31, 0.00, 11.64, 10.14, -58.24
0, 2584619, 1819, 107, 18.31, -0.13, 11.59, 10.14, -75.85
0, 2590719, 1454, 117, 17.62, -0.25, 10.70, 9.88, -87.21
0, 2598488, 1111, 98, 15.13, -0.31, 10.70, 10.17, -96.68
0, 2607891, 674, 59, 9.94, -0.31, 12.66, 9.95, -99.89
0, 2615262, 395, 34, 5.12, -0.37, 11.76, 9.95, -95.90
0, 2623567, 80, 6, 5.12, -0.06, 12.40, 9.47, -84.85
0, 2629279, -67, -9, 0.69, 0.25, 12.40, 9.97, -73.60
0, 2637264, -101, -14, -3.06, 0.25, 11.84, 9.79, -53.74
0, 2644802, -89, -16, -6.31, 0.56, 13.18, 9.82, -31.65
0, 2653742, -70, -20, -6.31, 0.75, 11.92, 9.82, -3.11
0, 2663128, -6, -27, -7.19, 0.81, 11.98, 9.87, 27.09
0, 2670713, 131, -30, -7.00, 0.81, 12.29, 9.97, 49.79
0, 2677432, 367, -33, -6.75, 0.81, 12.29, 9.52, 67.42
0, 2685236, 763, -37, -5.69, 0.88, 12.59, 9.52, 83.81
0, 2691186, 962, -55, -5.69, 0.94, 12.63, 10.11, 92.74
0, 2699652, 1221, -57, -2.75, 0.94, 11.61, 11.23, 99.42
0, 2709094, 1560, -25, 1.69, 1.25, 11.61, 8.93, 98.02
0, 2715898, 1754, -5, 4.81, 1.25, 11.68, 10.03, 91.27
0, 2724147, 2024, 19, 4.81, 1.19, 11.44, 10.03, 77.16
0, 2730087, 2236, 41, 8.13, 0.81, 12.37, 10.02, 63.51
0, 2738196, 2460, 67, 11.13, 0.81, 12.37, 9.83, 41.16
0, 2746461, 2535, 78, 14.44, 0.56, 12.08, 9.42, 15.46
0, 2756383, 2494, 92, 17.37, 0.25, 11.46, 9.83, -16.69
0, 2764351, 2391, 94, 17.37, 0.06, 11.66, 9.83, -41.41
0, 2772333, 2137, 98, 18.37, -0.06, 11.63, 10.93, -63.40
0, 2778487, 1802, 108, 18.00, -0.06, 11.63, 9.49, -77.52
0, 2786615, 1339, 114, 16.37, -0.19, 11.68, 9.49, -91.34
0, 2793388, 1037, 91, 16.37, -0.25, 12.11, 9.73, -98.03
0, 2802664, 604, 53, 12.19, -0.37, 12.41, 9.85, -99.47
0, 2810404, 318, 27, 6.81, -0.19, 11.89, 9.74, -93.77
0, 2817377, 54, 3, 2.31, -0.19, 11.89, 9.61, -83.55
0, 2825236, -95, -11, -1.81, 0.13, 11.84, 9.61, -66.93
0, 2830950, -101, -15, -1.81, 0.44, 13.20, 9.94, -52.03
0, 2838761, -91, -16, -5.37, 0.44, 13.20, 9.86, -28.89
0, 2846923, -69, -22, -7.12, 0.69, 13.06, 9.66, -2.74
0, 2857014, -1, -28, -7.06, 0.81, 11.95, 9.89, 29.64
0, 2864846, 148, -30, -7.06, 0.81, 12.30, 9.89, 52.77
0, 2872859, 461, -35, -6.87, 0.88, 12.46, 9.72, 72.88
0, 2879070, 778, -37, -6.19, 0.88, 12.46, 10.11, 85.15
0, 2887282, 1039, -66, -4.19, 0.94, 13.06, 9.64, 95.97
0, 2894950, 1280, -51, 0.06, 0.94, 11.47, 9.64, 99.94
0, 2903993, 1606, -20, 0.06, 1.12, 11.78, 10.84, 96.66
0, 2912726, 1856, 5, 3.69, 1.25, 12.44, 10.13, 85.60
0, 2919467, 2093, 26, 6.81, 1.25, 12.44, 9.46, 72.30
0, 2927072, 2347, 53, 10.06, 1.00, 12.44, 9.46, 53.18
0, 2933924, 2490, 72, 10.06, 0.69, 12.04, 10.04, 33.13
0, 2940378, 2519, 78, 13.13, 0.44, 11.51, 9.52, 12.73
0, 2948194, 2480, 89, 16.44, 0.44, 11.51, 9.90, -12.64
0, 2957411, 2365, 94, 18.19, 0.13, 11.43, 8.71, -41.38
0, 2965271, 2131, 98, 18.19, 0.00, 11.58, 8.71, -63.07
0, 2972961, 1701, 108, 18.06, -0.13, 11.82, 10.74, -80.32
0, 2979234, 1357, 115, 16.94, -0.13, 10.67, 9.47, -90.73
0, 2987283, 984, 86, 13.94, -0.19, 10.67, 9.47, -98.52
0, 2995165, 623, 55, 8.50, -0.31, 12.67, 9.95, -99.64
0, 3002381, 350, 30, 8.50, -0.31, 11.99, 9.30, -94.94
0, 3010403, 45, 2, 3.87, 0.06, 12.43, 9.53, -83.62
0, 3017380, -98, -12, -0.56, 0.06, 12.43, 9.83, -69.13
0, 3025611, -108, -15, -4.25, 0.37, 11.88, 9.83, -47.54
0, 3031858, -95, -18, -4.25, 0.62, 13.09, 9.93, -28.80
0, 3039151, -78, -21, -6.87, 0.62, 12.04, 9.90, -5.48
0, 3047500, -29, -27, -7.19, 0.81, 12.04, 9.78, 21.52
0, 3057209, 140, -30, -7.00, 0.81, 12.03, 9.78, 50.80
0, 3065543, 432, -35, -6.56, 0.88, 12.76, 9.60, 72.02
0, 3073088, 810, -39, -6.56, 0.94, 12.70, 9.88, 86.72
0, 3079271, 995, -62, -5.06, 0.94, 12.81, 9.91, 94.93
0, 3087443, 1251, -54, -1.62, 0.94, 12.81, 9.91, 99.85
0, 3095326, 1540, -27, 2.50, 1.00, 11.94, 9.86, 97.96
0, 3102229, 1742, -6, 2.50, 1.31, 12.37, 9.05, 91.01
0, 3109993, 1989, 16, 5.56, 1.31, 11.52, 10.01, 77.77
0, 3117445, 2252, 42, 8.94, 1.12, 11.52, 10.01, 60.39
0, 3125934, 2471, 70, 11.88, 0.81, 12.34, 9.79, 36.36
0, 3132250, 2524, 77, 11.88, 0.56, 11.49, 9.70, 16.58
0, 3139311, 2496, 85, 15.25, 0.56, 11.42, 9.71, -6.32
0, 3147566, 2418, 93, 17.81, 0.25, 11.42, 9.62, -32.58
0, 3157216, 2182, 97, 18.25, 0.06, 11.60, 9.62, -60.19
0, 3165068, 1791, 107, 18.25, -0.06, 11.69, 10.17, -78.42
0, 3171922, 1390, 116, 17.50, -0.19, 10.88, 9.76, -90.20
0, 3179137, 1060, 93, 15.38, -0.19, 10.88, 9.50, -97.77
0, 3187279, 674, 59, 10.63, -0.25, 11.60, 9.50, -99.86
0, 3194675, 388, 33, 10.63, -0.31, 12.55, 9.38, -95.70
0, 3201931, 111, 8, 5.56, -0.13, 12.51, 10.12, -86.27
0, 3209542, -77, -10, 1.00, -0.13, 12.51, 9.72, -71.23
0, 3217503, -100, -14, -2.87, 0.25, 11.85, 9.72, -50.88
0, 3225383, -87, -16, -2.87, 0.56, 13.16, 9.87, -27.38
0, 3231086, -69, -20, -6.12, 0.75, 12.02, 9.89, -9.16
0, 3238708, -30, -26, -7.12, 0.75, 12.02, 9.72, 15.57
0, 3246739, 81, -29, -7.00, 0.81, 12.10, 9.72, 40.57
0, 3255535, 341, -33, -6.62, 0.88, 12.12, 9.67, 64.72
0, 3262273, 656, -35, -6.62, 0.94, 12.90, 10.06, 79.76
0, 3269283, 932, -49, -5.50, 0.94, 12.54, 9.47, 91.33
0, 3277471, 1173, -63, -2.69, 1.00, 12.54, 9.47, 98.83
0, 3285131, 1439, -38, 1.62, 1.00, 11.60, 11.24, 99.54
0, 3291172, 1644, -16, 1.62, 1.25, 11.79, 9.73, 95.74
0, 3298847, 1863, 6, 4.69, 1.25, 11.46, 9.73, 85.63
0, 3307922, 2188, 36, 8.00, 1.25, 11.46, 9.73, 66.89
0, 3315636, 2431, 63, 8.00, 0.94, 12.39, 9.98, 46.33
0, 3322284, 2530, 78, 11.06, 0.62, 12.14, 9.83, 26.23
0, 3329319, 2527, 83, 14.38, 0.62, 12.14, 9.78, 3.64
0, 3337277, 2474, 94, 17.44, 0.37, 11.36, 9.78, -22.07
0, 3344391, 2360, 95, 17.44, 0.13, 11.67, 9.45, -43.86
0, 3350729, 2156, 99, 18.50, 0.00, 11.73, 10.05, -61.34
0, 3359354, 1664, 110, 18.06, 0.00, 11.73, 10.05, -80.82
0, 3366931, 1309, 113, 16.44, -0.19, 10.77, 9.74, -92.75
0, 3374350, 978, 86, 16.44, -0.19, 12.80, 9.50, -99.00
0, 3380832, 676, 59, 12.19, -0.19, 11.96, 10.69, -99.76
0, 3388880, 372, 32, 7.06, -0.13, 11.96, 10.69, -94.57
0, 3397164, 88, 6, 2.75, 0.19, 11.78, 9.77, -82.49
0, 3406118, -80, -10, -1.44, 0.50, 12.27, 9.91, -62.78
0, 3412783, -79, -14, -1.44, 0.81, 12.45, 9.76, -44.55
0, 3419560, -67, -15, -4.75, 0.81, 13.27, 9.89, -23.89
0, 3427714, -43, -22, -6.81, 0.88, 13.27, 9.89, 2.41
0, 3434957, 12, -26, -6.81, 0.94, 12.02, 9.80, 25.69
0, 3441210, 128, -29, -6.87, 1.00, 12.30, 9.80, 44.69
0, 3449255, 398, -31, -6.69, 1.00, 12.67, 9.54, 66.33
0, 3458737, 840, -37, -5.94, 1.06, 12.67, 9.54, 85.92
0, 3467002, 1067, -66, -3.62, 1.06, 13.10, 9.66, 96.43
0, 3473814, 1276, -52, -3.62, 1.19, 11.67, 11.13, 99.89
0, 3480724, 1526, -28, 0.50, 1.19, 11.77, 8.96, 98.41
0, 3488798, 1758, -4, 3.75, 1.44, 11.77, 8.96, 90.42
0, 3496604, 2010, 18, 6.81, 1.19, 12.44, 10.02, 76.79
0, 3504313, 2280, 46, 6.81, 0.88, 12.28, 9.92, 58.48
0, 3511542, 2464, 69, 10.06, 0.88, 12.15, 9.87, 37.96
0, 3519199, 2521, 78, 13.00, 0.56, 12.15, 9.87, 13.97
0, 3527426, 2483, 88, 16.31, 0.31, 11.51, 9.46, -12.72
0, 3534199, 2411, 93, 16.31, 0.13, 11.63, 8.63, -34.10
0, 3540988, 2239, 95, 18.19, 0.13, 11.54, 11.09, -53.87
0, 3549388, 1839, 105, 18.12, 0.00, 11.70, 9.41, -74.62
0, 3559120, 1334, 114, 17.00, -0.06, 11.70, 9.41, -91.64
0, 3566821, 1016, 89, 13.75, -0.13, 10.81, 9.46, -98.70
0, 3573470, 707, 62, 13.75, -0.19, 12.35, 10.23, -99.85
0, 3580268, 437, 38, 8.50, -0.19, 11.63, 9.90, -96.20
0, 3588205, 156, 13, 4.37, 0.06, 11.63, 9.90, -86.04
0, 3596120, -53, -7, 0.00, 0.44, 12.45, 9.62, -70.22
0, 3603618, -78, -12, 0.00, 0.69, 12.71, 9.78, -50.94
0, 3611250, -67, -14, -3.62, 0.69, 13.35, 9.87, -28.22
0, 3619084, -45, -20, -6.44, 0.88, 13.35, 9.87, -3.11
0, 3626855, 2, -24, -6.87, 0.94, 12.04, 9.74, 21.99
0, 3633524, 108, -27, -6.87, 1.00, 12.31, 9.91, 42.48
0, 3640303, 313, -29, -6.69, 1.00, 12.71, 9.75, 61.26
0, 3648399, 694, -34, -6.25, 1.06, 12.71, 9.75, 79.73
0, 3658197, 1028, -61, -4.62, 1.06, 13.01, 9.92, 94.63
0, 3665238, 1236, -56, -4.62, 1.12, 12.24, 9.88, 99.50
0, 3671778, 1469, -35, -0.94, 1.12, 11.72, 9.05, 99.36
0, 3680030, 1722, -8, 3.00, 1.37, 12.49, 9.05, 92.81
0, 3688194, 1978, 15, 5.87, 1.31, 12.49, 9.99, 79.78
0, 3696056, 2259, 43, 9.19, 1.00, 11.45, 9.62, 61.93
0, 3703914, 2473, 70, 9.19, 0.69, 12.07, 9.77, 40.05
0, 3711859, 2537, 79, 12.13, 0.69, 11.48, 9.65, 15.29
0, 3719994, 2502, 87, 15.50, 0.37, 11.48, 9.65, -11.10
0, 3728092, 2410, 94, 18.06, 0.19, 11.37, 9.94, -36.61
0, 3735369, 2220, 97, 18.44, 0.06, 11.67, 8.89, -57.42
0, 3741463, 1924, 104, 18.44, 0.06, 11.76, 9.60, -72.42
0, 3749111, 1456, 118, 17.69, -0.06, 11.76, 9.60, -87.18
0, 3758711, 1047, 92, 15.44, -0.13, 10.72, 9.39, -98.02
0, 3765816, 732, 64, 10.38, -0.19, 12.63, 9.80, -99.95
0, 3772267, 477, 41, 10.38, -0.19, 12.02, 9.50, -97.10
0, 3780506, 188, 16, 5.62, 0.00, 12.27, 9.50, -87.29
0, 3788526, -40, -6, 1.31, 0.31, 12.27, 9.71, -71.74
0, 3796339, -74, -11, -2.44, 0.62, 12.04, 9.78, -51.91
0, 3804306, -62, -14, -2.44, 0.88, 13.35, 9.87, -28.26
0, 3812186, -39, -19, -5.69, 0.88, 11.93, 9.62, -3.01
0, 3820244, 12, -24, -6.81, 0.94, 11.93, 9.62, 23.01
0, 3828168, 146, -27, -6.69, 1.00, 12.08, 9.80, 47.07
0, 3835430, 385, -30, -6.69, 1.00, 12.32, 9.55, 66.42
0, 3841626, 689, -33, -6.37, 1.06, 12.97, 9.98, 80.04
0, 3849545, 988, -52, -5.31, 1.06, 12.51, 9.98, 92.68
0, 3859117, 1277, -52, -2.56, 1.12, 12.51, 10.42, 99.73
0, 3866199, 1529, -28, 1.87, 1.31, 11.64, 9.15, 98.77
0, 3872664, 1718, -8, 1.87, 1.31, 12.40, 9.50, 93.33
0, 3881072, 1982, 16, 4.94, 1.37, 11.46, 9.50, 80.15
0, 3889130, 2275, 45, 8.19, 1.12, 11.46, 9.80, 61.91
0, 3896985, 2489, 72, 11.19, 0.81, 12.41, 9.73, 40.04
0, 3904810, 2548, 80, 11.19, 0.50, 11.42, 9.45, 15.67
0, 3912591, 2515, 88, 14.50, 0.50, 11.37, 9.75, -9.57
0, 3920731, 2426, 95, 17.56, 0.25, 11.37, 9.75, -35.30
0, 3928635, 2225, 98, 18.62, 0.13, 11.74, 10.06, -57.94
0, 3936331, 1838, 108, 18.19, 0.00, 11.51, 9.82, -76.33
0, 3942837, 1455, 119, 18.19, 0.00, 10.73, 9.88, -88.21
0, 3950135, 1140, 101, 16.56, -0.06, 12.06, 9.88, -96.81
0, 3959898, 681, 60, 12.63, -0.19, 12.06, 10.50, -99.79
0, 3967396, 403, 35, 7.25, -0.13, 12.47, 9.45, -95.27
0, 3973499, 187, 16, 7.25, -0.13, 12.51, 9.93, -87.41
0, 3981500, -30, -5, 2.81, 0.19, 11.96, 9.93, -71.95
0, 3989252, -65, -11, -1.25, 0.50, 11.96, 9.89, -52.34
0, 3997062, -53, -13, -4.69, 0.81, 12.85, 9.89, -29.24
0, 4004846, -32, -18, -4.69, 0.94, 13.27, 9.86, -4.34
0, 4012577, 13, -23, -6.62, 0.94, 12.04, 9.85, 20.67
0, 4020603, 140, -26, -6.69, 0.94, 12.04, 9.85, 45.24
0, 4028699, 399, -29, -6.44, 1.00, 12.28, 9.49, 66.90
0, 4036545, 774, -33, -5.75, 1.06, 12.67, 10.15, 83.50
0, 4043081, 996, -52, -5.75, 1.06, 12.47, 10.15, 93.24
0, 4050311, 1214, -59, -3.62, 1.06, 11.64, 9.54, 99.10
0, 4060030, 1559, -25, 0.44, 1.19, 11.64, 11.25, 98.35
0, 4066924, 1755, -5, 3.94, 1.44, 11.73, 9.86, 91.87
0, 4073536, 1966, 15, 3.94, 1.44, 11.42, 9.68, 81.32
0, 4081371, 2249, 42, 7.12, 1.19, 12.46, 9.68, 64.01
0, 4089249, 2476, 70, 10.31, 0.94, 12.46, 10.06, 42.43
0, 4097051, 2551, 81, 13.38, 0.62, 12.05, 9.34, 18.32
0, 4103840, 2527, 86, 13.38, 0.62, 11.41, 9.91, -3.67
0, 4112324, 2453, 95, 16.75, 0.31, 11.80, 9.91, -30.77
0, 4120509, 2276, 97, 18.56, 0.19, 11.80, 8.94, -54.73
0, 4127577, 1959, 104, 18.44, 0.00, 11.66, 10.84, -72.37
0, 4136166, 1445, 119, 17.37, 0.00, 11.67, 9.70, -88.60
0, 4142755, 1179, 104, 17.37, -0.06, 12.22, 9.70, -96.44
0, 4150364, 812, 71, 14.44, -0.13, 12.45, 9.62, -99.98
0, 4160265, 411, 35, 8.94, -0.19, 12.45, 10.26, -95.47
0, 4166943, 170, 14, 4.56, 0.06, 11.73, 9.57, -86.81
0, 4173715, -21, -5, 4.56, 0.06, 12.45, 9.99, -73.86
0, 4181590, -65, -10, 0.06, 0.44, 12.95, 9.99, -54.35
0, 4189453, -53, -12, -3.56, 0.69, 12.95, 9.88, -31.34
0, 4197259, -33, -17, -6.25, 0.94, 13.21, 9.81, -6.47
0, 4204080, 3, -22, -6.25, 0.94, 11.90, 9.85, 15.66
0, 4212664, 129, -26, -6.69, 0.94, 12.21, 9.85, 42.29
0, 4220864, 367, -29, -6.50, 1.00, 12.21, 9.94, 64.69
0, 4227762, 692, -32, -6.00, 1.06, 12.59, 9.75, 80.04
0, 4236628, 1016, -55, -4.44, 1.06, 12.98, 9.73, 93.79
0, 4243464, 1218, -58, -4.44, 1.12, 11.68, 9.73, 99.13
0, 4250945, 1485, -33, -1.00, 1.12, 11.76, 10.96, 99.38
0, 4260856, 1785, -2, 3.06, 1.37, 11.76, 8.87, 90.72
0, 4267670, 2017, 19, 6.00, 1.37, 12.45, 10.04, 79.25
0, 4274491, 2265, 44, 6.00, 1.37, 11.47, 9.90, 63.88
0, 4283186, 2501, 73, 9.38, 1.06, 12.04, 9.90, 39.85
0, 4290216, 2559, 81, 12.38, 0.75, 12.04, 9.93, 18.02
0, 4298323, 2529, 89, 15.81, 0.44, 11.42, 9.54, -8.26
0, 4306616, 2441, 95, 18.31, 0.25, 11.40, 8.91, -34.53
0, 4313676, 2273, 98, 18.31, 0.25, 11.53, 8.91, -55.00
0, 4321797, 1881, 106, 18.69, 0.13, 11.53, 10.59, -74.90
0, 4329456, 1441, 119, 18.00, 0.00, 11.73, 9.51, -88.93
0, 4337771, 1095, 96, 15.75, -0.06, 10.70, 9.47, -97.92
0, 4344759, 766, 67, 15.75, -0.06, 12.22, 9.47, -99.97
0, 4351866, 474, 41, 10.81, -0.19, 11.79, 9.33, -96.78
0, 4361650, 124, 10, 6.06, -0.06, 11.79, 10.14, -84.04
0, 4369077, -56, -8, 1.62, 0.31, 12.38, 9.58, -68.62
0, 4375292, -72, -12, 1.62, 0.31, 12.07, 9.92, -52.61
0, 4384664, -61, -13, -2.25, 0.62, 13.37, 9.92, -24.65
0, 4391607, -34, -20, -5.56, 0.88, 11.93, 9.96, -2.31
0, 4399431, 18, -24, -6.75, 1.00, 11.93, 9.66, 22.95
0, 4408435, 175, -27, -6.62, 1.00, 12.19, 10.01, 50.08
0, 4415129, 398, -31, -6.62, 1.00, 12.67, 9.78, 67.61
0, 4422959, 786, -34, -6.31, 1.12, 12.87, 9.78, 84.00
0, 4430237, 1023, -58, -5.25, 1.12, 12.87, 9.86, 94.38
0, 4438129, 1266, -53, -2.56, 1.12, 12.60, 9.88, 99.68
0, 4445305, 1527, -28, -2.56, 1.12, 11.59, 9.88, 98.82
0, 4452371, 1736, -7, 1.81, 1.31, 12.46, 9.05, 92.73
0, 4461994, 2056, 22, 4.94, 1.44, 12.46, 9.99, 76.69
0, 4469151, 2319, 50, 8.25, 1.19, 11.40, 9.62, 59.81
0, 4475609, 2489, 71, 8.25, 1.19, 12.49, 9.73, 41.77
0, 4485003, 2550, 81, 11.25, 0.88, 11.37, 9.73, 12.49
0, 4491582, 2518, 87, 14.63, 0.56, 11.44, 9.75, -8.88
0, 4499398, 2431, 96, 17.75, 0.31, 11.44, 9.86, -33.65
0, 4508170, 2208, 99, 18.75, 0.19, 11.63, 9.14, -58.81
0, 4514957, 1882, 107, 18.75, 0.19, 11.71, 9.71, -75.10
0, 4522939, 1416, 118, 18.25, 0.06, 11.71, 9.71, -89.54
0, 4529639, 1138, 101, 16.56, -0.06, 10.83, 9.53, -97.05
0, 4538129, 733, 64, 12.75, -0.06, 12.16, 10.10, -99.95
0, 4545267, 451, 39, 12.75, -0.13, 12.36, 10.10, -96.50
0, 4552447, 196, 17, 7.44, -0.13, 12.53, 9.31, -87.81
0, 4562213, -57, -8, 3.00, 0.19, 12.53, 9.78, -68.47
0, 4569104, -78, -12, -1.19, 0.44, 11.96, 9.74, -50.54
0, 4575925, -66, -14, -1.19, 0.44, 12.95, 9.85, -30.30
0, 4585467, -47, -18, -4.62, 0.62, 12.01, 9.85, 0.26
0, 4591907, -5, -23, -6.69, 0.69, 11.96, 9.75, 21.06
0, 4599822, 137, -27, -6.75, 0.69, 11.96, 9.76, 45.27
0, 4608633, 429, -31, -6.56, 0.75, 12.34, 9.51, 68.64
0, 4615390, 750, -34, -6.56, 0.75, 12.95, 10.07, 82.85
0, 4623472, 1020, -59, -5.81, 0.81, 12.37, 10.07, 94.56
0, 4631088, 1253, -54, -3.62, 0.88, 11.73, 10.83, 99.65
0, 4638889, 1537, -27, 0.37, 1.12, 11.73, 9.10, 98.55
0, 4646692, 1763, -4, 3.87, 1.12, 11.76, 9.10, 91.13
0, 4653346, 1979, 15, 3.87, 1.00, 11.46, 9.65, 80.16
0, 4662724, 2317, 49, 7.00, 0.62, 11.46, 9.97, 58.49
0, 4669540, 2497, 72, 10.25, 0.37, 12.36, 9.76, 39.21
0, 4676358, 2548, 81, 13.31, 0.37, 12.09, 9.43, 18.00
0, 4685590, 2514, 90, 13.31, 0.06, 11.32, 9.43, -11.91
0, 4691920, 2451, 94, 16.75, -0.13, 11.84, 9.82, -31.97
0, 4699737, 2253, 97, 18.56, -0.25, 11.84, 10.64, -54.79
0, 4708378, 1841, 108, 18.50, -0.31, 11.62, 9.61, -75.85
0, 4715478, 1443, 119, 18.50, -0.31, 11.65, 9.61, -88.76
0, 4723755, 1095, 96, 17.37, -0.37, 12.35, 9.80, -97.82
0, 4731213, 746, 65, 14.25, -0.50, 12.18, 10.17, -99.94
0, 4739020, 438, 38, 9.00, -0.25, 12.18, 9.53, -95.90
0, 4746931, 157, 13, 4.62, -0.25, 11.84, 9.53, -85.52
0, 4753475, -22, -5, 4.62, 0.06, 12.02, 9.76, -72.63
0, 4762730, -57, -10, 0.25, 0.37, 12.02, 9.94, -48.97
0, 4769613, -44, -12, -3.31, 0.62, 12.85, 9.83, -28.38
0, 4776378, -26, -16, -6.12, 0.62, 13.27, 9.77, -6.75
0, 4785612, 26, -22, -6.12, 0.62, 12.03, 9.77, 23.08
0, 4792059, 116, -24, -6.56, 0.69, 12.21, 9.84, 42.84
0, 4799925, 364, -27, -6.37, 0.75, 12.21, 9.67, 64.32
0, 4807734, 734, -31, -5.94, 0.75, 12.72, 10.14, 81.51
0, 4815491, 1011, -53, -5.94, 0.75, 13.04, 10.14, 93.39
0, 4823153, 1243, -56, -4.56, 0.81, 11.63, 9.66, 99.33
0, 4829832, 1482, -33, -1.00, 1.06, 11.63, 11.15, 99.49
0, 4838417, 1743, -6, 3.06, 1.06, 11.80, 9.99, 92.84
0, 4845566, 1973, 15, 3.06, 1.06, 12.37, 9.99, 81.78
0, 4852019, 2210, 38, 6.12, 0.75, 12.48, 9.58, 67.98
0, 4862031, 2503, 73, 9.44, 0.50, 12.48, 10.08, 40.93
0, 4868747, 2570, 83, 12.44, 0.50, 12.01, 9.41, 20.17
0, 4876132, 2547, 89, 12.44, 0.19, 11.43, 9.92, -3.72
0, 4885442, 2462, 96, 15.88, -0.06, 11.37, 9.92, -33.37
0, 4892038, 2324, 98, 18.44, -0.19, 11.70, 8.91, -52.68
0, 4899929, 1967, 105, 18.87, -0.31, 11.70, 10.76, -72.54
0, 4907781, 1494, 120, 18.12, -0.31, 11.67, 9.59, -87.58
0, 4915681, 1163, 103, 18.12, -0.37, 10.71, 9.59, -96.98
0, 4923428, 795, 70, 16.06, -0.44, 12.31, 9.43, -100.00
0, 4930095, 515, 45, 11.13, -0.37, 12.31, 10.05, -97.53
0, 4938569, 214, 18, 6.25, -0.37, 11.77, 9.49, -87.84
0, 4945880, -11, -3, 6.25, -0.06, 12.40, 9.49, -74.10
0, 4952205, -64, -9, 1.81, 0.25, 12.94, 9.91, -58.81
0, 4961930, -52, -11, -2.12, 0.56, 12.94, 9.83, -30.72
0, 4968540, -30, -16, -5.37, 0.56, 13.35, 9.90, -9.69
0, 4976216, 6, -22, -5.37, 0.62, 11.81, 9.89, 15.21
0, 4985524, 135, -25, -6.62, 0.69, 12.07, 9.89, 44.00
0, 4992115, 315, -27, -6.50, 0.75, 12.55, 9.65, 62.11
0, 5000029, 690, -32, -6.12, 0.81, 12.55, 9.78, 80.02
0, 5007954, 991, -49, -5.12, 0.81, 12.99, 9.80, 92.67
0, 5015789, 1225, -58, -5.12, 0.81, 12.52, 9.80, 99.15
0, 5023021, 1482, -33, -2.50, 0.94, 11.80, 10.47, 99.45
0, 5029718, 1692, -11, 1.87, 1.12, 11.80, 8.93, 94.83
0, 5038537, 1967, 15, 5.00, 1.12, 12.37, 8.93, 81.96
0, 5045463, 2225, 40, 5.00, 0.88, 11.44, 9.56, 67.08
0, 5052050, 2436, 63, 8.31, 0.56, 12.00, 9.78, 49.77
0, 5061276, 2559, 82, 11.31, 0.31, 12.00, 9.82, 21.89
0, 5068056, 2547, 87, 14.75, 0.31, 11.34, 9.62, 0.01
0, 5075876, 2487, 96, 14.75, 0.00, 11.49, 9.62, -25.17
0, 5085156, 2304, 98, 17.81, -0.13, 11.71, 9.03, -52.82
0, 5091990, 2035, 104, 18.87, -0.25, 11.76, 10.76, -70.25
0, 5100114, 1528, 118, 18.44, -0.25, 11.76, 9.65, -86.40
0, 5108133, 1187, 105, 16.87, -0.31, 10.74, 9.66, -96.47
0, 5115963, 815, 71, 16.87, -0.44, 12.31, 9.66, -99.99
0, 5123904, 485, 42, 13.13, -0.44, 11.77, 9.58, -96.97
0, 5130243, 263, 22, 7.69, -0.19, 11.77, 10.09, -89.92
0, 5138835, -6, -3, 3.31, -0.19, 12.47, 10.09, -74.35
0, 5145826, -65, -9, 3.31, 0.19, 11.97, 9.66, -57.35
0, 5152277, -53, -12, -0.94, 0.44, 12.84, 9.86, -39.01
0, 5161422, -39, -14, -4.37, 0.62, 12.84, 9.91, -10.30
0, 5168388, -2, -22, -6.50, 0.62, 11.96, 9.70, 12.32
0, 5176260, 98, -25, -6.50, 0.69, 11.92, 9.70, 37.07
0, 5185630, 352, -28, -6.50, 0.75, 12.17, 9.51, 63.24
0, 5192207, 640, -31, -6.31, 0.81, 12.85, 9.88, 78.25
0, 5200290, 964, -45, -5.56, 0.81, 12.85, 9.62, 91.75
0, 5208684, 1210, -59, -3.50, 0.81, 12.42, 10.31, 99.08
0, 5216511, 1487, -33, -3.50, 0.88, 11.65, 10.31, 99.29
0, 5224457, 1729, -7, 0.44, 1.12, 12.38, 9.27, 92.96
0, 5231394, 1946, 13, 4.00, 1.06, 11.46, 9.93, 82.35
0, 5240358, 2272, 45, 7.06, 1.06, 11.46, 9.77, 62.56
0, 5248529, 2500, 73, 10.31, 0.75, 12.43, 9.77, 39.86
0, 5255275, 2558, 82, 10.31, 0.44, 12.06, 9.54, 18.93
0, 5263866, 2530, 90, 13.38, 0.13, 11.40, 9.73, -8.90
0, 5270101, 2471, 94, 16.81, 0.13, 11.40, 9.58, -28.79
0, 5277737, 2293, 97, 18.75, -0.06, 11.78, 9.58, -51.46
0, 5286371, 1914, 106, 18.75, -0.19, 11.60, 10.13, -73.22
0, 5292664, 1542, 117, 18.62, -0.31, 10.83, 9.82, -85.54
0, 5300467, 1209, 107, 17.50, -0.31, 10.83, 9.75, -95.81
0, 5308913, 810, 71, 14.38, -0.37, 12.56, 10.40, -99.99
0, 5316789, 485, 42, 14.38, -0.44, 11.98, 10.40, -97.12
0, 5324781, 201, 17, 9.19, -0.25, 11.89, 9.86, -87.72
0, 5331400, -6, -3, 4.75, 0.06, 11.88, 9.83, -75.43
0, 5340246, -63, -10, 0.31, 0.06, 11.88, 9.80, -53.69
0, 5348069, -51, -12, -3.31, 0.37, 12.96, 9.80, -30.71
0, 5354842, -32, -17, -3.31, 0.62, 13.27, 9.90, -9.16
0, 5362574, 6, -22, -6.12, 0.69, 13.27, 9.79, 15.92
0, 5369386, 91, -26, -6.56, 0.69, 11.98, 9.90, 37.24
0, 5377104, 298, -27, -6.37, 0.75, 12.08, 9.90, 59.14
0, 5386075, 698, -32, -6.37, 0.81, 12.68, 9.72, 79.84
0, 5392524, 945, -44, -5.94, 0.81, 12.14, 9.56, 90.64
0, 5400394, 1174, -63, -4.37, 0.81, 12.14, 11.20, 98.38
0, 5408204, 1443, -37, -0.88, 0.88, 11.82, 11.20, 99.73
0, 5415925, 1691, -11, -0.88, 1.06, 11.75, 8.89, 94.75
0, 5422566, 1887, 8, 3.06, 1.19, 11.75, 9.82, 85.70
0, 5429424, 2133, 30, 6.06, 1.19, 12.37, 10.12, 72.16
0, 5439201, 2452, 65, 9.38, 0.88, 12.48, 10.12, 46.88
0, 5446365, 2560, 82, 9.38, 0.56, 12.00, 9.80, 25.21
0, 5452717, 2555, 86, 12.38, 0.25, 11.54, 9.39, 4.81
0, 5461142, 2500, 97, 15.75, 0.25, 11.54, 9.24, -22.41
0, 5469046, 2367, 98, 18.44, 0.00, 11.72, 9.24, -46.47
0, 5477189, 2069, 103, 18.87, -0.13, 11.77, 10.94, -68.04
0, 5485707, 1558, 117, 18.87, -0.25, 11.72, 9.46, -85.50
0, 5492401, 1279, 113, 18.12, -0.31, 12.67, 9.71, -94.69
0, 5500256, 908, 80, 16.00, -0.31, 12.67, 10.54, -99.74
0, 5508061, 559, 49, 11.19, -0.44, 12.03, 10.54, -98.34
0, 5515774, 285, 24, 11.19, -0.37, 11.77, 9.63, -90.76
0, 5522166, 59, 3, 6.37, -0.37, 11.77, 9.75, -80.14
0, 5529499, -59, -8, 1.87, -0.06, 12.55, 9.76, -63.73
0, 5538110, -55, -11, -2.06, 0.25, 12.94, 9.76, -39.93
0, 5544884, -38, -14, -2.06, 0.56, 13.24, 9.89, -18.91
0, 5551689, -15, -20, -5.37, 0.69, 12.02, 9.69, 3.12
0, 5559804, 56, -24, -6.56, 0.69, 12.02, 9.74, 29.10
0, 5567940, 224, -26, -6.44, 0.75, 12.30, 9.74, 53.13
0, 5575424, 510, -30, -6.44, 0.81, 12.59, 9.74, 71.99
0, 5581418, 799, -33, -6.12, 0.81, 12.89, 10.09, 84.08
0, 5590244, 1083, -63, -5.06, 0.81, 12.89, 10.09, 95.97
0, 5598086, 1330, -47, -2.37, 0.81, 12.27, 9.67, 99.96
0, 5604854, 1575, -23, -2.37, 0.94, 11.70, 8.86, 98.19
0, 5611647, 1767, -3, 1.94, 0.94, 12.43, 10.09, 91.65
0, 5619527, 2030, 20, 5.06, 1.19, 12.43, 10.09, 78.50
0, 5627731, 2329, 51, 8.38, 0.94, 11.40, 9.44, 59.37
0, 5635316, 2519, 76, 8.38, 0.62, 11.99, 10.05, 37.91
0, 5642099, 2561, 83, 11.38, 0.62, 11.36, 9.46, 16.73
0, 5650092, 2530, 90, 14.69, 0.37, 11.36, 9.46, -9.19
0, 5658327, 2439, 95, 17.81, 0.06, 11.40, 9.97, -35.23
0, 5665853, 2251, 99, 17.81, -0.13, 11.58, 8.79, -56.87
0, 5671877, 1969, 105, 18.87, -0.13, 11.68, 9.48, -71.80
0, 5679676, 1487, 120, 18.44, -0.25, 11.68, 9.45, -86.98
0, 5688949, 1096, 97, 16.94, -0.31, 10.71, 9.45, -97.71
0, 5695694, 788, 69, 16.94, -0.37, 12.61, 10.08, -100.00
0, 5702505, 507, 44, 12.94, -0.44, 11.97, 9.22, -97.44
0, 5710410, 230, 19, 7.56, -0.44, 11.97, 9.22, -88.50
0, 5718540, -16, -4, 3.31, -0.19, 12.30, 9.54, -73.25
0, 5726152, -65, -10, 3.31, 0.19, 11.97, 9.80, -54.32
0, 5732245, -53, -12, -0.81, 0.37, 13.29, 9.87, -36.72
0, 5740942, -39, -15, -4.31, 0.37, 13.29, 9.65, -9.28
0, 5748938, 4, -22, -6.44, 0.44, 11.92, 9.65, 16.65
0, 5755857, 94, -25, -6.44, 0.44, 11.94, 9.80, 38.24
0, 5763374, 299, -27, -6.50, 0.44, 12.69, 9.55, 59.48
0, 5770576, 620, -31, -6.31, 0.56, 12.69, 9.55, 76.52
0, 5778805, 954, -45, -5.62, 0.56, 12.85, 9.79, 90.83
0, 5787277, 1198, -60, -3.50, 0.62, 12.12, 9.90, 98.79
0, 5793322, 1404, -41, -3.50, 0.62, 11.81, 9.87, 99.92
0, 5801003, 1663, -14, 0.56, 0.88, 11.81, 9.11, 95.80
0, 5809241, 1908, 10, 4.06, 0.81, 12.42, 9.11, 84.78
0, 5816682, 2181, 35, 4.06, 0.50, 11.45, 9.64, 69.59
0, 5823098, 2398, 59, 7.12, 0.50, 12.44, 9.68, 53.19
0, 5830614, 2535, 79, 10.38, 0.19, 12.44, 9.67, 31.11
0, 5839644, 2545, 85, 13.50, -0.13, 11.35, 9.67, 2.24
0, 5847020, 2491, 94, 13.50, -0.31, 11.42, 9.71, -21.59
0, 5853151, 2393, 97, 16.94, -0.44, 11.75, 8.78, -40.51
0, 5861325, 2127, 101, 18.69, -0.44, 11.75, 10.69, -63.12
0, 5869531, 1671, 112, 18.62, -0.56, 11.58, 10.69, -81.35
0, 5877241, 1314, 114, 17.50, -0.62, 10.96, 9.81, -93.24
0, 5883888, 1024, 90, 17.50, -0.69, 12.63, 10.00, -98.83
0, 5891736, 656, 58, 14.38, -0.69, 11.90, 9.35, -99.48
0, 5899756, 359, 31, 9.19, -0.56, 11.90, 9.35, -93.48
0, 5907247, 89, 6, 4.94, -0.25, 12.65, 9.95, -82.15
0, 5913702, -48, -7, 4.94, -0.25, 11.95, 9.75, -68.45
0, 5921152, -60, -11, 0.44, 0.06, 11.95, 9.75, -48.94
0, 5929346, -48, -13, -3.19, 0.31, 12.89, 9.90, -24.23
0, 5937290, -22, -19, -6.06, 0.44, 12.01, 9.84, 1.37
0, 5944386, 26, -22, -6.06, 0.44, 12.11, 9.65, 24.22
0, 5951687, 158, -25, -6.56, 0.44, 12.11, 9.63, 46.38
0, 5960087, 445, -30, -6.37, 0.50, 12.31, 9.63, 68.58
0, 5966731, 759, -32, -6.37, 0.56, 12.70, 10.03, 82.59
0, 5973323, 992, -49, -5.94, 0.56, 12.22, 9.51, 92.70
0, 5981233, 1231, -57, -4.44, 0.56, 11.88, 10.70, 99.19
0, 5990433, 1559, -25, -0.94, 0.75, 11.88, 10.70, 98.52
0, 5998284, 1784, -2, 3.06, 0.94, 11.71, 9.61, 90.98
0, 6004964, 2009, 18, 3.06, 0.94, 11.45, 9.81, 79.89
0, 6012008, 2265, 44, 6.12, 0.62, 11.45, 9.81, 64.13
0, 6020210, 2494, 72, 9.06, 0.31, 12.48, 9.97, 41.63
0, 6027626, 2561, 83, 9.06, 0.06, 12.01, 9.42, 18.69
0, 6035092, 2535, 89, 12.06, -0.25, 11.37, 9.85, -5.50
0, 6042947, 2464, 95, 15.50, -0.25, 11.81, 9.24, -30.57
0, 6050768, 2291, 98, 15.94, -0.37, 11.81, 9.24, -53.55
0, 6058605, 1940, 106, 15.19, -0.50, 11.69, 10.52, -73.13
0, 6064958, 1547, 117, 15.19, -0.50, 11.66, 9.75, -85.57
0, 6072144, 1228, 109, 13.06, -0.56, 12.58, 9.75, -95.23
0, 6080506, 832, 73, 10.94, -0.62, 12.58, 9.99, -99.93
0, 6090402, 433, 37, 5.94, -0.69, 11.88, 10.20, -95.99
0, 6098209, 150, 12, 1.50, -0.31, 12.04, 9.78, -85.86
0, 6105078, -34, -6, 1.50, -0.31, 11.93, 9.92, -72.36
0, 6112233, -68, -11, -2.37, 0.00, 11.93, 9.92, -54.48
0, 6120456, -57, -12, -5.69, 0.25, 13.07, 9.74, -30.37
0, 6127642, -36, -17, -6.87, 0.44, 13.18, 9.88, -7.46
0, 6135988, 8, -22, -6.87, 0.44, 11.87, 9.90, 19.57
0, 6144997, 146, -25, -6.69, 0.44, 12.19, 9.94, 47.07
0, 6152069, 364, -28, -6.37, 0.50, 12.66, 9.94, 65.96
0, 6160753, 788, -34, -5.44, 0.56, 12.66, 9.65, 84.30
0, 6168364, 1034, -59, -2.87, 0.56, 12.98, 9.64, 94.92
0, 6174464, 1221, -58, -2.87, 0.56, 11.60, 11.22, 99.26
0, 6182495, 1512, -30, 1.50, 0.69, 11.81, 8.89, 99.03
0, 6192532, 1812, 1, 4.69, 0.94, 12.39, 8.89, 89.32
0, 6200560, 2097, 26, 8.00, 0.75, 12.39, 10.00, 74.68
0, 6208404, 2375, 56, 11.13, 0.44, 12.47, 10.10, 55.47
0, 6214311, 2513, 75, 11.13, 0.44, 12.03, 9.83, 38.55
0, 6222461, 2553, 83, 14.44, 0.19, 12.03, 9.83, 13.01
0, 6230391, 2515, 91, 17.56, -0.13, 11.39, 9.34, -12.72
0, 6239720, 2396, 96, 18.62, -0.31, 11.35, 8.78, -41.79
0, 6246880, 2193, 99, 18.62, -0.44, 11.46, 11.08, -61.64
0, 6253325, 1843, 109, 18.19, -0.44, 11.81, 9.49, -76.69
0, 6261680, 1367, 117, 16.75, -0.50, 11.81, 9.49, -91.11
0, 6269339, 1039, 92, 12.88, -0.62, 10.64, 9.61, -98.46
0, 6275511, 753, 66, 12.88, -0.62, 12.00, 10.06, -99.97
0, 6283025, 453, 39, 7.37, -0.69, 11.88, 9.91, -96.39
0, 6292924, 96, 7, 3.06, -0.44, 12.42, 9.91, -82.99
0, 6300755, -70, -9, -1.12, -0.13, 12.42, 9.52, -66.25
0, 6308552, -74, -13, -4.62, 0.19, 11.96, 9.86, -45.32
0, 6314258, -62, -14, -4.62, 0.19, 13.23, 9.88, -28.08
0, 6322484, -44, -19, -6.81, 0.44, 13.23, 9.88, -1.70
0, 6330365, 9, -24, -6.87, 0.50, 11.97, 9.72, 23.72
0, 6338934, 162, -27, -6.69, 0.50, 11.98, 9.82, 49.55
0, 6346813, 437, -31, -6.69, 0.50, 12.72, 9.75, 69.96
0, 6353498, 765, -34, -6.00, 0.56, 12.92, 9.75, 83.73
0, 6361783, 1039, -62, -4.00, 0.62, 12.92, 10.07, 95.27
0, 6368035, 1229, -57, -4.00, 0.62, 12.42, 9.79, 99.45
0, 6374802, 1474, -34, 0.00, 0.62, 11.69, 8.91, 99.34
0, 6382973, 1728, -7, 3.62, 0.88, 12.45, 10.08, 92.84
0, 6392672, 2048, 22, 6.75, 0.88, 11.41, 10.08, 76.71
0, 6400514, 2334, 52, 10.06, 0.56, 11.41, 9.58, 58.04
0, 6408350, 2520, 77, 13.13, 0.31, 12.42, 9.84, 35.62
0, 6414126, 2557, 83, 13.13, 0.31, 11.38, 9.84, 17.53
0, 6422184, 2527, 89, 16.62, 0.00, 11.38, 9.51, -8.59
0, 6429464, 2454, 95, 18.50, -0.25, 11.36, 9.95, -31.74
0, 6437927, 2247, 98, 18.44, -0.37, 11.83, 9.15, -56.33
0, 6445928, 1866, 109, 18.44, -0.37, 11.60, 9.15, -75.70
0, 6452684, 1471, 120, 17.37, -0.50, 10.80, 9.67, -88.13
0, 6460590, 1134, 100, 14.38, -0.56, 10.80, 9.43, -97.25
0, 6466294, 862, 75, 14.38, -0.56, 12.55, 9.56, -99.88
0, 6473930, 530, 46, 9.13, -0.69, 11.90, 9.56, -98.02
0, 6481940, 247, 21, 4.62, -0.56, 12.44, 10.10, -89.61
0, 6491452, -36, -6, 0.19, -0.25, 12.44, 9.71, -71.83
0, 6499278, -75, -12, -3.44, 0.06, 11.92, 9.80, -51.98
0, 6506019, -62, -14, -3.44, 0.06, 12.96, 9.86, -32.14
0, 6512866, -46, -17, -6.31, 0.37, 12.96, 9.86, -10.42
0, 6520631, -9, -23, -6.87, 0.44, 11.91, 9.67, 14.77
0, 6527383, 75, -26, -6.87, 0.50, 11.99, 9.90, 35.98
0, 6535606, 295, -28, -6.69, 0.50, 12.14, 9.54, 59.37
0, 6545589, 738, -33, -6.25, 0.56, 12.79, 9.54, 81.95
0, 6552563, 972, -50, -4.69, 0.62, 11.99, 9.58, 92.74
0, 6560664, 1214, -59, -1.25, 0.62, 11.99, 10.29, 99.28
0, 6566957, 1436, -38, -1.25, 0.62, 11.97, 9.24, 99.64
0, 6574534, 1684, -12, 2.69, 0.75, 11.76, 9.24, 94.55
0, 6582730, 1931, 12, 5.62, 1.00, 11.48, 9.34, 82.62
0, 6592826, 2302, 48, 9.00, 0.69, 12.39, 9.79, 60.02
0, 6600676, 2513, 76, 11.94, 0.44, 12.39, 9.71, 37.86
0, 6608707, 2559, 84, 15.44, 0.44, 12.08, 9.53, 12.66
0, 6614614, 2532, 88, 15.44, 0.13, 11.31, 9.53, -6.52
0, 6622455, 2451, 97, 18.19, -0.19, 11.31, 9.80, -31.50
0, 6629123, 2307, 98, 18.62, -0.31, 11.75, 9.65, -51.19
0, 6637064, 1961, 106, 18.62, -0.31, 11.57, 9.91, -71.45
0, 6646441, 1437, 119, 17.87, -0.44, 10.84, 9.75, -89.17
0, 6653448, 1176, 104, 15.63, -0.50, 12.67, 9.75, -97.09
0, 6661265, 801, 70, 10.81, -0.62, 12.67, 10.50, -99.99
0, 6667826, 522, 45, 10.81, -0.62, 11.87, 9.46, -97.45
0, 6675219, 263, 22, 6.31, -0.62, 11.67, 9.46, -89.30
0, 6683485, 2, -2, 1.94, -0.37, 11.97, 9.92, -74.13
0, 6693480, -57, -10, -2.06, 0.00, 12.82, 9.80, -48.79
0, 6701289, -42, -12, -5.37, 0.25, 12.82, 9.91, -25.28
0, 6709367, -18, -18, -6.75, 0.25, 13.34, 9.85, 0.73
0, 6715280, 16, -21, -6.75, 0.44, 12.03, 9.85, 19.84
0, 6723526, 156, -24, -6.62, 0.50, 12.03, 9.65, 45.12
0, 6730739, 377, -27, -6.31, 0.56, 12.36, 9.61, 64.64
0, 6740188, 819, -33, -5.25, 0.62, 12.65, 10.15, 84.70
0, 6749177, 1090, -63, -2.56, 0.62, 12.93, 9.58, 96.43
0, 6756170, 1309, -49, -2.56, 0.62, 11.89, 9.58, 99.92
0, 6763619, 1579, -23, 1.69, 0.69, 11.89, 8.86, 97.97
0, 6770845, 1784, -2, 4.75, 0.94, 11.72, 9.77, 90.59
0, 6777306, 2000, 18, 4.75, 0.94, 12.43, 9.66, 79.76
0, 6786370, 2328, 51, 8.00, 0.88, 12.43, 10.04, 58.78
0, 6796581, 2553, 82, 11.06, 0.50, 12.06, 10.04, 29.17
0, 6803563, 2570, 86, 14.38, 0.25, 11.41, 9.38, 6.88
0, 6811377, 2520, 97, 17.56, -0.06, 11.41, 9.89, -18.44
0, 6817307, 2440, 98, 17.56, -0.06, 11.61, 9.31, -36.95
0, 6825338, 2203, 101, 18.81, -0.25, 11.63, 9.31, -59.71
0, 6833058, 1799, 113, 18.44, -0.37, 11.55, 9.49, -77.77
0, 6842935, 1314, 114, 16.75, -0.50, 10.89, 9.60, -93.65
0, 6850742, 982, 86, 12.81, -0.56, 10.89, 9.82, -99.46
0, 6858473, 630, 55, 7.62, -0.56, 12.08, 10.28, -98.92
0, 6864589, 407, 35, 7.62, -0.62, 11.62, 10.28, -94.06
0, 6872104, 145, 11, 3.56, -0.50, 11.62, 9.77, -83.04
0, 6878223, -12, -4, -0.69, -0.50, 12.55, 9.96, -70.38
0, 6886988, -38, -9, -0.69, -0.13, 12.65, 9.72, -47.54
0, 6896995, -25, -11, -4.12, 0.19, 13.38, 9.72, -16.90
0, 6903589, 8, -18, -6.37, 0.25, 12.04, 9.77, 4.48
0, 6911431, 81, -22, -6.50, 0.31, 12.04, 9.75, 29.55
0, 6917131, 186, -23, -6.50, 0.31, 12.21, 9.75, 46.67
0, 6924692, 450, -28, -6.31, 0.37, 12.62, 9.58, 66.80
0, 6931565, 770, -30, -5.56, 0.44, 12.62, 9.73, 81.65
0, 6941034, 1085, -60, -3.44, 0.44, 13.18, 9.67, 95.31
0, 6950088, 1370, -43, 0.56, 0.44, 11.80, 11.04, 99.99
0, 6957064, 1611, -19, 0.56, 0.62, 11.61, 11.04, 97.71
0, 6963987, 1804, 0, 4.06, 0.75, 11.61, 8.91, 90.49
0, 6970789, 2038, 21, 7.12, 0.44, 12.42, 9.50, 78.94
0, 6977569, 2286, 46, 7.12, 0.44, 11.44, 9.98, 63.59
0, 6986781, 2525, 77, 10.25, 0.13, 12.01, 9.89, 37.96
0, 6996665, 2566, 85, 13.38, -0.13, 11.33, 9.89, 6.77
0, 7003477, 2524, 92, 16.81, -0.44, 11.44, 9.46, -15.33
0, 7011319, 2410, 98, 18.62, -0.50, 11.44, 8.87, -39.78
0, 7017057, 2256, 100, 18.62, -0.50, 11.62, 8.87, -56.12
0, 7025320, 1834, 112, 18.62, -0.69, 11.75, 11.23, -76.10
0, 7032886, 1425, 119, 17.50, -0.75, 10.76, 9.44, -89.62
0, 7042260, 1037, 91, 14.38, -0.81, 10.76, 10.00, -98.81
0, 7050521, 667, 58, 9.13, -0.81, 12.57, 9.28, -99.35
0, 7058097, 390, 34, 9.13, -0.75, 11.92, 9.28, -93.57
0, 7064779, 156, 13, 4.87, -0.44, 12.44, 10.07, -83.75
0, 7071647, -14, -4, 0.56, -0.13, 12.44, 9.59, -69.55
0, 7078468, -38, -8, -3.00, -0.13, 12.08, 9.84, -52.03
0, 7087403, -27, -10, -3.00, 0.13, 13.35, 9.91, -25.36
0, 7097078, 1, -17, -5.94, 0.25, 11.89, 9.91, 5.84
0, 7103643, 50, -20, -6.50, 0.31, 12.15, 9.59, 26.88
0, 7111450, 210, -23, -6.37, 0.31, 12.15, 9.91, 50.23
0, 7117313, 409, -26, -6.37, 0.37, 12.33, 9.91, 65.71
0, 7125672, 811, -31, -6.00, 0.44, 12.92, 9.57, 83.55
0, 7133126, 1055, -54, -4.50, 0.44, 12.13, 9.93, 94.30
0, 7142060, 1337, -46, -1.06, 0.56, 12.13, 9.85, 99.88
0, 7150576, 1630, -17, 3.00, 0.56, 11.98, 9.04, 97.40
0, 7158177, 1848, 4, 6.06, 0.81, 12.32, 9.04, 88.88
0, 7164360, 2071, 24, 6.06, 0.56, 12.32, 10.00, 77.93
0, 7171252, 2322, 50, 9.38, 0.25, 11.49, 9.65, 62.04
0, 7178045, 2506, 74, 9.38, 0.25, 12.48, 9.72, 43.33
0, 7186967, 2570, 84, 12.31, 0.00, 11.30, 9.65, 15.71
0, 7196930, 2530, 95, 15.88, -0.31, 11.41, 9.65, -16.57
0, 7203632, 2453, 96, 18.37, -0.50, 11.81, 9.90, -37.51
0, 7211491, 2218, 100, 18.75, -0.50, 11.81, 9.44, -59.75
0, 7217391, 1921, 109, 18.75, -0.62, 11.68, 9.44, -73.95
0, 7225358, 1443, 120, 18.19, -0.69, 11.68, 9.70, -88.74
0, 7231797, 1183, 105, 16.00, -0.75, 10.82, 9.42, -96.39
0, 7241360, 730, 64, 11.13, -0.81, 12.61, 10.00, -99.91
0, 7250226, 399, 34, 6.19, -0.81, 11.80, 10.11, -94.60
0, 7256992, 159, 13, 6.19, -0.56, 12.47, 10.11, -85.24
0, 7263871, -21, -4, 1.75, -0.25, 12.47, 9.84, -71.50
0, 7270530, -51, -9, -2.06, -0.25, 11.95, 9.72, -54.80
0, 7277952, -40, -11, -2.06, 0.06, 12.97, 9.84, -33.20
0, 7287145, -21, -15, -5.31, 0.25, 13.27, 9.80, -3.92
0, 7296894, 42, -22, -6.62, 0.31, 12.00, 9.80, 27.45
0, 7303727, 155, -24, -6.50, 0.37, 12.25, 9.86, 47.98
0, 7311563, 435, -28, -6.25, 0.37, 12.25, 9.44, 68.56
0, 7317266, 713, -30, -6.25, 0.44, 12.59, 9.44, 80.82
0, 7323119, 954, -42, -5.44, 0.44, 12.59, 9.65, 90.51
0, 7329708, 1152, -63, -2.75, 0.44, 12.29, 10.50, 97.48
0, 7339056, 1476, -34, 1.62, 0.50, 11.78, 9.19, 99.69
0, 7347952, 1748, -5, 1.62, 0.75, 11.67, 9.19, 93.27
0, 7354270, 1952, 14, 4.94, 0.69, 11.47, 9.54, 83.95
0, 7362243, 2250, 42, 8.25, 0.69, 11.47, 9.94, 67.19
0, 7368521, 2456, 66, 11.25, 0.37, 12.56, 9.94, 50.77
0, 7376784, 2571, 85, 11.25, 0.13, 12.03, 9.55, 26.06
0, 7384602, 2564, 89, 14.69, -0.19, 11.21, 9.33, 0.92
0, 7393337, 2498, 97, 17.81, -0.44, 11.75, 9.44, -27.16
0, 7401760, 2329, 99, 18.87, -0.44, 11.75, 9.81, -52.20
0, 7409838, 1984, 107, 18.50, -0.56, 11.78, 9.81, -72.57
0, 7415544, 1628, 115, 18.50, -0.62, 11.72, 9.78, -84.03
0, 7422032, 1312, 115, 17.06, -0.69, 11.72, 9.70, -93.52
0, 7429041, 984, 87, 13.38, -0.69, 12.51, 10.07, -99.11
0, 7437840, 583, 51, 13.38, -0.81, 12.00, 10.07, -98.84
0, 7447349, 245, 21, 7.87, -0.69, 11.97, 9.45, -89.51
0, 7453946, 20, 0, 3.37, -0.31, 11.81, 9.95, -77.96
0, 7462127, -65, -9, -0.94, -0.31, 11.81, 9.76, -58.74
0, 7467978, -53, -11, -0.94, 0.00, 13.07, 9.76, -42.36
0, 7475754, -42, -13, -4.44, 0.25, 13.17, 9.87, -18.33
0, 7482453, -15, -20, -6.62, 0.31, 11.93, 9.78, 3.37
0, 7492302, 79, -24, -6.62, 0.37, 12.31, 9.70, 34.68
0, 7500809, 274, -26, -6.44, 0.37, 12.31, 9.72, 59.00
0, 7508277, 594, -31, -6.44, 0.44, 12.35, 9.72, 76.69
0, 7514577, 889, -36, -5.75, 0.50, 12.35, 10.16, 88.15
0, 7520814, 1071, -62, -3.94, 0.50, 12.97, 9.49, 95.86
0, 7528725, 1328, -47, -3.94, 0.50, 11.65, 9.49, 99.95
0, 7537285, 1628, -17, -0.06, 0.62, 11.78, 8.98, 96.96
0, 7547289, 1930, 12, 3.69, 0.81, 12.35, 9.90, 84.03
0, 7553866, 2177, 35, 6.87, 0.56, 11.45, 9.64, 70.60
0, 7562181, 2451, 65, 10.13, 0.56, 11.45, 10.19, 49.10
0, 7567910, 2550, 81, 10.13, 0.25, 11.92, 10.19, 32.11
0, 7575884, 2560, 86, 13.25, -0.06, 11.39, 9.29, 6.73
0, 7582143, 2525, 91, 16.75, -0.31, 11.39, 9.95, -13.59
0, 7590630, 2403, 97, 18.69, -0.31, 11.36, 9.23, -40.09
0, 7600424, 2096, 102, 18.62, -0.44, 11.47, 9.23, -66.78
0, 7607396, 1713, 114, 18.62, -0.56, 11.74, 9.44, -81.81
0, 7614177, 1357, 117, 17.50, -0.62, 11.74, 9.63, -92.42
0, 7619879, 1107, 98, 14.75, -0.62, 11.03, 9.63, -97.88
0, 7627998, 712, 63, 14.75, -0.75, 12.61, 9.84, -99.83
0, 7636141, 401, 34, 9.69, -0.75, 11.75, 10.12, -94.83
0, 7643868, 125, 10, 5.06, -0.44, 12.69, 9.82, -83.96
0, 7652269, -54, -8, 0.50, -0.44, 12.69, 9.91, -66.17
0, 7660630, -58, -11, -3.19, -0.13, 11.91, 9.91, -43.58
0, 7666334, -45, -13, -3.19, 0.19, 13.23, 9.79, -26.22
0, 7673098, -27, -18, -6.12, 0.37, 13.23, 9.78, -4.52
0, 7680391, 14, -22, -6.75, 0.37, 12.05, 9.82, 19.09
0, 7690386, 173, -25, -6.50, 0.37, 11.99, 9.82, 49.46
0, 7700387, 523, -31, -6.12, 0.44, 12.64, 9.82, 74.66
0, 7707136, 835, -34, -6.12, 0.50, 12.83, 9.73, 87.36
0, 7714016, 1053, -59, -4.81, 0.50, 12.83, 9.71, 95.98
0, 7719896, 1240, -56, -1.81, 0.50, 12.43, 9.71, 99.57
0, 7728094, 1541, -27, -1.81, 0.56, 11.19, 11.24, 98.49
0, 7735772, 1766, -4, 2.37, 0.81, 12.32, 8.86, 91.16
0, 7743694, 2031, 21, 5.50, 0.69, 11.49, 9.56, 77.67
0, 7752379, 2346, 53, 8.94, 0.69, 11.49, 9.97, 57.02
0, 7760685, 2534, 80, 11.88, 0.37, 12.43, 9.97, 33.01
0, 7766386, 2562, 84, 11.88, 0.13, 11.43, 9.97, 15.03
0, 7773140, 2533, 90, 15.38, 0.13, 11.43, 9.39, -6.89
0, 7780652, 2459, 96, 18.12, -0.19, 11.38, 8.89, -30.83
0, 7790395, 2224, 100, 18.69, -0.37, 11.75, 10.58, -58.95
0, 7800221, 1727, 113, 18.00, -0.50, 11.64, 10.58, -81.36
0, 7806970, 1389, 118, 18.00, -0.62, 10.81, 9.66, -92.07
0, 7813998, 1087, 96, 16.00, -0.62, 10.81, 9.81, -98.52
0, 7819931, 795, 70, 11.63, -0.69, 11.72, 9.81, -99.98
0, 7826579, 511, 44, 11.63, -0.75, 12.74, 9.46, -97.20
0, 7833407, 275, 23, 6.81, -0.56, 12.55, 10.02, -89.63
0, 7842145, 2, -2, 2.31, -0.56, 12.08, 9.67, -73.59
0, 7851096, -54, -10, -1.75, -0.19, 12.08, 9.67, -51.04
0, 7858942, -41, -12, -5.06, 0.06, 12.67, 9.80, -27.67
0, 7864785, -23, -15, -5.06, 0.31, 12.67, 9.92, -9.01
0, 7870991, 7, -21, -6.62, 0.31, 12.05, 9.62, 11.15
0, 7879097, 106, -24, -6.56, 0.37, 12.05, 9.62, 36.68
0, 7887870, 333, -27, -6.56, 0.44, 12.23, 9.64, 61.40
0, 7895140, 651, -30, -6.19, 0.50, 12.87, 9.82, 78.19
0, 7902860, 961, -43, -5.25, 0.50, 12.36, 9.69, 91.23
0, 7911209, 1208, -60, -2.69, 0.50, 12.36, 9.69, 98.87
0, 7916913, 1404, -41, -2.69, 0.56, 11.67, 10.03, 99.94
0, 7922833, 1613, -19, 1.50, 0.56, 11.67, 9.12, 97.41
0, 7930810, 1842, 4, 4.69, 0.75, 11.81, 9.99, 88.34
0, 7939954, 2175, 34, 7.94, 0.81, 11.48, 9.99, 70.72
0, 7948073, 2452, 66, 7.94, 0.50, 12.49, 9.68, 49.80
0, 7954368, 2559, 84, 11.06, 0.25, 12.09, 9.63, 31.12
0, 7962297, 2567, 88, 14.38, 0.25, 12.09, 9.63, 5.83
0, 7967997, 2535, 91, 14.38, -0.06, 11.36, 9.74, -12.68
0, 7974890, 2442, 98, 17.69, -0.37, 11.73, 9.75, -34.43
0, 7981674, 2271, 100, 18.87, -0.37, 11.73, 9.16, -54.15
0, 7991028, 1817, 112, 18.50, -0.44, 11.44, 9.70, -76.86
0, 8000407, 1363, 117, 16.87, -0.56, 11.63, 9.70, -92.53
0, 8007154, 1098, 97, 16.87, -0.62, 12.73, 9.65, -98.57
0, 8014154, 758, 67, 13.13, -0.62, 12.73, 9.65, -99.83
0, 8019868, 519, 45, 8.06, -0.75, 12.10, 10.27, -97.03
0, 8026538, 293, 25, 8.06, -0.69, 11.43, 9.89, -89.54
0, 8033001, 77, 5, 4.06, -0.37, 12.13, 9.83, -78.27
0, 8041663, -37, -6, -0.31, -0.37, 12.13, 9.77, -57.87
0, 8050983, -25, -9, -3.81, -0.06, 12.56, 9.77, -30.87
0, 8058542, -2, -14, -6.19, 0.25, 13.39, 9.91, -6.77
0, 8064719, 27, -18, -6.19, 0.25, 13.39, 9.77, 13.28
0, 8070667, 97, -22, -6.37, 0.37, 12.00, 9.77, 32.10
0, 8078399, 277, -23, -6.37, 0.37, 12.16, 9.85, 54.67
0, 8085405, 554, -28, -6.19, 0.44, 12.68, 9.52, 72.18
0, 8093043, 900, -33, -5.50, 0.50, 12.83, 9.58, 86.99
0, 8102207, 1167, -61, -3.50, 0.50, 12.83, 9.58, 97.64
0, 8110196, 1435, -38, 0.37, 0.62, 11.83, 11.09, 99.91
0, 8115900, 1628, -18, 0.37, 0.62, 11.69, 8.91, 97.41
0, 8121789, 1792, -1, 3.94, 0.88, 11.69, 8.91, 91.32
0, 8129886, 2074, 24, 7.00, 0.62, 12.38, 9.65, 77.56
0, 8138017, 2373, 56, 7.00, 0.31, 12.47, 10.08, 58.35
0, 8145217, 2543, 80, 10.19, 0.00, 12.02, 9.68, 37.89
0, 8153284, 2577, 86, 13.31, 0.00, 11.30, 9.31, 12.58
0, 8161383, 2539, 95, 16.81, -0.31, 11.30, 9.31, -13.70
0, 8167100, 2478, 98, 16.81, -0.44, 11.36, 9.43, -31.79
0, 8173380, 2323, 99, 18.81, -0.44, 11.49, 10.67, -50.37
0, 8181236, 1981, 107, 18.81, -0.56, 11.49, 10.67, -70.58
0, 8190441, 1467, 121, 17.81, -0.62, 11.62, 9.49, -88.34
0, 8198933, 1148, 101, 14.75, -0.75, 10.95, 9.39, -97.78
0, 8204991, 861, 75, 14.75, -0.75, 11.98, 10.65, -99.99
0, 8212727, 526, 46, 9.56, -0.75, 11.98, 10.65, -97.19
0, 8218433, 331, 28, 9.56, -0.50, 11.58, 9.60, -91.18
0, 8224668, 117, 9, 5.50, -0.50, 12.44, 9.66, -81.03
0, 8232187, -28, -5, 1.06, -0.13, 12.44, 9.72, -64.42
0, 8241010, -29, -9, -2.69, 0.13, 12.62, 9.72, -40.12
0, 8250617, -12, -11, -5.62, 0.31, 13.34, 9.89, -10.00
0, 8257535, 24, -19, -5.62, 0.37, 12.00, 9.72, 12.47
0, 8264383, 104, -22, -6.44, 0.37, 12.00, 9.72, 34.09
0, 8270503, 243, -23, -6.25, 0.44, 11.92, 9.72, 52.01
0, 8277852, 533, -28, -6.25, 0.50, 12.60, 9.73, 70.77
0, 8284183, 826, -31, -5.87, 0.50, 13.05, 10.11, 83.72
0, 8292816, 1102, -59, -4.44, 0.50, 11.89, 9.66, 95.60
0, 8302479, 1417, -39, -1.06, 0.56, 11.89, 9.66, 99.99
0, 8310923, 1687, -11, 3.00, 0.81, 11.69, 8.91, 95.78
0, 8316627, 1851, 5, 3.00, 0.81, 12.32, 10.03, 88.83
0, 8322718, 2069, 24, 6.00, 0.75, 12.32, 10.03, 78.04
0, 8330723, 2361, 54, 9.25, 0.44, 11.48, 9.52, 59.30
0, 8338772, 2550, 81, 12.19, 0.13, 12.47, 9.96, 36.43
0, 8345991, 2581, 86, 12.19, -0.19, 11.31, 9.38, 13.75
0, 8353827, 2544, 94, 15.69, -0.19, 11.41, 10.03, -11.68
0, 8361669, 2451, 98, 18.44, -0.37, 11.41, 10.03, -36.38
0, 8367379, 2311, 100, 18.44, -0.50, 11.76, 8.65, -52.96
0, 8373295, 2056, 105, 18.94, -0.50, 11.69, 9.41, -68.21
0, 8381502, 1549, 120, 18.31, -0.62, 11.69, 9.41, -85.09
0, 8391119, 1166, 103, 16.25, -0.62, 10.69, 9.51, -97.13
0, 8400808, 726, 64, 11.44, -0.75, 12.61, 9.83, -99.72
0, 8407986, 454, 39, 11.44, -0.62, 11.77, 10.08, -95.27
0, 8414822, 223, 19, 6.69, -0.62, 11.77, 10.08, -86.21
0, 8420990, 35, 1, 2.50, -0.25, 12.37, 9.53, -74.38
0, 8427668, -32, -6, 2.50, 0.06, 12.13, 9.85, -58.22
0, 8434516, -20, -9, -1.44, 0.06, 12.59, 9.80, -38.81
0, 8443507, -6, -11, -4.69, 0.31, 11.89, 9.65, -10.58
0, 8453275, 43, -20, -6.31, 0.37, 11.97, 9.65, 21.03
0, 8461761, 159, -22, -6.25, 0.44, 11.97, 9.77, 46.89
0, 8467463, 326, -24, -6.25, 0.44, 12.03, 9.58, 62.38
0, 8473353, 606, -28, -6.00, 0.50, 12.03, 9.58, 76.13
0, 8481110, 959, -39, -5.25, 0.50, 13.05, 10.15, 89.91
0, 8490046, 1225, -58, -2.94, 0.56, 12.60, 9.72, 98.69
0, 8497783, 1495, -32, -2.94, 0.69, 11.46, 10.45, 99.60
0, 8506213, 1747, -6, 1.56, 0.69, 12.35, 8.95, 93.45
0, 8513549, 1987, 17, 4.94, 0.88, 12.35, 8.95, 82.38
0, 8519255, 2201, 37, 4.94, 0.56, 11.48, 9.51, 70.50
0, 8525181, 2403, 59, 8.19, 0.56, 12.63, 9.85, 55.60
0, 8533003, 2550, 82, 11.19, 0.25, 11.93, 9.85, 32.88
0, 8542002, 2564, 87, 14.56, -0.06, 11.93, 9.86, 4.21
0, 8552043, 2496, 98, 17.69, -0.31, 11.48, 9.86, -28.08
0, 8559884, 2347, 98, 18.87, -0.37, 11.68, 8.84, -51.40
0, 8565786, 2120, 103, 18.87, -0.37, 11.68, 8.84, -66.83
0, 8571790, 1748, 114, 18.56, -0.56, 11.76, 10.91, -80.00
0, 8578751, 1360, 117, 18.56, -0.56, 10.68, 9.54, -91.43
0, 8587611, 962, 85, 17.37, -0.69, 12.65, 9.85, -99.17
0, 8597398, 547, 48, 13.69, -0.69, 11.93, 9.48, -98.20
0, 8606595, 231, 20, 8.00, -0.69, 12.12, 10.10, -88.27
0, 8613607, 7, -2, 3.56, -0.31, 12.12, 10.10, -75.36
0, 8619312, -57, -8, -0.56, 0.00, 11.92, 9.75, -61.93
0, 8625014, -47, -11, -0.56, 0.00, 12.92, 9.75, -46.38
0, 8632687, -38, -12, -4.00, 0.25, 12.92, 9.88, -23.04
0, 8642163, -10, -19, -6.37, 0.44, 13.37, 9.88, 7.58
0, 8651866, 87, -23, -6.50, 0.44, 12.14, 9.67, 38.17
0, 8659695, 285, -26, -6.31, 0.50, 12.18, 9.79, 60.23
0, 8665618, 542, -30, -6.31, 0.50, 12.43, 9.79, 74.41
0, 8671422, 833, -33, -5.87, 0.56, 12.43, 9.79, 85.63
0, 8678097, 1052, -56, -5.87, 0.56, 12.56, 9.75, 94.75
0, 8685011, 1270, -53, -4.12, 0.56, 11.59, 9.20, 99.50
0, 8694141, 1594, -21, -0.19, 0.62, 11.79, 9.34, 98.07
0, 8703788, 1876, 7, 3.75, 0.94, 12.36, 9.34, 87.25
0, 8711741, 2173, 34, 6.94, 0.69, 12.36, 9.90, 71.83
0, 8717446, 2378, 56, 6.94, 0.69, 12.60, 9.83, 57.76
0, 8723210, 2514, 76, 10.13, 0.37, 12.60, 9.83, 41.52
0, 8730691, 2565, 85, 13.25, 0.13, 11.98, 9.45, 18.36
0, 8738685, 2537, 90, 13.25, -0.19, 11.21, 9.88, -7.54
0, 8747432, 2443, 96, 16.81, -0.37, 11.84, 9.47, -35.24
0, 8756414, 2210, 100, 18.69, -0.37, 11.60, 9.83, -60.71
0, 8763523, 1846, 110, 18.69, -0.50, 11.60, 9.83, -77.31
0, 8769225, 1494, 120, 18.69, -0.56, 11.71, 9.80, -87.69
0, 8775191, 1228, 109, 17.75, -0.56, 10.80, 9.80, -95.32
0, 8783425, 832, 73, 15.19, -0.62, 12.37, 9.61, -99.92
0, 8793060, 446, 38, 9.94, -0.69, 12.02, 10.58, -96.26
0, 8802636, 106, 8, 5.12, -0.44, 12.02, 9.92, -83.32
0, 8810461, -63, -9, 0.62, -0.13, 12.44, 9.90, -66.71
0, 8816418, -69, -12, 0.62, -0.13, 12.89, 9.90, -51.11
0, 8822122, -60, -13, -2.94, 0.19, 12.89, 9.75, -34.36
0, 8828813, -46, -16, -2.94, 0.44, 13.27, 9.75, -13.26
0, 8836478, -14, -22, -6.00, 0.44, 11.89, 9.77, 11.62
0, 8845433, 97, -26, -6.75, 0.44, 12.15, 10.00, 39.66
0, 8854400, 346, -29, -6.56, 0.50, 12.46, 10.00, 64.40
0, 8862236, 706, -33, -6.19, 0.56, 12.46, 9.72, 81.61
0, 8867942, 932, -44, -6.19, 0.56, 12.90, 9.52, 90.88
0, 8873858, 1108, -64, -4.87, 0.62, 12.90, 9.52, 97.18
0, 8881736, 1372, -43, -1.81, 0.62, 12.57, 11.29, 99.98
0, 8890544, 1670, -13, 2.37, 0.88, 11.90, 8.96, 95.38
0, 8899648, 1950, 13, 5.50, 0.88, 12.29, 9.71, 82.45
0, 8907477, 2242, 42, 5.50, 0.88, 11.52, 10.07, 65.53
0, 8914496, 2460, 68, 8.88, 0.56, 11.52, 10.07, 46.72
0, 8920196, 2545, 83, 11.88, 0.56, 12.00, 9.81, 29.62
0, 8925898, 2554, 85, 11.88, 0.25, 11.36, 9.81, 11.49
0, 8933802, 2514, 94, 15.38, -0.06, 11.37, 9.31, -14.16
0, 8943616, 2381, 97, 18.19, -0.31, 11.64, 9.00, -44.53
0, 8953434, 2040, 104, 18.75, -0.37, 11.87, 10.96, -70.40
0, 8961714, 1550, 117, 18.12, -0.50, 11.87, 9.49, -86.77
0, 8967667, 1290, 113, 18.12, -0.50, 10.79, 9.49, -94.71
0, 8973845, 995, 88, 16.37, -0.56, 10.79, 9.66, -99.21
0, 8980870, 660, 58, 12.19, -0.62, 11.71, 10.68, -99.47
0, 8990318, 310, 26, 7.00, -0.56, 11.70, 9.53, -91.69
0, 9000084, -11, -3, 2.44, -0.19, 12.59, 9.82, -74.63
0, 9008325, -75, -11, 2.44, -0.19, 11.90, 9.74, -54.32
0, 9014840, -62, -13, -1.69, 0.13, 11.90, 9.74, -35.43
0, 9020743, -49, -15, -5.06, 0.37, 13.35, 9.89, -16.93
0, 9026447, -28, -20, -5.06, 0.37, 12.00, 9.74, 1.55
0, 9034546, 42, -25, -6.75, 0.50, 12.02, 9.74, 27.55
0, 9044237, 238, -27, -6.62, 0.50, 12.36, 9.67, 56.01
0, 9054332, 647, -33, -6.37, 0.56, 12.56, 9.71, 79.74
0, 9062210, 949, -46, -5.44, 0.62, 12.56, 10.07, 92.44
0, 9068116, 1121, -64, -5.44, 0.62, 12.59, 10.07, 98.02
0, 9074225, 1324, -47, -3.12, 0.62, 12.59, 9.77, 100.00
0, 9081130, 1578, -23, 0.94, 0.75, 11.14, 8.91, 97.49
0, 9090773, 1858, 5, 4.19, 1.00, 12.27, 9.94, 85.87
0, 9100655, 2218, 39, 7.50, 0.69, 11.55, 9.54, 65.26
0, 9109540, 2485, 72, 10.63, 0.69, 12.42, 9.54, 40.95
0, 9115344, 2554, 84, 10.63, 0.44, 12.42, 9.96, 23.09
0, 9121222, 2546, 87, 13.88, 0.13, 11.37, 9.40, 4.17
0, 9126922, 2510, 94, 13.88, 0.13, 11.38, 9.40, -14.33
0, 9134930, 2394, 96, 17.25, -0.19, 11.72, 10.03, -39.35
0, 9144548, 2098, 102, 18.75, -0.31, 11.57, 8.89, -65.74
0, 9154656, 1538, 118, 18.44, -0.44, 11.00, 9.55, -86.56
0, 9162742, 1228, 109, 17.00, -0.50, 11.00, 9.49, -96.61
0, 9168650, 950, 84, 17.00, -0.50, 11.72, 9.49, -99.76
0, 9175160, 644, 57, 13.63, -0.62, 12.85, 9.38, -98.98
0, 9182856, 360, 31, 8.50, -0.62, 12.85, 9.95, -92.37
0, 9191848, 54, 3, 4.44, -0.37, 12.50, 9.71, -77.38
0, 9201393, -53, -8, 0.00, 0.00, 12.11, 9.93, -54.32
0, 9210514, -39, -11, -3.56, 0.00, 12.52, 9.76, -27.39
0, 9216447, -18, -15, -3.56, 0.25, 11.99, 9.76, -8.42
0, 9222156, 10, -21, -6.19, 0.44, 11.99, 9.61, 10.13
0, 9227858, 70, -23, -6.19, 0.44, 12.10, 9.93, 28.31
0, 9236026, 244, -25, -6.50, 0.50, 12.23, 9.93, 52.51
0, 9245388, 606, -30, -6.25, 0.56, 12.66, 9.66, 75.62
0, 9255162, 976, -44, -5.62, 0.62, 12.09, 9.75, 92.29
0, 9262993, 1201, -60, -3.69, 0.69, 12.09, 9.84, 99.02
0, 9268900, 1404, -41, -3.69, 0.69, 11.63, 9.84, 99.87
0, 9275283, 1625, -18, -0.06, 0.69, 11.99, 10.17, 96.65
0, 9282592, 1832, 3, 3.50, 0.62, 11.99, 9.09, 87.88
0, 9291957, 2166, 33, 6.50, 0.31, 11.52, 9.65, 69.51
0, 9301819, 2480, 70, 9.81, 0.00, 12.38, 9.72, 43.28
0, 9311170, 2571, 85, 12.81, 0.00, 12.15, 9.70, 14.28
0, 9317076, 2545, 89, 12.81, -0.31, 11.45, 9.70, -4.89
0, 9322993, 2494, 97, 16.31, -0.50, 11.45, 9.92, -23.91
0, 9328861, 2387, 98, 16.31, -0.50, 11.69, 9.26, -41.91
0, 9337882, 2068, 104, 18.62, -0.62, 11.53, 10.17, -66.39
0, 9347733, 1528, 120, 18.81, -0.75, 11.56, 9.81, -86.57
0, 9357789, 1150, 101, 17.75, -0.81, 12.57, 9.81, -98.07
0, 9364690, 828, 73, 14.94, -0.88, 12.57, 9.99, -99.96
0, 9370395, 578, 50, 10.06, -0.88, 12.11, 9.35, -97.73
0, 9376201, 376, 32, 10.06, -0.75, 11.49, 9.35, -92.02
0, 9383980, 114, 9, 6.00, -0.37, 12.31, 9.94, -79.28
0, 9393623, -36, -6, 1.62, -0.06, 12.31, 9.84, -56.59
0, 9402831, -22, -9, -2.19, 0.19, 12.31, 9.82, -29.73
0, 9411475, 1, -15, -5.25, 0.19, 13.39, 9.97, -2.06
0, 9417372, 33, -18, -5.25, 0.25, 12.04, 9.97, 17.05
0, 9423253, 113, -22, -6.31, 0.31, 12.04, 9.69, 35.48
0, 9429175, 255, -23, -6.19, 0.31, 12.27, 9.51, 52.73
0, 9438310, 631, -29, -6.19, 0.37, 12.63, 10.09, 75.31
0, 9447988, 996, -43, -5.87, 0.37, 13.05, 9.50, 91.98
0, 9457848, 1286, -52, -4.50, 0.44, 11.84, 9.50, 99.66
0, 9464847, 1533, -28, -1.19, 0.62, 11.84, 9.20, 98.94
0, 9470552, 1701, -10, 2.75, 0.62, 11.90, 9.20, 94.56
0, 9476545, 1876, 7, 2.75, 0.69, 12.31, 9.54, 86.47
0, 9484125, 2150, 32, 5.69, 0.44, 11.54, 9.79, 71.59
0, 9493495, 2460, 67, 8.94, 0.13, 11.54, 9.88, 47.32
0, 9502642, 2577, 85, 11.88, -0.19, 12.08, 9.46, 19.40
0, 9511574, 2552, 92, 15.31, -0.19, 11.48, 9.71, -9.53
0, 9517274, 2501, 96, 15.31, -0.44, 11.31, 9.71, -27.72
0, 9523207, 2368, 98, 18.19, -0.56, 11.31, 9.53, -45.65
0, 9528909, 2169, 102, 18.19, -0.56, 11.53, 9.73, -61.28
0, 9537991, 1645, 116, 19.00, -0.69, 11.63, 9.78, -81.64
0, 9547916, 1252, 110, 18.44, -0.75, 10.83, 9.49, -95.75
0, 9557828, 810, 71, 16.31, -0.81, 12.36, 9.49, -99.96
0, 9564826, 524, 46, 11.56, -0.81, 12.36, 10.63, -96.70
0, 9570551, 335, 29, 7.06, -0.81, 11.50, 10.63, -90.31
0, 9576681, 130, 10, 7.06, -0.50, 12.48, 9.67, -80.00
0, 9583769, -11, -4, 3.00, -0.19, 12.27, 9.93, -64.17
0, 9592875, -15, -7, -1.06, 0.13, 12.27, 9.69, -38.97
0, 9602425, 2, -10, -4.31, 0.25, 13.49, 9.73, -8.94
0, 9611454, 50, -19, -6.12, 0.25, 12.08, 9.73, 20.29
0, 9617286, 116, -21, -6.12, 0.31, 11.90, 9.72, 38.40
0, 9624041, 294, -22, -6.12, 0.31, 12.71, 10.03, 57.61
0, 9632663, 674, -27, -5.94, 0.37, 12.71, 9.76, 77.99
0, 9642190, 1034, -45, -5.19, 0.44, 12.99, 9.54, 93.37
0, 9651647, 1322, -48, -2.75, 0.50, 12.18, 11.25, 99.83
0, 9660621, 1626, -18, 1.50, 0.50, 12.13, 11.25, 97.28
0, 9666326, 1782, -2, 1.50, 0.75, 12.26, 8.94, 91.34
0, 9672035, 1968, 16, 4.75, 0.75, 12.26, 9.64, 82.25
0, 9677739, 2176, 35, 4.75, 0.56, 11.53, 9.64, 70.34
0, 9685702, 2433, 64, 7.94, 0.25, 12.49, 10.15, 49.77
0, 9695051, 2562, 84, 10.94, -0.06, 11.45, 9.81, 21.50
0, 9704348, 2543, 90, 14.19, -0.31, 11.46, 10.03, -8.57
0, 9712644, 2451, 96, 17.37, -0.31, 11.46, 9.10, -34.84
0, 9718351, 2319, 98, 17.37, -0.50, 11.78, 9.10, -51.55
0, 9724059, 2084, 102, 18.81, -0.62, 11.78, 10.55, -66.49
0, 9729768, 1734, 114, 18.81, -0.62, 11.73, 9.51, -79.14
0, 9738470, 1294, 113, 18.62, -0.69, 10.72, 9.51, -93.07
0, 9747842, 882, 77, 17.31, -0.75, 12.61, 9.13, -99.76
0, 9757731, 485, 42, 13.63, -0.81, 12.00, 10.23, -96.83
0, 9764495, 258, 22, 8.06, -0.56, 12.00, 9.98, -89.05
0, 9770195, 65, 4, 3.87, -0.56, 12.38, 9.98, -79.13
0, 9775898, -35, -6, 3.87, -0.25, 12.06, 9.89, -66.48
0, 9782784, -37, -9, -0.25, 0.06, 12.06, 9.80, -48.22
0, 9791463, -26, -11, -3.69, 0.06, 12.80, 9.93, -21.89
0, 9800967, 5, -19, -6.12, 0.25, 11.96, 9.69, 8.85
0, 9810861, 104, -22, -6.37, 0.31, 12.18, 9.69, 39.91
0, 9816568, 234, -24, -6.37, 0.37, 12.06, 9.62, 56.16
0, 9822264, 468, -28, -6.19, 0.37, 12.06, 9.62, 70.45
0, 9828114, 767, -30, -6.19, 0.37, 13.19, 9.60, 82.60
0, 9835272, 1031, -49, -5.75, 0.44, 12.49, 10.25, 93.38
0, 9844041, 1303, -50, -4.19, 0.50, 11.56, 10.72, 99.68
0, 9853596, 1629, -17, -0.25, 0.75, 11.77, 8.88, 97.35
0, 9862303, 1881, 8, 3.75, 0.75, 11.77, 8.88, 87.08
0, 9868219, 2098, 27, 3.75, 0.69, 11.51, 10.06, 76.07
0, 9873920, 2306, 49, 6.87, 0.69, 11.51, 9.52, 62.79
0, 9879953, 2475, 70, 10.06, 0.37, 12.63, 9.89, 46.40
0, 9888660, 2562, 84, 10.06, 0.06, 11.91, 9.89, 19.78
0, 9898120, 2534, 91, 13.13, -0.25, 11.53, 9.47, -10.85
0, 9907709, 2417, 95, 16.62, -0.44, 11.78, 10.01, -40.85
0, 9914479, 2234, 99, 18.69, -0.44, 11.78, 10.39, -59.81
0, 9920346, 1931, 105, 18.75, -0.56, 11.62, 10.39, -73.93
0, 9926056, 1551, 118, 18.75, -0.62, 11.62, 9.54, -85.10
0, 9932046, 1271, 112, 18.00, -0.62, 11.80, 9.38, -93.66
0, 9941552, 826, 72, 15.50, -0.69, 12.65, 9.71, -99.88
0, 9951337, 449, 39, 10.13, -0.81, 11.97, 10.19, -96.38
0, 9961580, 89, 6, 5.19, -0.62, 12.21, 10.19, -82.36
0, 9967290, -46, -7, 5.19, -0.31, 11.96, 9.63, -70.46
0, 9973240, -66, -10, 0.81, -0.31, 11.96, 9.78, -55.49
0, 9979193, -56, -12, 0.81, 0.00, 12.83, 9.78, -38.43
0, 9988170, -43, -14, -2.75, 0.25, 13.33, 9.94, -10.21
0, 9997732, 8, -23, -5.81, 0.31, 11.93, 9.70, 20.74
0, 10006385, 137, -25, -6.62, 0.37, 12.09, 9.93, 47.10
